81 0.5224205696289381 0.35980017511150986 0.03947687452948433 0.07744122513063581
33 0.578913338352166 0.3602035148257321 0.065341033703974 0.07663454570219203
81 0.6449350078238902 0.3602035148257321 0.06397976216847483 0.07663454570219187
81 0.7933136051933274 0.3517333808270682 0.03130924531648757 0.06453435427553118
70 0.8450419235423111 0.3573801368261777 0.06670230523947368 0.07582786627374784
81 0.914920529031283 0.35617011768351126 0.06760981959647284 0.07824790455908012
40 0.9759508695395093 0.3505233616844026 0.04719074656398149 0.07502118684530376
2 0.5237818411644376 0.4457115342408094 0.04219941760048318 0.0766345457021922
10 0.5789133383521662 0.44450151509814334 0.06352600498997496 0.07421450741685966
70 0.6458425221808898 0.4436948356696992 0.060349704740476115 0.07421450741685959
5 0.8459494378993107 0.4416781370985888 0.06307224781147511 0.07663454570219208
52 0.9149205290312833 0.43885475909903426 0.06670230523947382 0.07421450741685956
10 0.9764046267180087 0.43643472081370194 0.04719074656398133 0.07744122513063612
10 0.5174292406654398 0.5279928359421102 0.030401730959488074 0.07824790455908036
11 0.6347254713076441 0.5255727976567779 0.12160692383795207 0.07340782798841537
10 0.8452688021315609 0.5219427402287793 0.04356068913598264 0.07421450741685959
81 0.9137861360850337 0.5219427402287793 0.07623120598797001 0.06614771313241832
5 0.5809552456554149 0.6066440802154123 0.0603497047404761 0.07421450741686028
81 0.5242355983429371 0.691748759916267 0.04310693195748301 0.07502118684530455
45 0.5809412385688707 0.6889197087929159 0.06309154686701812 0.07498633588137296
70 0.5240087197536877 0.6082574390723005 0.04174566042198334 0.07098778970308303
45 0.9156011647990332 0.6042240419300802 0.06715606241797346 0.07582786627374766
5 0.9761777481287592 0.6062407405011905 0.04764450374248142 0.07986126341596837
81 0.916054921977533 0.6885220422024914 0.06624854806097374 0.0734078279884153
