81 0.5317225917881848 0.2706620982684342 0.05445086141997855 0.04114065085065036
37 0.589349753457662 0.26945207912576796 0.04900577527798063 0.038720612565317974
81 0.6440274934668904 0.27146877769687827 0.05036704681348013 0.03952729199376215
27 0.6987052334761188 0.27146877769687827 0.0444682034929825 0.03952729199376215
81 0.752248580539096 0.2674353805546575 0.05082080399197966 0.03307385656620886
24 0.8051112918343268 0.26985541883999004 0.046736989385481424 0.03791393313687383
81 0.8570664887725562 0.2706620982684342 0.04900577527798035 0.04114065085065036
80 0.9142398932635338 0.27146877769687827 0.051728318348979486 0.03952729199376215
81 0.9711864191652603 0.2674353805546575 0.053997104241479604 0.03146049770932087
78 0.5346720134484336 0.32551629940263477 0.053997104241478695 0.047594086278203385
10 0.5904841464039116 0.3295496965448554 0.04401444631448264 0.062114315990197684
68 0.6458425221808898 0.3303563759732995 0.0512745611704797 0.05243416284886816
73 0.6971170833513695 0.32833967740218917 0.04492196067148228 0.045174047992871065
5 0.8062456847805751 0.328339677402189 0.03630057427998559 0.05808091884797741
59 0.8572933673618057 0.3283396774021885 0.04582947502848247 0.054854201134200434
10 0.9128786217280341 0.32551629940263466 0.04265317477898336 0.062114315990197684
37 0.9710317283075147 0.32417217491112454 0.05263583270598495 0.06050095713330887
60 0.5376214351086824 0.46144178309546996 0.044468203492982424 0.05969427770486533
10 0.5364870421624329 0.39247069196349715 0.049459532456480486 0.06211431599019761
11 0.6485650652518886 0.39368071110616326 0.11480056616045467 0.05969427770486526
81 0.8557052172370568 0.3944873905346074 0.06080346191897576 0.04840076570664756
81 0.9705057833975116 0.3940840508203854 0.05898843320497647 0.058887598276421114
5 0.5920722965286609 0.4594250845243596 0.048098260920981135 0.05566088056264462
55 0.6469769151271385 0.45902174481013697 0.04900577527798091 0.05324084227731221
10 0.6946214188696205 0.4610384433812478 0.03267051685198709 0.057274239419532906
73 0.8048844132450768 0.46103844338124766 0.0444682034929826 0.05727423941953286
68 0.8568396101833065 0.46144178309546985 0.048552018099480704 0.05485420113420055
5 0.9097023214785355 0.46144178309546985 0.04356068913598279 0.058080918847977114
36 0.9695982690405118 0.462248462523914 0.05445086141997848 0.05162748342042398
81 0.5380751922871824 0.526379477085222 0.049005775277980564 0.05243416284886827
81 0.6474306723056382 0.5247661182283325 0.047190746563979695 0.04920744513509154
80 0.5932066894749106 0.5235560990856676 0.04492196067148228 0.05324084227731227
81 0.857094311477271 0.5195613667238894 0.04900648148440579 0.04194733027909529
78 0.9112904716032838 0.5279928359421093 0.05127456117047797 0.045980727421315114
81 0.9684638760942619 0.5239594387998893 0.054904618598477214 0.05727423941953288
37 0.5389827066441819 0.590913831360752 0.05082080399197984 0.05243416284886827
10 0.5929798108856607 0.589703812218086 0.045375717849982206 0.05646755999108876
10 0.9106098358355351 0.5925271902176403 0.048098260920981205 0.06050095713330954
60 0.9680101189157623 0.593333869646084 0.05036704681347928 0.0588875982764209
81 0.5373945565194326 0.6558515253505042 0.05308958988447898 0.05162748342042406
68 0.5932066894749101 0.6542381664936159 0.04855201809948033 0.04194733027909427
73 0.9112904716032847 0.6574648842073924 0.0512745611704797 0.04840076570664749
81 0.9695982690405118 0.6614982813496131 0.05445086141997848 0.05969427770486533
59 0.5380751922871824 0.7219992384829226 0.051728318348979556 0.053240842277312336
10 0.591164782171661 0.71957920019759 0.04174566042198365 0.05646755999108856
10 0.9117442287817848 0.718772520769146 0.04673698938548156 0.056467559991089045
80 0.9705057833975116 0.7219992384829226 0.04900577527798063 0.05485420113420048
