81 0.07717041800643087 0.05359056806002144 0.09967845659163987 0.10146480886030726
56 0.18368167202572347 0.06145051804215791 0.09405144694533762 0.12290103608431582
81 0.2909967845659164 0.0571632725973562 0.09807073954983919 0.1143265451947124
61 0.40353697749196143 0.0571632725973562 0.1045016077170418 0.1143265451947124
81 0.5213022508038581 0.052876027152554454 0.10691318327974267 0.10575205430510891
85 0.6483118971061095 0.05359056806002146 0.11816720257234734 0.10718113612004292
81 0.7869774919614144 0.04501607717041796 0.12700964630225067 0.09003215434083592
51 0.9308681672025725 0.04215791354055019 0.1382636655948552 0.08431582708110039
61 0.07912145623497374 0.18421394768858376 0.08118971061093244 0.12861608484514922
5 0.1864951768488746 0.19578420864594498 0.08360128617363344 0.120042872454448
85 0.29139871382636656 0.195069667738478 0.09083601286173631 0.12718828152911751
73 0.6487411852382503 0.199268762583589 0.11414790996784568 0.1258199520021053
13 0.7825388635391038 0.20035493146138972 0.12540192926045016 0.1314755269739192
5 0.9288585209003216 0.19292604501607716 0.13102893890675232 0.14862450875312608
81 0.07165757187926801 0.3189012752054097 0.1221851241523127 0.09860664523043955
10 0.2918006430868167 0.34583779921400515 0.07234726688102897 0.14005001786352292
11 0.6744372990353696 0.36298678099321185 0.2347266881028939 0.13433369060378705
10 0.9228295819935686 0.3679885673454804 0.09967845659163978 0.1614862450875314
85 0.06738286813331096 0.46609419055605755 0.08766021819328314 0.11432654519471236
73 0.18292705006966187 0.4747795054273518 0.09973572215080746 0.11718470882458018
13 0.2925452723680601 0.4863843905474847 0.09967845659163982 0.12290103608431589
56 0.7770286122699346 0.5197367539636708 0.11655948553054653 0.1500535905680604
73 0.9222159513010553 0.5292315486668746 0.13751823372555327 0.14005001786352275
81 0.06902935455176974 0.6097584629348265 0.08757650609645856 0.12433011789924986
56 0.17201108315035554 0.6197052560713683 0.09083601286173631 0.13290460878885324
81 0.7812350891195802 0.6797064423169717 0.10530546623794161 0.118613790639514
51 0.9182760188979614 0.6949315823732874 0.1414790996784566 0.1486245087531261
61 0.07384835814236605 0.7442341276732444 0.07877813504823149 0.11718470882458033
10 0.17039878841154987 0.7653064369401379 0.07797427652733119 0.1343336906037871
13 0.7940950268208076 0.8603557720287519 0.07103553868689165 0.14433726330832433
10 0.9114844932466656 0.8665400354441652 0.12379421221864942 0.16434440871739928
81 0.07055491321018356 0.8835921082027772 0.09646302250803851 0.1043229724901751
51 0.16197749196141475 0.9110396570203645 0.07154340836012862 0.1014648088603073
