81 0.17805466237942125 0.28224365844944627 0.1519292604501608 0.13290460878885318
73 0.0594855305466238 0.1186137906395141 0.11575562700964631 0.1457663451232583
61 0.17966237942122182 0.11647016791711326 0.11334405144694541 0.1414790996784566
5 0.30265273311897106 0.11146838156484455 0.11655948553054665 0.1400500178635226
85 0.4248874541423192 0.098390836977595 0.11414790996784518 0.14245027516214706
10 0.558681672025723 0.08503036798856733 0.12700964630225076 0.15862808145766344
51 0.7021704180064309 0.07859949982136477 0.1454983922829583 0.14005001786352267
73 0.8621382636655945 0.06716684530189351 0.1599678456591639 0.13433369060378703
13 0.9750803858520896 0.06216505894962488 0.049839228295819854 0.12433011789924976
10 0.06712218649517684 0.4444444444444444 0.09405144694533762 0.1486245087531261
11 0.779136828890764 0.26942758163424474 0.43488745980707366 0.17598171046325145
85 0.18368167202572339 0.4415862808145766 0.11012861736334396 0.1400500178635226
73 0.3034565916398714 0.4415862808145766 0.114951768488746 0.13433369060378708
71 0.7017684887459806 0.4415862808145766 0.14147909967845657 0.15719899964272963
10 0.8581189710610931 0.43944265809217575 0.1519292604501608 0.17006073597713467
56 0.9742765273311897 0.43801357627724186 0.051446945337620634 0.18435155412647383
71 0.07556270096463022 0.600928903179707 0.1045016077170418 0.14433726330832441
81 0.18569131832797425 0.6023579849946408 0.09967845659163982 0.14719542693819224
56 0.28778135048231496 0.5809217577706326 0.09003215434083628 0.1014648088603071
81 0.7081993569131834 0.6266523758485174 0.12700964630225073 0.16720257234726688
85 0.8645498392282959 0.630939621293319 0.1519292604501608 0.1729188996070026
10 0.07918006430868167 0.7566988210075027 0.10530546623794212 0.13004644515898547
61 0.18810289389067525 0.75741336191497 0.0916398713826367 0.11718470882458025
10 0.8664460049438755 0.8181538963604825 0.1495176848874598 0.1814933904966064
13 0.9738745980707395 0.8367274026438014 0.05225080385852081 0.1757770632368704
5 0.877813504823151 0.9673097534833872 0.11254019292604496 0.06538049303322609
5 0.07717041800643087 0.9210432297249018 0.10610932475884245 0.1471954269381922
