73 0.5459251914752287 0.29373312992193606 0.05581213295547695 0.0758278662737483
61 0.6058211390372056 0.29857320649260094 0.053997104241478765 0.07098778970308306
5 0.6648095722421822 0.29252311077926996 0.05399710424147855 0.06695439256086243
10 0.7966260325963789 0.28768303420860486 0.05989594756197423 0.07179446913152793
51 0.8646896093713533 0.2872796944943832 0.0698786054889726 0.0677610719893066
73 0.9422175648928258 0.28141387582300664 0.07680236466877753 0.06372767484708593
81 0.5137084318017419 0.37399773305212664 0.02132658738949168 0.06534103370397418
81 0.6087705606974544 0.38045116847967975 0.0689710911319728 0.057274239419532975
11 0.8821890328012054 0.37481976776094017 0.1810491142214284 0.0782479045590801
10 0.5500090060817275 0.45627903475342746 0.04582947502848192 0.0717944691315273
85 0.6049136246802058 0.4607157716098698 0.05308958988447888 0.07260114855997093
73 0.6616332719926835 0.46111911132409233 0.04855201809948077 0.07502118684530373
5 0.7970797897748801 0.4627324701809805 0.0526358327059792 0.07824790455908015
71 0.8635552164251037 0.46555584818053497 0.06851733395347281 0.0790545839875243
10 0.9375176365205745 0.4643458290378688 0.0639797621684744 0.08631469884352143
71 0.5531853063312263 0.5373503173120622 0.05308958988447905 0.06292099541864182
81 0.6065017748049553 0.5353336187409518 0.04809826092098099 0.0605009571333094
81 0.8644627307821032 0.5538872455951668 0.0657947908824741 0.08147462227285672
85 0.9370638793420747 0.5603406810227197 0.062164733454475395 0.08631469884352136
56 0.5128009174447422 0.6095481261578115 0.019511558675492254 0.06534103370397425
10 0.5547552090327226 0.610605065637662 0.05172831834897944 0.07260114855997137
10 0.9386864175644609 0.6514462467867409 0.06316687867032501 0.09411045593242749
81 0.513481553212492 0.6849726527173368 0.021780344567991387 0.06776107198930657
5 0.5535290974742326 0.6878083793064813 0.04900577527798049 0.0621143159901977
5 0.9391057866453224 0.7301467007102079 0.06624854806097374 0.04033397142220536
85 0.7276549414644075 0.27921290020994194 0.05898843320497676 0.048400765706647524
81 0.5128009174447421 0.531703561312953 0.019511558675492705 0.07098778970308357
