81 0.5326301061451845 0.2712487742163933 0.056265890133977835 0.0379139331368739
37 0.5900303892254118 0.2712487742163933 0.052182075527479416 0.03952729199376218
81 0.6440274934668904 0.27245879335905954 0.05036704681348013 0.04194733027909457
81 0.7495260374680988 0.2700387550737272 0.049913289634980346 0.04033397142220625
24 0.8042037774773272 0.27205545364483746 0.05036704681347999 0.04114065085065043
81 0.858200881718806 0.2712487742163933 0.05036704681348013 0.03952729199376218
80 0.9142398932635336 0.26923207564528306 0.05354334706297905 0.035493894851541585
81 0.9727745692900094 0.26681203735995024 0.054450861419980304 0.030653818280876752
78 0.5335376205021841 0.32569963563637183 0.053543347062978766 0.05969427770486533
10 0.5904841464039112 0.32690965477903766 0.04945953245647998 0.0556608805626446
68 0.6456156435916398 0.33094305192125867 0.04991328963498006 0.057274239419532906
5 0.8037500202988274 0.32973303277859245 0.049459532456480416 0.06130763656175357
59 0.8575202459510561 0.32892635335014836 0.051728318348979625 0.05808091884797708
10 0.9128786217280332 0.32690965477903755 0.05172831834897895 0.06372767484708576
37 0.9710318107254247 0.3256403970448993 0.05626589013397772 0.060500957133309316
10 0.5348988920376836 0.391040669340346 0.05535837577697812 0.06292099541864175
11 0.6208858773633996 0.39628408562523293 0.08303756366546715 0.05888759827642126
10 0.8032962631203275 0.39628408562523293 0.038569360172484864 0.05888759827642126
81 0.8572933673618054 0.39628408562523254 0.05853467602647602 0.054047521705756066
81 0.966875725969513 0.39104066934034604 0.06534103370397418 0.05485420113420048
60 0.5369407993409329 0.4588017413296527 0.05218207552747934 0.05646755999108869
5 0.5927529322964107 0.45960842075809666 0.05036704681348013 0.05485420113420055
55 0.6458425221808898 0.46041510018654086 0.0512745611704797 0.05485420113420062
73 0.8032962631203269 0.46041510018654014 0.051274561170480765 0.056467559991088684
68 0.8566127315940555 0.4600117604723185 0.04991328963498001 0.05727423941953272
5 0.9112904716032841 0.46041510018654064 0.05127456117047966 0.05969427770486507
36 0.9684638760942615 0.45960842075809666 0.05581213295547794 0.05969427770486531
81 0.5373945565194326 0.5245461147478488 0.053997104241478626 0.058887598276421184
80 0.5929798108856601 0.5241427750336264 0.050820803991979926 0.058080918847976504
81 0.6467500365378893 0.5152693013207414 0.049459532456480416 0.035493894851541655
81 0.8566127315940564 0.5265628133189592 0.04991328963498006 0.05969427770486526
78 0.9112904716032848 0.525352794176293 0.052182075527479416 0.057274239419532906
81 0.9684638760942623 0.5273694927474033 0.05671964731247755 0.05969427770486533
37 0.5378483136979318 0.5894838087375999 0.05308958988447868 0.05808091884797644
10 0.5886691176899123 0.589080469023379 0.042199417600483284 0.06050095713330947
80 0.8563858530048065 0.589483808737601 0.04582947502848185 0.058080918847976976
10 0.9097023214785355 0.5915005073087113 0.05082080399198006 0.058887598276421114
60 0.9682369975050119 0.5927105264513767 0.055358375776977574 0.05808091884797713
81 0.5373945565194326 0.6576482204411296 0.05308958988447898 0.05727423941953283
68 0.5845853030834139 0.6548248424415752 0.034031788387486585 0.058080918847977045
81 0.8656878751640528 0.6540181630131311 0.030855488137987806 0.05485420113420048
73 0.9114936642197943 0.6544059183803068 0.052182075527479194 0.06052690064977198
81 0.9686907546835123 0.6600682587264619 0.05717340449097748 0.0637276748470859
59 0.5364870421624329 0.7213758952882157 0.05218207552747934 0.054047521705756336
10 0.9112114584284341 0.7190307177834458 0.0530895898844789 0.05804160221151083
10 0.5811821242446652 0.7189558570028831 0.029040459423988453 0.058887598276421184
80 0.9698251476297618 0.7225859144308816 0.057627161669477116 0.05324084227731248
