81 0.07315112540192925 0.047874240800285815 0.11575562700964628 0.09574848160057163
37 0.18609324758842444 0.05001786352268667 0.10530546623794214 0.09717756341550553
81 0.295016077170418 0.052161486245087534 0.10128617363344049 0.10432297249017507
27 0.4003215434083602 0.05287602715255448 0.10289389067524113 0.10575205430510896
81 0.5060289389067524 0.045730618077884956 0.09887459807073952 0.0857449088960343
24 0.6145498392282959 0.05287602715255448 0.10209003215434087 0.10575205430510896
81 0.7234726688102893 0.04715969989281886 0.10450160771704177 0.09431939978563772
80 0.8360128617363344 0.04501607717041801 0.10932475884244383 0.09003215434083602
81 0.9481511254019293 0.04215791354055019 0.10369774919614144 0.08431582708110039
78 0.07636655948553055 0.17006073597713467 0.10932475884244372 0.12290103608431582
10 0.07717041800643087 0.30153626295105396 0.1045016077170418 0.12004287245444804
11 0.2958199356913183 0.3051089674883887 0.23794212218649516 0.1186137906395141
10 0.1872990353697749 0.1729188996070025 0.09485530546623798 0.12575919971418364
68 0.29622186495176833 0.17506252232940334 0.1004823151125401 0.11861379063951409
73 0.3987138263665595 0.17649160414433734 0.0916398713826365 0.11289746337977859
5 0.6213826366559485 0.17006073597713459 0.07877813504823146 0.10861021793497674
59 0.7230707395498392 0.17006073597713464 0.10209003215434068 0.12004287245444792
10 0.8360128617363347 0.16291532690246513 0.10128617363344046 0.12861736334405138
37 0.9469453376205788 0.16148624508753126 0.10610932475884255 0.12861736334405144
10 0.617363344051447 0.30439442658092175 0.051446945337620634 0.120042872454448
81 0.7218649517684887 0.30296534476598785 0.11414790996784575 0.10861021793497681
81 0.942122186495177 0.2965344765987853 0.11575562700964624 0.11003929974991071
60 0.07837620578778134 0.435155412647374 0.10369774919614148 0.12147195426938193
5 0.18930868167202572 0.4344408717399071 0.10048231511254019 0.11432654519471236
55 0.29823151125401925 0.42086459449803504 0.09967845659163992 0.08431582708110039
68 0.7198553054662379 0.4344408717399071 0.10369774919614144 0.11718470882458021
73 0.6233922829581994 0.434440871739907 0.08279742765273337 0.12004287245444802
5 0.8307877813504823 0.43586995355484104 0.10530546623794222 0.12575919971418364
36 0.9441318327974266 0.43372633083244017 0.11173633440514479 0.12718828152911751
81 0.079983922829582 0.5637727759914254 0.10691318327974277 0.12147195426938208
80 0.1804662379421222 0.5630582350839586 0.0811897106109325 0.11146838156484455
55 0.612540192926045 0.5673454805287603 0.09807073954983928 0.1229010360843158
81 0.7202572347266881 0.5652018578063592 0.1028938906752412 0.118613790639514
78 0.8307877813504823 0.5644873168988924 0.10691318327974286 0.120042872454448
81 0.9441318327974275 0.5673454805287603 0.11173633440514479 0.12575919971418373
37 0.07958199356913184 0.6966773847802785 0.10932475884244373 0.11861379063951404
10 0.6149517684887459 0.6959628438728113 0.0707395498392283 0.11718470882457947
80 0.7218649517684886 0.6866738120757414 0.10450160771704177 0.10718113612004287
10 0.8283762057877808 0.6973919256877452 0.08762057877813487 0.11718470882457986
81 0.07837620578778136 0.8281529117541979 0.10852090032154342 0.11861379063951417
59 0.07797427652733119 0.952304394426581 0.10610932475884244 0.09539121114683809
