61 0.5575867509626746 0.29203910312220344 0.056265890133977765 0.07179446913152714
5 0.6188439700601501 0.2936524619790914 0.055358375776977706 0.07179446913152705
85 0.6816893392823755 0.29123242369375935 0.05671964731247769 0.06695439256086239
10 0.7479378873433477 0.2855856676946502 0.0621647334544754 0.06695439256086289
51 0.8178164928323218 0.29042574426531526 0.06670230523947353 0.06856775141775064
73 0.8922326701062925 0.2843756485519843 0.07396242009547109 0.0677610719893066
13 0.9677832403265125 0.28276228969509604 0.06443351934697475 0.06292099541864182
81 0.5581704253259544 0.37026191224827754 0.0721473913814714 0.06130763656175346
10 0.5126647902911918 0.45377832852525024 0.019965315853992083 0.07260114855997184
85 0.5546373293024258 0.45902174481013747 0.05308958988447912 0.07502118684530366
73 0.6195246058279001 0.46063510366702576 0.060349704740476115 0.07663454570219187
13 0.6823699750501254 0.4626518022381362 0.05717340449097733 0.0709877897030831
71 0.820085278724821 0.4618451228096919 0.0594421903834764 0.0790545839875243
10 0.8910982771600428 0.46708853909457887 0.07260114855997131 0.08470133998663322
11 0.894504437625032 0.37767390612319673 0.1910317721484234 0.0847013399866325
56 0.9675563617372624 0.4682985582372449 0.0648872765254737 0.08712137827196581
71 0.5144311527988442 0.536108489142134 0.02674233840567066 0.06447858970289526
81 0.5575777811159108 0.5391294124014188 0.05085972295398941 0.07258305873598231
56 0.6158945483999014 0.5445297642252147 0.05581213295547777 0.07340782798841544
85 0.8930219830004925 0.5573539404612841 0.06897109113197157 0.0847013399866336
81 0.9659680928144582 0.5647581258735761 0.06806245690533015 0.09106389798063326
10 0.5151604547729406 0.6159208936425189 0.025864159174490843 0.0742145074168611
61 0.5596286582659238 0.6199542907847405 0.0512745611704797 0.06937443084619488
10 0.6111300980256534 0.6243910276411833 0.042653174778983075 0.07018111027463896
10 0.8938208202310417 0.6550448459220601 0.05535837577697819 0.08631469884352136
13 0.9671544324768128 0.6602882622069468 0.06569113504637443 0.08712137827196549
81 0.5618974441584229 0.6982021953438209 0.05490461859847826 0.07260114855997117
10 0.6796623794212218 0.38085030367988565 0.04581993569131825 0.08145766345123255
