81 0.07154340836012862 0.04858878170775277 0.1109324758842444 0.09717756341550554
37 0.18488745980707397 0.04858878170775277 0.10610932475884248 0.09717756341550554
81 0.2934083601286174 0.05073240443015362 0.10289389067524113 0.09860664523043944
27 0.40152733118971057 0.05287602715255448 0.09887459807073956 0.10575205430510896
81 0.5064308681672024 0.04787424080028581 0.10289389067524114 0.09574848160057162
24 0.6137459807073955 0.05144694533762058 0.10369774919614151 0.10289389067524116
81 0.7230707395498389 0.04930332261521969 0.10691318327974267 0.09574848160057157
80 0.8352090032154342 0.04430153626295105 0.10932475884244369 0.0886030725259021
81 0.947347266881029 0.043586995355484104 0.10530546623794208 0.08717399071096821
78 0.07435691318327975 0.16648803143979993 0.11012861736334406 0.12718828152911754
10 0.1877009646302251 0.17077527688460165 0.10369774919614146 0.1186137906395141
68 0.2934083601286174 0.17077527688460165 0.10128617363344052 0.11575562700964631
73 0.39710610932475887 0.1686316541622008 0.09324758842443735 0.10003572704537335
5 0.6197749196141479 0.17291889960700252 0.08842443729903536 0.12290103608431582
59 0.7218649517684887 0.16934619506966775 0.10289389067524127 0.11575562700964628
10 0.8344051446945335 0.1622007859949982 0.1045016077170418 0.12718828152911751
37 0.947749196141479 0.1607717041800643 0.10450160771704177 0.11861379063951412
10 0.07797427652733119 0.30439442658092175 0.1012861736334405 0.1257591997141837
11 0.2970257234726688 0.3079671311182565 0.24356913183279744 0.13004644515898534
10 0.6153536977491961 0.30296534476598785 0.05385852090032145 0.11432654519471243
81 0.7230707395498392 0.30367988567345483 0.11334405144694529 0.10432297249017503
81 0.9405144694533761 0.2993926402286531 0.11897106109324768 0.11289746337977846
60 0.07918006430868163 0.43658449446230785 0.10369774919614143 0.11289746337977849
5 0.18810289389067525 0.4344408717399071 0.09807073954983922 0.11146838156484457
68 0.7286977491961415 0.43301178992497324 0.07797427652733134 0.10861021793497677
5 0.8287781350482314 0.43515541264737395 0.10450160771704159 0.12147195426938177
36 0.9441318327974275 0.43658449446230807 0.11173633440514479 0.1186137906395141
81 0.07877813504823152 0.5623436941764917 0.1045016077170418 0.1157556270096464
78 0.8303858520900317 0.5459092533047518 0.10450160771704173 0.08574490889603452
81 0.9433279742765274 0.5652018578063595 0.11334405144694543 0.11861379063951404
81 0.07717041800643086 0.8360128617363344 0.10450160771704178 0.10575205430510906
59 0.07636655948553055 0.9530189353340478 0.10289389067524116 0.09396212933190426
10 0.18448553054662375 0.951589853519114 0.09405144694533764 0.09682029296177205
81 0.9457395498392284 0.8374419435512683 0.10852090032154336 0.1229010360843158
60 0.944935691318328 0.7031082529474812 0.110128617363344 0.120042872454448
10 0.8412379421221865 0.6909610575205432 0.07636655948553042 0.11003929974991067
80 0.9469453376205788 0.9558770989639157 0.10610932475884255 0.08824580207216855
