81 0.5328569847344343 0.2706620982684342 0.05490461859847819 0.037913933136873974
37 0.5898035106361613 0.27227545712532225 0.05354334706297872 0.039527291993761905
81 0.6447081292346389 0.26703204084043536 0.05172831834897985 0.03226717713776469
27 0.6980245977083692 0.2706620982684342 0.04764450374248114 0.037913933136873974
81 0.7502066732358484 0.26783872026887967 0.05036704681347999 0.0338805359946533
24 0.8030693845310776 0.27146877769687827 0.047190746563981346 0.03952729199376215
81 0.8572933673618062 0.27146877769687827 0.050367046813479845 0.03952729199376215
80 0.9142398932635339 0.2706620982684342 0.05082080399198006 0.037913933136873974
81 0.9720939335222607 0.2662253614119915 0.05399710424147841 0.030653818280876842
78 0.5353526492161833 0.3279363376879671 0.05445086141997848 0.05243416284886816
10 0.5875347247436628 0.3299530362590774 0.0417456604219835 0.058080918847977045
36 0.7506604304143484 0.33116305540174357 0.04855201809948085 0.055660880562644656
5 0.8028425059418276 0.32874301711641124 0.03947687452948443 0.05243416284886823
59 0.8561589744155566 0.32954969654485533 0.04265317477898321 0.05566088056264459
10 0.9126517431387845 0.32712965825952295 0.04764450374248114 0.060500957133309365
37 0.9705057833975116 0.32551629940263477 0.05354334706297905 0.055660880562644656
10 0.5339913776806815 0.39448739053460646 0.05082080399197972 0.06453435427553146
10 0.8039768988880772 0.3956974096772736 0.03539305992298594 0.06050095713330933
81 0.8563858530048065 0.3956974096772736 0.05671964731247755 0.05082080399197991
81 0.9686907546835122 0.3908573331066089 0.06171097627597575 0.058887598276421184
60 0.5383020708764321 0.45982842423858167 0.04673698938548163 0.05162748342042406
5 0.5907110249931615 0.45982842423858167 0.03539305992298608 0.053240842277312336
78 0.7499797946465986 0.46265180223813607 0.047190746563981346 0.04275400970753864
73 0.8035231417095774 0.4610384433812477 0.04900577527798077 0.049207445135091704
68 0.8572933673618038 0.45982842423858145 0.04945953245648031 0.05162748342042358
5 0.9078872927645361 0.45821506538169343 0.0417456604219835 0.05324084227731227
36 0.9684638760942624 0.46063510366702576 0.05490461859847826 0.05324084227731227
81 0.5376214351086824 0.525976137371 0.051728318348979625 0.058080918847977045
80 0.592299175117911 0.5235560990856676 0.04673698938548156 0.056467559991088837
55 0.8032962631203275 0.5183126828007808 0.047644503742481276 0.04436736856442686
81 0.8568396101833065 0.5231527593714455 0.048552018099480704 0.04598072742131521
78 0.9106098358355332 0.5251694579425545 0.051728318348980944 0.05808091884797741
81 0.9686907546835123 0.5267828167994442 0.05717340449097748 0.05969427770486533
37 0.5376214351086825 0.5901071519323079 0.05445086141997848 0.06050095713330933
80 0.8561589744155566 0.5905104916465301 0.0499132896349802 0.058080918847977045
10 0.9106098358355351 0.5893004725038639 0.05263583270597905 0.05566088056264462
60 0.9677832403265128 0.5929305299318623 0.05626589013397762 0.058080918847977114
81 0.5369407993409328 0.6562548650647263 0.05308958988447898 0.05404752170575648
81 0.8561589744155566 0.6526248076367277 0.048098260920980775 0.05485420113420055
73 0.9108367144247851 0.6566582047789484 0.05218207552747927 0.058080918847977045
81 0.969294568879171 0.6590053621378011 0.05626589013397772 0.06130763656175346
59 0.5348988920376836 0.7228059179113666 0.04628323220698185 0.05485420113420062
24 0.8609234247898035 0.7187725207691438 0.039476874529482196 0.05324084227731188
10 0.9117442287817846 0.7183691810549239 0.052182075527479416 0.0540475217057562
80 0.9695982690405117 0.7228059179113666 0.056265890133977765 0.053240842277312336
