16 0.059441785983021814 0.09205031044388554 0.10691318327974274 0.12718828152911751
32 0.17845659163987138 0.10718113612004287 0.10289389067524118 0.12004287245444804
10 0.2938102893890675 0.11146838156484459 0.09083601286173631 0.12861736334405144
44 0.6274115755627007 0.11861379063951409 0.0972668810289388 0.11146838156484457
5 0.7383440514469453 0.11504108610217934 0.0940514469453376 0.11575562700964628
81 0.8545016077170416 0.11504108610217938 0.10128617363344049 0.11861379063951412
86 0.06069131832797429 0.23508395855662734 0.114951768488746 0.1243301178992497
5 0.17604501607717038 0.23937120400142906 0.10289389067524123 0.12433011789924976
81 0.2934083601286174 0.23436941764916042 0.10289389067524113 0.09146123615576993
73 0.6262057877813499 0.24937477670596636 0.10289389067524106 0.11861379063951427
81 0.7391479099678456 0.2500893176134333 0.10209003215434093 0.11718470882458008
10 0.8504823151125401 0.2522329403358342 0.10128617363344063 0.12433011789924972
10 0.7367363344051446 0.3851375491246874 0.07315112540192928 0.13004644515898534
10 0.18207395498392284 0.37370489460521616 0.07315112540192929 0.12718828152911754
81 0.06471061093247588 0.5080385852090032 0.10691318327974277 0.11575562700964631
16 0.18086816720257237 0.5073240443015362 0.10289389067524114 0.10861021793497677
44 0.2942122186495177 0.5073240443015362 0.09967845659163985 0.10861021793497677
10 0.6225884244372992 0.510896748838871 0.09405144694533762 0.11289746337977856
86 0.7343247588424436 0.5158985351911397 0.1020900321543408 0.11146838156484457
44 0.8456591639871383 0.5166130760986066 0.10450160771704177 0.11003929974991067
44 0.7331189710610931 0.6423722758127903 0.09967845659163985 0.11861379063951404
81 0.8456591639871385 0.647374062165059 0.1028938906752413 0.11432654519471244
81 0.732717041800643 0.7752768846016436 0.10369774919614132 0.11289746337977867
10 0.8436495176848874 0.7788495891389783 0.10209003215434094 0.1229010360843158
32 0.06390675241157556 0.6423722758127903 0.10691318327974278 0.1157556270096464
44 0.182475884244373 0.633797784923187 0.10610932475884242 0.10718113612004287
10 0.7318551665730452 0.9012215965143414 0.10209003215434082 0.12004287245444806
86 0.8436495176848874 0.9103251161128973 0.10691318327974299 0.12004287245444806
10 0.06229903536977492 0.9103251161128975 0.08762057877813505 0.1257591997141836
5 0.17644694533762056 0.7645587709896392 0.07797427652733123 0.09717756341550554
44 0.06591639871382637 0.7631296891747053 0.10932475884244373 0.09431939978563776
