16 0.058681672025723476 0.09503394069310465 0.10771704180064309 0.11575562700964624
32 0.17725080385852088 0.10360843158270808 0.10530546623794201 0.12433011789924961
10 0.2946141479099678 0.10718113612004287 0.10048231511254016 0.120042872454448
44 0.6286173633440514 0.11432654519471244 0.10128617363344054 0.12004287245444811
5 0.7395498392282956 0.11361200428724544 0.09967845659163985 0.12433011789924973
81 0.8557073954983924 0.11361200428724541 0.10852090032154325 0.12433011789924965
86 0.06109324758842444 0.22865309038942477 0.11736334405144695 0.12290103608431585
5 0.1840443074531847 0.2352050682638383 0.10771704180064315 0.1257591997141837
81 0.29260450160771706 0.24151482672382996 0.09967845659163994 0.11718470882458025
73 0.6262057877813504 0.2515183994283673 0.1028938906752412 0.11146838156484457
81 0.7387459807073955 0.2522329403358342 0.10128617363344049 0.11003929974991067
10 0.8524919614147914 0.24723115398356557 0.10530546623794212 0.12290103608431587
81 0.06430868167202572 0.5030367988567346 0.11254019292604502 0.12004287245444807
10 0.18127009646302253 0.37227581279028227 0.07475884244372992 0.13290460878885318
16 0.182475884244373 0.5080385852090034 0.10610932475884242 0.11575562700964637
44 0.2958199356913183 0.5080385852090032 0.09967845659163985 0.11289746337977846
10 0.6334405144694535 0.5094676670239372 0.0771704180064308 0.11289746337977853
10 0.7371382636655949 0.37942122186495175 0.06430868167202561 0.12433011789924976
32 0.06511254019292605 0.6366559485530545 0.10932475884244373 0.1157556270096463
44 0.18167202572347263 0.6380850303679886 0.1061093247588425 0.11289746337977852
44 0.7331189710610932 0.6402286530903895 0.10289389067524127 0.11432654519471243
81 0.844453376205788 0.6459449803501252 0.10369774919614157 0.12004287245444802
44 0.8480087513467812 0.5145504974125439 0.10610913279835602 0.11861379063951412
86 0.7347371986353547 0.5119752195743186 0.10369758426825439 0.11718402467927133
81 0.7315112540192925 0.7759914255091104 0.10289389067524113 0.11718470882458021
10 0.8440514469453376 0.7788495891389783 0.10450160771704177 0.11718470882458021
10 0.7435691318327975 0.9060378706680957 0.08199356913183294 0.120042872454448
86 0.8448146247822267 0.9053862977781394 0.10610932475884258 0.12004287245444806
44 0.06310289389067524 0.7602715255448375 0.1117363344051447 0.09146123615576983
5 0.1752411575562701 0.7588424437299034 0.09003215434083596 0.09717756341550532
10 0.06350482315112542 0.9053233297606288 0.10128617363344054 0.1186137906395144
