81 0.09163987138263666 0.0693104680242944 0.09807073954983923 0.11003929974991068
56 0.19573954983922828 0.07288317256162916 0.09405144694533758 0.12575919971418364
81 0.30162890641135925 0.06837396429628483 0.1020900321543409 0.10717062621286313
61 0.09204180064308681 0.2165058949624866 0.08118971061093248 0.12433011789924976
5 0.1997588424437299 0.21864951768488747 0.0892282958199357 0.12575919971418364
85 0.30787781350482296 0.21722043586995352 0.09324758842443708 0.11718470882458004
61 0.4159967845659165 0.060735977134690984 0.10530546623794218 0.12147195426938197
81 0.5365755627009646 0.060021436227224 0.11816720257234721 0.11146838156484458
85 0.6607717041800644 0.056448731689889245 0.1109324758842444 0.11289746337977849
81 0.7986334405144695 0.05144694533762058 0.12942122186495184 0.10289389067524116
51 0.9385048231511255 0.04930332261521972 0.12299035369774927 0.09860664523043944
73 0.6631832797427653 0.21364773133261877 0.11736334405144704 0.12147195426938193
13 0.7958199356913187 0.20721686316541615 0.1286173633440517 0.131475526973919
5 0.9368971061093248 0.19435512683101108 0.12138263665594849 0.15148267238299395
81 0.08641479099678456 0.3565559128260093 0.12459807073954982 0.09289031797070381
10 0.3034565916398714 0.36298678099321185 0.0715434083601286 0.14290818149339046
11 0.6905144694533761 0.3708467309753483 0.20739549839228288 0.14147909967845657
10 0.9385048231511255 0.3715612718828153 0.1020900321543408 0.16005716327259734
85 0.08644549893897231 0.49312384644387963 0.09258248337160961 0.12419965589038749
73 0.19684695888411632 0.4962584403412311 0.10211769874534378 0.10707821335237283
13 0.3090054781970468 0.5030187327333959 0.10209003215434084 0.10861021793497676
56 0.7886553544212151 0.5304576927663515 0.1245980707395499 0.14719542693819235
73 0.9356913183279743 0.54162200785995 0.12861736334405152 0.14005001786352267
71 0.017684887459807074 0.630939621293319 0.03536977491961415 0.11575562700964624
81 0.08896303613256983 0.6305191429538578 0.09083505816006815 0.11166368913203142
56 0.19095918360676617 0.6390081245076756 0.09565916398713814 0.12575919971418373
81 0.8137295453352726 0.6957175098043131 0.07877813504823153 0.11289746337977848
51 0.9316720257234726 0.7123972847445517 0.1366559485530545 0.1357627724187209
61 0.08964303248803525 0.772072508432229 0.08203439470530917 0.12004287245444804
10 0.18610163779297156 0.7897060872656367 0.06836674011740436 0.13004644515898553
10 0.9327889798341219 0.8787575050520101 0.11655948553054658 0.16434440871739917
81 0.09193089282300207 0.9144713603431154 0.09163987138263663 0.11718470882458026
51 0.18754777685920512 0.9258153240446079 0.07717041800643087 0.10432297249017514
