10 0.03215434083601285 0.11718470882458025 0.0643086816720257 0.17434798142193647
11 0.3018488745980708 0.123615576991783 0.3030546623794215 0.17291889960700274
10 0.7331189710610928 0.12575919971418364 0.09807073954983916 0.16577349053233295
81 0.8846463022508039 0.11932833154698105 0.17282958199356913 0.15576991782779565
60 0.04059485530546623 0.30296534476598785 0.08118971061093246 0.15719899964272954
5 0.15956591639871384 0.30296534476598785 0.11173633440514472 0.14862450875312613
55 0.30184887459807075 0.3036798856734548 0.13102893890675243 0.16434440871739905
73 0.7270900321543408 0.30439442658092175 0.1342443729903536 0.16577349053233303
68 0.8802250803858521 0.3058235083958557 0.139871382636656 0.1457663451232583
81 0.0409967845659164 0.4758842443729904 0.0819935691318328 0.1486245087531262
80 0.159967845659164 0.4773133261879242 0.1221864951768489 0.1543408360128617
81 0.3046623794212219 0.480171489817792 0.12540192926045016 0.1486245087531261
55 0.7278938906752406 0.48088603072525904 0.13102893890675238 0.15005359056805995
81 0.8790192926045016 0.4873168988924616 0.14389067524115745 0.15148267238299395
80 0.8754019292604502 0.662379421221865 0.14147909967845662 0.14433726330832441
37 0.04019292604501608 0.6516613076098607 0.08038585209003216 0.14862450875312605
10 0.16278135048231512 0.6538049303322615 0.12781350482315113 0.15862808145766352
81 0.8782154340836013 0.8331546981064666 0.13745980707395503 0.14005001786352267
81 0.04340836012861737 0.8338692390139335 0.08681672025723473 0.15005359056806
68 0.16036977491961416 0.8302965344765988 0.1310289389067524 0.13433369060378708
24 0.8790192926045016 0.9687388352983208 0.09244372990353696 0.06252232940335829
10 0.16157556270096463 0.9608788853161844 0.1012861736334405 0.07824222936763121
