81 0.5326301061451845 0.26945207912576796 0.05445086141997841 0.038720612565317974
37 0.589349753457662 0.27146877769687827 0.04900577527798063 0.04114065085065036
81 0.6440274934668904 0.27146877769687827 0.04764450374248114 0.04114065085065036
27 0.6984783548868682 0.26703204084043536 0.04945953245648032 0.032267177137764884
81 0.7499797946465986 0.27106543798265625 0.047190746563981346 0.04033397142220622
24 0.8035231417095767 0.27146877769687816 0.04628323220698174 0.03952729199376195
81 0.8572933673618062 0.27106543798265625 0.048552018099480565 0.03710725370842983
80 0.9124248645495345 0.2686453996973238 0.04719074656398121 0.0338805359946533
81 0.9725476907007594 0.265822021697769 0.054904618598480386 0.028233779995544342
78 0.5348988920376836 0.32833967740218917 0.05263583270597913 0.0532408422773123
10 0.5911647821716614 0.3267263185453009 0.05082080399197984 0.061307636561753504
68 0.6424393433421406 0.3323730745444093 0.04265317477898259 0.05485420113420048
5 0.8037500202988273 0.32874301711641124 0.04492196067148214 0.0605009571333094
36 0.7599624525735942 0.3299530362590772 0.03085548813798835 0.04678740684975927
59 0.8563858530048065 0.32874301711641124 0.04401444631448271 0.05404752170575645
10 0.9124248645495345 0.32712965825952295 0.043560689135982926 0.06211431599019765
37 0.9709595405760113 0.32430628025996855 0.051728318348979486 0.054854201134200586
10 0.5383020708764323 0.3900506536781647 0.044921960671482214 0.06372767484708597
11 0.6183902128816505 0.39489073024882954 0.07895374905896865 0.058887598276421114
10 0.802615627352578 0.3961007493914957 0.0417456604219835 0.059694277704865184
81 0.8572933673618062 0.3961007493914957 0.05853467602647669 0.05646755999108869
81 0.9693713904512614 0.38964731396394187 0.061257219097475904 0.04678740684975925
60 0.5364870421624329 0.45861840509591545 0.05036704681348013 0.05404752170575641
5 0.591845417939411 0.4594250845243596 0.04673698938548156 0.0524341628488682
55 0.64493500782389 0.46063510366702576 0.04582947502848185 0.04678740684975935
73 0.8035231417095768 0.4598284242385815 0.0517283183489796 0.059694277704865024
68 0.8570664887725559 0.46224846252391394 0.04900577527798036 0.05001412456353583
5 0.9106098358355341 0.4574083859532482 0.040838146064986015 0.05324084227731214
36 0.9684638760942622 0.4606351036670258 0.053997104241478695 0.050014124563535774
81 0.5376214351086822 0.523556099085667 0.051728318348979375 0.04356068913598271
80 0.592072296528661 0.5235560990856676 0.039930631707984145 0.050014124563535774
81 0.6462962793593896 0.5235560990856677 0.047644503742481276 0.04356068913598279
81 0.8572933673618054 0.5259761373709995 0.04855201809947993 0.045174047992871
78 0.9103829572462848 0.527186156513666 0.047644503742480776 0.05243416284886813
81 0.9682369975050125 0.5251694579425559 0.05808091884797719 0.06292099541864189
37 0.5369407993409326 0.5893004725038637 0.05036704681348013 0.05243416284886827
10 0.5909379035824114 0.5893004725038639 0.04492196067148228 0.05566088056264462
80 0.8600159104328045 0.589300472503863 0.03403178838748726 0.05404752170575641
10 0.9090216857107856 0.589703812218086 0.04492196067148242 0.061307636561753615
60 0.9673294831480126 0.5933338696460844 0.052635832705978915 0.057274239419532906
81 0.5371676779301826 0.6570615444931704 0.05263583270597913 0.049207445135091635
59 0.5360332849839331 0.7228059179113666 0.05308958988447898 0.053240842277312336
68 0.5850390602619138 0.6538348267793939 0.035846817101485795 0.04920744513509149
81 0.8681835396458019 0.6522214679225057 0.02404913046049046 0.044367368564427065
73 0.9110635930140348 0.6558515253505042 0.04900577527798077 0.050014124563535774
81 0.969144511862012 0.6582715636358367 0.054450861419978625 0.05162748342042406
10 0.9117442287817846 0.7183691810549238 0.03856936017248458 0.057274239419532906
80 0.9684638760942623 0.7224025781971446 0.04492196067148228 0.0524341628488682
