81 0.07234726688102894 0.09360485887817077 0.09967845659163987 0.10718113612004287
56 0.17684887459807072 0.09860664523043944 0.0868167202572347 0.12575919971418364
81 0.2829581993569132 0.09289031797070382 0.09967845659163987 0.09717756341550554
61 0.3942926045016077 0.0843158270811004 0.09565916398713831 0.12290103608431585
81 0.5100482315112539 0.07645587709896388 0.11012861736334405 0.11575562700964624
85 0.632636655948553 0.07931404072883172 0.10610932475884233 0.13290460878885316
81 0.7684887459807075 0.07574133619149696 0.12700964630225073 0.13147552697391926
51 0.9115755627009645 0.06788138620936049 0.14147909967845648 0.11575562700964631
61 0.07475884244372984 0.24080028581636284 0.09003215434083592 0.12147195426938177
5 0.17805466237942125 0.2379421221864952 0.0892282958199357 0.11003929974991071
85 0.27853697749196143 0.2386566630939621 0.0795819935691318 0.11432654519471239
73 0.633842443729904 0.23365487674169338 0.11495176848874593 0.12718828152911738
13 0.7644694533762045 0.23079671311182554 0.12218649517684878 0.14147909967845662
5 0.9051446945337621 0.22436584494462308 0.12379421221864959 0.13433369060378708
81 0.06953376205787781 0.37656305823508396 0.12942122186495175 0.0928903179707038
10 0.28376205787781345 0.3872811718470882 0.08199356913183277 0.12861736334405144
11 0.6551446945337621 0.39228295819935693 0.21864951768488738 0.13004644515898542
10 0.8991157556270096 0.3879957127545552 0.10369774919614144 0.15005359056806
85 0.06430868167202572 0.5144694533762059 0.08360128617363344 0.11718470882458021
73 0.17938597085721747 0.5154481990067967 0.09730356909253081 0.09860664523043956
13 0.28720447214905565 0.5235909941725998 0.09807073954983923 0.10146480886030736
56 0.7612975441239854 0.5469951821895261 0.1229903536977492 0.1414790996784568
73 0.9027426565237652 0.5485620941522696 0.1270096463022507 0.13576277241872095
81 0.06872990353697749 0.6509467667023938 0.08762057877813505 0.1128974633797786
56 0.16881028938906753 0.6630939621293319 0.090032154340836 0.1114683815648445
81 0.7672829581993571 0.7045373347624154 0.09887459807073974 0.1314755269739193
51 0.9011254019292605 0.7145409074669524 0.13665594855305477 0.13719185423365482
61 0.07315112540192927 0.795998570918185 0.08038585209003216 0.120042872454448
10 0.1635852090032154 0.803143979992854 0.06993569131832783 0.11718470882457999
13 0.7717041800643085 0.8717399071096821 0.08842443729903535 0.13433369060378708
10 0.89973420416573 0.8851059748255102 0.10932475884244364 0.16005716327259742
81 0.07023098648571682 0.926432371564577 0.09967845659163986 0.10432297249017522
