81 0.5324032275559345 0.2702587585542121 0.05490461859847834 0.03872061256531808
37 0.5891228748684121 0.26985541883999 0.049459532456480486 0.0379139331368739
81 0.6440274934668904 0.2730821365537665 0.05036704681348013 0.044367368564426926
27 0.69598269040512 0.27187211741110034 0.04265317477898321 0.04033397142220629
81 0.7499797946465986 0.2658220216977694 0.051728318348979625 0.03146049770932091
24 0.8032962631203275 0.27308213655376656 0.04673698938548156 0.0411406508506504
81 0.8579740031295554 0.27227545712532225 0.04991328963498031 0.04114065085065018
80 0.9142398932635336 0.2686453996973238 0.04537571784998207 0.0338805359946533
81 0.9725476907007592 0.2650153422693247 0.05308958988448118 0.02823377999554437
78 0.5355795278054333 0.3247096199741906 0.05308958988447898 0.049207445135091635
10 0.590937903582411 0.3279363376879669 0.04129190324348366 0.06050095713330923
68 0.6453887650023898 0.333986433401298 0.05036704681347999 0.051627483420424024
73 0.6916719972093717 0.33196973483018766 0.03312427403048702 0.05404752170575641
5 0.8051112918343268 0.32874301711641096 0.03221675967348727 0.05566088056264464
59 0.8577471245403032 0.329146356830632 0.04401444631448026 0.05808091884797741
10 0.9115173501925348 0.3263229788310788 0.044468203492982354 0.060500957133309434
37 0.9718670549330107 0.3263229788310788 0.052635832705979185 0.05727423941953294
10 0.5367139207516829 0.391664012535053 0.04265317477898321 0.06534103370397418
11 0.64538876500239 0.3940840508203854 0.1166155948744538 0.06372767484708582
81 0.8561589744155566 0.39489073024882954 0.05717340449097733 0.05566088056264469
81 0.9686907546835122 0.391664012535053 0.05898843320497662 0.0605009571333094
60 0.5373945565194326 0.46063510366702576 0.04855201809948085 0.05485420113420055
5 0.5925260537071608 0.4594250845243596 0.04174566042198357 0.0524341628488682
55 0.6458425221808893 0.4626518022381357 0.04945953245647963 0.04920744513509167
10 0.6968902047621196 0.4602317639528037 0.03539305992298594 0.058887598276421184
73 0.8069263205483257 0.4610384433812475 0.03856936017248477 0.05404752170575637
68 0.8568396101833063 0.46386182138080223 0.04945953245648013 0.05162748342042406
5 0.911290471603285 0.45861840509591545 0.04401444631448257 0.057274239419532906
36 0.968236997505012 0.4614417830954697 0.05535837577697753 0.05001412456353573
81 0.5367139207516827 0.5231527593714452 0.05172831834897928 0.04436736856442702
80 0.5920722965286609 0.5251694579425559 0.04356068913598286 0.053240842277312336
81 0.6460694007701396 0.5235560990856676 0.049005775277980564 0.04678740684975935
81 0.8561589744155568 0.5247661182283337 0.047190746563981346 0.0524341628488682
78 0.911290471603285 0.5283961756563323 0.04764450374248142 0.05001412456353584
81 0.9675563617372628 0.525976137371 0.05581213295547769 0.053240842277312336
37 0.5373945565194325 0.5884937930754197 0.049459532456480486 0.049207445135091704
10 0.5922991751179109 0.590107151932308 0.044921960671482214 0.057274239419532906
10 0.9101560786570346 0.5925271902176401 0.04446820349298219 0.06050095713330965
60 0.9675563617372626 0.5929305299318623 0.0512745611704797 0.05485420113420055
81 0.536260163573183 0.6554481856362822 0.051728318348979486 0.04759408627820335
68 0.5925260537071605 0.6522214679225052 0.04900577527798044 0.04759408627820347
73 0.9115173501925342 0.6566582047789477 0.04991328963497951 0.04356068913598356
81 0.9682369975050124 0.6570615444931704 0.05354334706297891 0.05404752170575648
59 0.5358064063946831 0.719175860483368 0.04809826092098106 0.054047521705756336
10 0.5875347247436628 0.7199825399118122 0.03720808863698522 0.05888759827642133
10 0.9144667718527836 0.7199825399118123 0.03766184581548515 0.05566088056264462
80 0.9686907546835115 0.7219992384829219 0.052635832705979164 0.05324084227731144
