56 0.5151604547729406 0.2811489308382074 0.02495664481748992 0.05888759827642145
73 0.5578136295519244 0.28235894998087396 0.05308958988447898 0.06130763656175354
61 0.6181633342923997 0.2835689691235397 0.05399710424147866 0.06372767484708591
5 0.6776055246758763 0.2823589499808737 0.05308958988448042 0.06292099541864243
85 0.7395433795411022 0.2819556102666518 0.05898843320497674 0.06050095713330925
10 0.8060188061913258 0.2803422514097636 0.06397976216847479 0.05727423941953287
51 0.8783930761620479 0.27832555283865335 0.07350866291697102 0.0532408422773123
73 0.9580274609887663 0.2734854762679886 0.07759247752346923 0.04356068913598279
81 0.51879051220094 0.35254006025551293 0.03312427403048702 0.06776107198930656
81 0.617682999772906 0.35154866249188826 0.0712398770244712 0.0726011485599708
10 0.7375014722378535 0.358993495683066 0.04764450374248114 0.08066794284441262
11 0.8942740314043358 0.3563783285492853 0.21008499415552348 0.08308798112974505
51 0.51879051220094 0.43199798395725936 0.03221675967348723 0.06534103370397411
10 0.561670565569173 0.43441802224259163 0.04174566042198357 0.07018111027463882
85 0.612718248150402 0.43643472081370077 0.04492196067148301 0.0661477131324182
5 0.806472563369826 0.44732489309769763 0.05853467602647682 0.06856775141775065
71 0.8756705330910489 0.4497449313830301 0.06897109113197274 0.07179446913152716
10 0.953943646382268 0.4513582902399183 0.07033236266747195 0.0879280577004097
81 0.5183367550224399 0.5074225105167848 0.030401730959488144 0.06614771313241818
71 0.5650737444079216 0.5122625870874498 0.04855201809948085 0.0613076365617534
61 0.8064725633698261 0.5356562905123293 0.049459532456480416 0.07905458398752437
81 0.8760729715924559 0.5365526217300622 0.07169406716456683 0.06695439256086241
85 0.9551074844749811 0.5411241055223546 0.07260114855997123 0.07905458398752423
10 0.9545544225720421 0.6384312800524921 0.06832555807530576 0.089384213260609
5 0.9478179244725194 0.7232092576255883 0.06261849063297639 0.05243416284886737
56 0.5178829978439403 0.5840570562189771 0.02949421660248831 0.06614771313241832
