73 0.528773170127936 0.2918858340307991 0.05036704681348013 0.07421450741685956
61 0.5868540889759131 0.2943058723161315 0.05490461859847826 0.07260114855997131
5 0.6487919438411386 0.29470921203035355 0.05082080399197991 0.07502118684530373
85 0.710729798706364 0.29107915460235495 0.05490461859847855 0.06937443084619485
10 0.7778858611243377 0.2902724751739108 0.06125721909747583 0.07260114855997131
51 0.8513945240413086 0.29107915460235495 0.06942484831047252 0.0677610719893066
73 0.9298945159217774 0.2878524368885785 0.07577744880946995 0.07098778970308302
13 0.9875216775912549 0.28664241774591226 0.02404913046049046 0.07340782798841544
81 0.5865766590074785 0.3740441488893599 0.07486993445247038 0.06695439256086239
11 0.9008540564977892 0.3794105520169866 0.1982918870044216 0.08308798112974493
10 0.5276387771816864 0.4556417580049566 0.044468203492982354 0.07744122513063609
85 0.5861734532081632 0.4612885140040654 0.05445086141997847 0.06937443084619488
73 0.6485650652518886 0.4624985331467316 0.0576271616694772 0.07824790455908022
13 0.6975708405298693 0.4637085522893979 0.03130924531648759 0.0758278662737478
71 0.8484451023810599 0.4701619877169509 0.06715606241797346 0.07260114855997131
10 0.9264913370830289 0.4733887054307274 0.07169363420297159 0.08712137827196549
56 0.9859335274665054 0.47782544228717017 0.028132945066989094 0.0911547754141862
71 0.5305881988419348 0.5375197199920349 0.05308958988447936 0.07018111027463877
81 0.5864003317974132 0.5395364185631457 0.052182075527479485 0.06937443084619488
56 0.6474298323885282 0.5448163092532837 0.060417464782305634 0.07981514108057684
85 0.9239956726012796 0.5689802177013561 0.07486993445247009 0.08792805770040964
81 0.9847991345202558 0.5766436722715754 0.03040173095948816 0.08873473712885385
10 0.5299075630741855 0.6141542656942273 0.049913289634980346 0.07179446913152716
61 0.5882266270214997 0.6191992740689747 0.05036704681348016 0.07744122513063594
5 0.5310045619387731 0.6942364820672807 0.051826143885107735 0.07333642382757696
81 0.5870968457946845 0.697472537380896 0.04809826092098082 0.0758278662737476
10 0.9292001610366656 0.6624604749558155 0.05762716166947699 0.09196145484263026
13 0.9838916201632532 0.6730418639706458 0.0322167596734866 0.0911547754141868
