81 0.53242385288223 0.27099210348916136 0.05486336794588738 0.04033397142220632
37 0.5897622599835711 0.27099210348916136 0.0499132896349802 0.0418006612921047
81 0.6438006148776406 0.27135877595663593 0.04826326353134462 0.04106731635715551
27 0.6978389697717102 0.27172544842411056 0.044963211324073174 0.04033397142220629
81 0.7506398050880528 0.2662253614119915 0.049088276583162414 0.03080048726786661
24 0.8048844132450771 0.27172544842411056 0.04537571784998207 0.0418006612921047
81 0.8572727420355107 0.26842539621683914 0.048675770057253515 0.033733867007663426
80 0.9133736295591249 0.2695254136192629 0.04702574395361779 0.03740059168240947
81 0.9721558095011471 0.2669587063469407 0.05238832879043402 0.03080048726786658
78 0.5359301583524559 0.32709299101277556 0.05197582226452489 0.049867455576546045
10 0.5916185393501611 0.3281930084151994 0.04867577005725357 0.05793424986098728
68 0.6456568942442306 0.3307597156875215 0.048675770057253404 0.04840076570664751
73 0.6945389175644382 0.3278263359477249 0.03918811996134817 0.045467385966850425
5 0.8063281860857575 0.3296596982850979 0.031763002494987286 0.05060080051149506
59 0.8576852485614197 0.32745966348025024 0.043725691746346655 0.0550008701211903
10 0.9121361099813982 0.32599297361035184 0.040425639539075034 0.0652676992104793
37 0.9719495562381928 0.32379293880550414 0.05115080921270718 0.05793424986098728
10 0.5351051453006381 0.39199401775578024 0.04785075700543565 0.06380100934058092
11 0.6450381344553675 0.39566074243052624 0.11838937293586241 0.06233431947068247
81 0.8562414757207385 0.39639408736547543 0.057338407101341034 0.05940093973088551
81 0.9698870236086481 0.3916273452883056 0.05940093973088565 0.05426752518624113
60 0.5365489181413192 0.45946175177110715 0.051563315738615924 0.053534180251292016
5 0.5928560589278881 0.45946175177110704 0.04207566564271055 0.05206749038139357
55 0.6462756540330942 0.46239513151090395 0.049088276583162484 0.04620073090179993
10 0.6970139567198922 0.46166178657595475 0.03753809385771247 0.0594009397308856
73 0.8077719589264396 0.46019509670605624 0.03795060038362166 0.03886728155230789
68 0.8572727420355106 0.46129511410847984 0.050325796160889794 0.057200904926037834
5 0.9084235512482179 0.45946175177110704 0.0396006264872571 0.057934249860987205
36 0.9686495040309214 0.4620284590434293 0.05610088752361435 0.05133414544644438
81 0.5379926909820005 0.525096123449061 0.049500783109071377 0.051334145446444455
80 0.5934748187167512 0.5261961408514847 0.043313185220437346 0.04766742077169817
81 0.6460694007701397 0.5203293813718911 0.048675770057253584 0.04180066129210466
81 0.8568636170265806 0.5214825999115891 0.0490882765831622 0.04693407583674893
78 0.9094548175629903 0.525096123449061 0.048263263531344476 0.04400069609695222
81 0.9680307442420579 0.525096123449061 0.05486336794588752 0.052800835316342755
37 0.5375801844560917 0.5885304603221673 0.04785075700543558 0.05206749038139357
10 0.5926498056649336 0.5888971327896418 0.0466132374277089 0.055734215056139645
81 0.5371676779301828 0.6574648842073922 0.051975822264524775 0.052067490381393584
68 0.5928560589278878 0.6563648668049683 0.05032579616088888 0.05133414544644431
59 0.5363426648783648 0.7219992384829226 0.05032579616088916 0.049134110641596694
10 0.5899685132465255 0.7197992036780749 0.03960062648725703 0.05940093973088551
10 0.910692337140717 0.7190658587431257 0.048263263531344476 0.05940093973088551
10 0.9102798306148082 0.5910971675944894 0.0499132896349802 0.06013428466583484
60 0.9686495040309214 0.5940305473342862 0.051150809212707316 0.058667594795936466
73 0.9111048436666256 0.6559981943374933 0.051563315738615716 0.05060080051149498
81 0.9678244909791031 0.6611316088821385 0.05445086141997802 0.05500087012119033
80 0.9688557572938759 0.7212658935479733 0.05321334184225179 0.052067490381393494
