10 0.6136257625074024 0.2867956868373167 0.1030028795194594 0.07663454570219191
81 0.5224205696289385 0.417074414531043 0.04219941760048343 0.07582786627374773
33 0.5780058239951665 0.41747775424526506 0.06443351934697461 0.07018111027463896
81 0.6542370299831362 0.4207044719590416 0.04446820349298255 0.06372767484708586
70 0.8445881663638113 0.4126376776746003 0.05762716166947726 0.07986126341596844
40 0.9732283264685102 0.4098142996750459 0.053543347062978766 0.07582786627374788
5 0.8436806520068116 0.494112299947457 0.05671964731247755 0.0637276748470859
2 0.5224205696289386 0.49854903680389967 0.03947687452948436 0.07421450741685959
10 0.5721069806746688 0.5029857736603424 0.051728318348979486 0.07824790455908022
10 0.9809421985030048 0.49572565880434405 0.03811560299397982 0.08147462227285629
81 0.6417587075743902 0.7252259561966977 0.05490461859847748 0.04840076570664671
81 0.9119711073710346 0.7252259561966992 0.06624854806097388 0.04678740684975921
45 0.9108367144247848 0.6844886450602702 0.06216473345447644 0.02339370342488036
5 0.9809421985030065 0.6635149799207217 0.03811560299398619 0.07663454570219183
10 0.5181098764331893 0.5816370179336443 0.03176300249498746 0.07744122513063678
45 0.5791800643086817 0.7266881028938907 0.06511254019292607 0.04430153626295095
70 0.5237138263665596 0.6630939621293319 0.03938906752411557 0.07431225437656332
