81 0.0635048231511254 0.07859949982136473 0.1270096463022508 0.15719899964272946
66 0.2069935691318328 0.08931761343336905 0.1519292604501608 0.14433726330832441
81 0.36133440514469456 0.08288674526616652 0.14710610932475882 0.16291532690246519
81 0.6655948553054662 0.08574490889603428 0.14790996784565918 0.16577349053233295
66 0.8203376205787782 0.09074669524830296 0.15192926045016067 0.1471954269381922
81 0.9509646302250804 0.08145766345123262 0.09485530546623774 0.1571989996427296
45 0.06471061093247589 0.25652018578063596 0.12942122186495178 0.1786352268667381
10 0.2098070739549839 0.26080743122543765 0.1527331189710611 0.17577706323687037
10 0.05586816720257236 0.4444444444444445 0.11173633440514472 0.18292247231153982
10 0.8179260450160767 0.45016077170418006 0.09083601286173568 0.1686316541622008
81 0.9437299035369776 0.4480171489817792 0.11254019292604496 0.1757770632368703
45 0.6659967845659165 0.2650946766702394 0.14228295819935688 0.1700607359771347
5 0.8195337620578778 0.2643801357627724 0.15032154340836015 0.17434798142193642
23 0.9505627009646302 0.25866380850303683 0.09887459807073955 0.17720614505180424
66 0.9501607717041799 0.6416577349053233 0.09967845659163987 0.17434798142193647
46 0.04220257234726688 0.6337977849231868 0.08440514469453377 0.17577706323687026
10 0.20056270096463025 0.9587352625937835 0.12942122186495178 0.08252947481243296
10 0.8231511254019293 0.9701679171132548 0.14308681672025728 0.059664165773490555
