19 0.5291238006749588 0.4111196536592555 0.05403835489406941 0.06746773401532684
81 0.5868747143022083 0.4133196884641032 0.057338407101341346 0.06600104414542841
71 0.6390567898296879 0.41478637833400156 0.04207566564271069 0.0645343542755301
81 0.8131345437632556 0.4210198102810698 0.052800835316342755 0.06380100934058085
49 0.8673791519202796 0.4206531378135952 0.052388328790433716 0.0645343542755301
81 0.924073860263591 0.42036890326356036 0.0536258483681606 0.06306766440563161
50 0.9773121410750089 0.42285317261844285 0.045375717849982206 0.06453435427552996
5 0.5295363072008675 0.48225411234932847 0.054038354894069586 0.06600104414542848
49 0.5868747143022086 0.48262078481680304 0.0565133940495231 0.06086762960078396
10 0.6394692963555948 0.48298745728427694 0.041250652590892695 0.05720090492603857
19 0.8114845176596199 0.4877541993614474 0.052800835316342755 0.06086762960078396
5 0.8665541388684618 0.4895875616988205 0.052388328790433716 0.06453435427553003
71 0.9222425198661671 0.48922088923134593 0.053213341842251655 0.06380100934058085
10 0.9762808747602366 0.4914209240361936 0.04743825047952683 0.0623343194706824
10 0.5872872208281176 0.5522885536369775 0.03918811996134821 0.060867629600784026
81 0.9226239416273903 0.5568602372147822 0.06558853761951958 0.059400939730885415
73 0.5299488137267763 0.6219563224571518 0.055688380997705324 0.06673438908037752
19 0.9199737339736663 0.6245230297294742 0.052800835316342686 0.061600974535733155
5 0.9752186125404763 0.6249680103419583 0.049086836547615184 0.060867629600783714
81 0.9195484231994374 0.6911122113849647 0.05403835489406943 0.06380100934058093
49 0.9750293013834527 0.6927889344127895 0.04951408285325469 0.06453435427552982
50 0.5206674168938243 0.6938241260821714 0.035475561228169424 0.06526769921047863
10 0.6735010847430832 0.29048441186011126 0.07878874644860488 0.09166811686865058
