81 0.6451618864131399 0.39690742881993984 0.03902311735098451 0.045174047992871065
28 0.6444812506453903 0.4485349122403639 0.03856936017248472 0.04840076570664756
83 0.6878150611921225 0.3981174479626056 0.038115602993983894 0.04920744513509092
81 0.8212196716710705 0.39811744796260606 0.029947973780988235 0.04275400970753864
83 0.8591083960758056 0.39973080681949424 0.03947687452948443 0.04759408627820335
10 0.9031228423902868 0.39852078767682797 0.03766184581548497 0.045174047992870836
73 0.9498598317757697 0.39852078767682814 0.043106931957483 0.04678740684975928
10 0.9489523174187694 0.44934159166880777 0.04219941760048338 0.05001412456353547
71 0.9042572353365378 0.44893825195458603 0.042653174778983075 0.04275400970753871
81 0.8616040605575543 0.45055161081147416 0.03539305992298597 0.044367368564426926
81 0.9500867103650187 0.554209917366544 0.04356068913598295 0.046787406849759315
10 0.9040303567472877 0.5017757545176762 0.034031788387486585 0.04840076570664749
71 0.9505404675435193 0.6066440802154125 0.0417456604219835 0.04356068913598279
10 0.9525823748467687 0.6574648842073924 0.03675433145848544 0.050014124563535774
