19 0.5293300539379131 0.410694313596985 0.053625848368160624 0.06746773401532685
81 0.587287220828117 0.41326102086930727 0.057338407101340944 0.0652676992104791
71 0.6363754974112799 0.41472771073920556 0.03753809385771248 0.06526769921047933
81 0.8127220372373466 0.4205944702187992 0.052800835316342755 0.06380100934058078
49 0.8669666453943694 0.42206116008869754 0.05238832879043378 0.0652676992104792
10 0.6739135912689923 0.2911590892002645 0.07713872034496959 0.08946808206380301
81 0.9234800394438938 0.4213278151537484 0.054038354894069586 0.06526769921047915
50 0.9773121410750085 0.4224278325561724 0.04537571784998217 0.06453435427552989
5 0.5293300539379132 0.4814620998195834 0.05445086141997841 0.0682010789502761
49 0.5876997273540264 0.4829287896894816 0.058163420153158826 0.06673438908037774
5 0.8682041649720977 0.48916222163654993 0.04908827658316249 0.06306766440563165
71 0.9218300133402576 0.4898955665714992 0.054038354894069565 0.06453435427553002
10 0.9760746214972813 0.49062891150644833 0.04702574395361734 0.06453435427552992
81 0.9209735703478446 0.5556773273185445 0.05940093973088563 0.06306766440563165
10 0.6376130169890059 0.4843954795593801 0.03588806775407672 0.060867629600783915
73 0.5291238006749587 0.6222643273298306 0.05486336794588738 0.06820107895027597
19 0.9207618272034368 0.62220185271053 0.05321290828403744 0.06372892358719191
5 0.9750286148562763 0.6256504081822206 0.04950012568930396 0.06306688524146369
81 0.9205659287011068 0.6900847104038458 0.05362542852603323 0.06453435427553002
49 0.9748635129245887 0.6941893045924792 0.050326775202321226 0.06081887553398552
1 0.8650764700635531 0.6886609978514285 0.05156374465107101 0.06306766440563161
