55 0.06752411575562701 0.11718470882458018 0.10289389067524118 0.12004287245444804
5 0.17483922829581997 0.1250446588067167 0.1004823151125402 0.11861379063951415
78 0.27974276527331177 0.12861736334405147 0.09967845659163982 0.12004287245444806
59 0.17282958199356913 0.027867095391211148 0.10128617363344049 0.055734190782422297
10 0.38183279742765275 0.13147552697391926 0.09646302250803857 0.12290103608431581
10 0.27853697749196143 0.255805644873169 0.06832797427652731 0.120042872454448
81 0.06953376205787781 0.24222936763129688 0.1117363344051447 0.10432297249017505
10 0.7833601286173634 0.2622365130403716 0.06672025723472672 0.11289746337977853
81 0.8894694533762058 0.255805644873169 0.11655948553054671 0.11146838156484459
27 0.5831993569131833 0.030725259021078956 0.09565916398713824 0.06145051804215791
36 0.6840836012861736 0.1321900678813862 0.094855305466238 0.1186137906395141
5 0.7865755627009646 0.1321900678813862 0.09726688102893888 0.1186137906395141
59 0.894292604501608 0.12504465880671667 0.10369774919614158 0.11861379063951408
68 0.8870578778135048 0.3829939264022865 0.10048231511254016 0.11432654519471243
73 0.7829581993569132 0.3829939264022865 0.09646302250803857 0.11432654519471243
80 0.07516077170418006 0.3751339764201502 0.10209003215434082 0.12147195426938198
73 0.1784565916398714 0.37656305823508396 0.09807073954983922 0.11575562700964624
81 0.0767684887459807 0.49803501250446586 0.1004823151125402 0.11575562700964631
59 0.07797427652733119 0.6223651304037157 0.09967845659163986 0.11289746337977846
81 0.07918006430868169 0.7452661664880315 0.1004823151125402 0.11289746337977846
78 0.1844855305466238 0.7531261164701679 0.09565916398713827 0.09431939978563776
81 0.2636655948553054 0.7516970346552339 0.054662379421221846 0.10289389067524138
36 0.08038585209003214 0.8674526616648802 0.10450160771704178 0.11146838156484447
5 0.18368167202572347 0.8674526616648802 0.09405144694533762 0.11146838156484455
80 0.18448553054662375 0.9651661307609861 0.09405144694533764 0.06966773847802785
10 0.07998392282958199 0.968024294390854 0.10048231511254019 0.06395141121829231
81 0.8846463022508039 0.5080385852090032 0.10048231511254016 0.11289746337977846
78 0.9710610932475885 0.5094676670239372 0.0578778135048232 0.11289746337977853
10 0.9694533762057879 0.6295105394783852 0.06109324758842433 0.11289746337977846
80 0.8830385852090032 0.6302250803858521 0.0940514469453376 0.11718470882458021
81 0.8890675241157555 0.7502679528403001 0.08038585209003216 0.1114683815648445
73 0.9678456591639872 0.752411575562701 0.06430868167202576 0.11289746337977846
24 0.8802250803858521 0.8703108252947481 0.09163987138263664 0.11718470882458021
5 0.7765273311897107 0.8703108252947481 0.09163987138263664 0.1114683815648445
68 0.7773311897106109 0.9687388352983206 0.09163987138263664 0.06252232940335835
81 0.877411575562701 0.9687388352983208 0.09565916398713824 0.06252232940335829
10 0.9686495176848874 0.8781707752768847 0.06270096463022512 0.11861379063951417
