55 0.04702572347266881 0.09217577706323687 0.09405144694533762 0.13290460878885316
5 0.1555466237942122 0.1007502679528403 0.11173633440514469 0.13004644515898536
78 0.27210610932475865 0.1064665952125759 0.11173633440514469 0.13290460878885313
10 0.38504823151125406 0.11218292247231154 0.10771704180064312 0.13290460878885318
73 0.6085209003215433 0.11003929974991063 0.10771704180064309 0.134333690603787
36 0.7222668810289389 0.10861021793497672 0.11173633440514463 0.13147552697391918
5 0.838022508038585 0.10861021793497677 0.11173633440514465 0.13147552697391926
59 0.9517684887459805 0.10003572704537332 0.09646302250803833 0.13433369060378703
81 0.9457395498392284 0.24294390853876385 0.10852090032154336 0.11432654519471244
10 0.833199356913183 0.25080385852090037 0.07797427652733119 0.13290460878885318
10 0.27371382636655944 0.24794569489103252 0.06832797427652731 0.13576277241872095
81 0.04983922829581994 0.2386566630939622 0.09967845659163987 0.12004287245444804
11 0.6402733118971062 0.2500893176134334 0.159967845659164 0.12575919971418364
80 0.050241157556270094 0.37799214005001786 0.10048231511254019 0.13004644515898534
73 0.16036977491961416 0.3829939264022866 0.11173633440514469 0.12575919971418364
60 0.2737138263665595 0.3851375491246874 0.1069131832797428 0.12433011789924976
5 0.37982315112540194 0.3872811718470882 0.09244372990353696 0.12290103608431587
10 0.6133440514469454 0.390853876384423 0.09003215434083599 0.12718828152911751
78 0.7178456591639872 0.39085387638442304 0.10610932475884242 0.12718828152911751
73 0.8319935691318328 0.3887102536620221 0.1109324758842441 0.12575919971418345
68 0.9469453376205788 0.3879957127545552 0.10610932475884255 0.12718828152911754
81 0.05184887459807074 0.5137549124687388 0.10369774919614148 0.12433011789924976
24 0.1619774919614148 0.5173276170060737 0.1085209003215434 0.1314755269739193
81 0.2761254019292605 0.5201857806359415 0.11012861736334405 0.1229010360843158
81 0.7162379421221865 0.5237584851732763 0.10771704180064305 0.12718828152911762
55 0.8299839228295821 0.5266166488031441 0.110128617363344 0.12147195426938197
81 0.9457395498392284 0.5287602715255448 0.10852090032154336 0.1257591997141836
10 0.8287781350482315 0.661664880314398 0.10932475884244383 0.12575919971418373
80 0.9437299035369776 0.6645230439442659 0.10932475884244369 0.12861736334405138
36 0.8271704180064309 0.798856734548053 0.10932475884244383 0.12861736334405138
81 0.9441318327974275 0.8038585209003216 0.11173633440514479 0.12718828152911754
59 0.05184887459807074 0.6545194712397284 0.10369774919614148 0.1229010360843158
10 0.1619774919614148 0.6530903894247946 0.1053054662379421 0.120042872454448
37 0.27130225080385856 0.6588067166845303 0.09726688102893892 0.11718470882458021
5 0.830385852090032 0.9353340478742408 0.10289389067524113 0.12433011789924986
24 0.9429260450160771 0.937299035369775 0.1141479099678456 0.1254019292604501
81 0.0522508038585209 0.7909967845659165 0.1045016077170418 0.12718828152911754
36 0.05184887459807075 0.9367631296891743 0.1036977491961415 0.11575562700964608
5 0.16278135048231512 0.94247945694891 0.1085209003215434 0.09003215434083582
