10 0.11053054662379423 0.14219364058592354 0.17282958199356915 0.19578420864594498
23 0.284967845659164 0.14648088603072526 0.1647909967845659 0.20150053590568062
5 0.7954180064308681 0.1471954269381922 0.16961414790996784 0.2000714540907467
23 0.9421221864951768 0.14576634512325826 0.11575562700964599 0.2000714540907466
10 0.7938102893890678 0.35869953554841005 0.12138263665594837 0.20292961772061444
81 0.9393086816720257 0.3529832082886745 0.12138263665594846 0.18863879957127555
11 0.27773311897106095 0.3579849946409432 0.34003215434083595 0.19578420864594498
5 0.11535369774919614 0.5594855305466239 0.16961414790996784 0.19864237227581277
66 0.28737942122186494 0.5580564487316899 0.1647909967845659 0.19292604501607713
73 0.7909967845659165 0.5637727759914255 0.16720257234726688 0.19578420864594492
66 0.9405144694533761 0.5666309396212934 0.11897106109324768 0.19292604501607719
81 0.9405144694533761 0.7745623436941764 0.11897106109324768 0.2000714540907468
23 0.11615755627009645 0.7645587709896392 0.1680064308681672 0.18863879957127538
10 0.11696141479099678 0.9365844944623081 0.1680064308681672 0.12683101107538405
