81 0.26446945337620575 0.20007145409074667 0.11575562700964614 0.14290818149339046
10 0.6032958199356914 0.06359414076455878 0.14228295819935688 0.12718828152911757
34 0.632636655948553 0.20936048588781708 0.1254019292604501 0.14433726330832441
74 0.36856913183279744 0.19721329046087888 0.07958199356913184 0.1257591997141837
80 0.2644694533762058 0.3472668810289389 0.11736334405144695 0.13719185423365496
11 0.746374160663202 0.5117781719182914 0.3271693575070532 0.14019089218733455
81 0.7660771704180065 0.21078956770275098 0.12379421221864956 0.14433726330832441
48 0.9055466237942121 0.20793140407288316 0.13263665594855312 0.14147909967845657
81 0.8999196141479099 0.36513040371561273 0.13102893890675232 0.1471954269381922
74 0.7652733118971061 0.3637013219006788 0.12218649517684894 0.13862093604858877
5 0.642282958199357 0.35941407645587703 0.10610932475884245 0.13862093604858877
10 0.38464630225080393 0.49589138978206493 0.07797427652733116 0.13147552697391923
18 0.7604787662009594 0.6668833225035067 0.1245980707395499 0.14005001786352278
5 0.8967856226731739 0.6750979354841842 0.12942118398194244 0.15008140576936796
80 0.8959772896567874 0.827277843828987 0.13108835284785156 0.14560790794699224
81 0.7717041800643087 0.8260092890317972 0.09646302250803857 0.13719185423365488
81 0.8950964630225073 0.9601643444087173 0.1358520900321544 0.07967131118256511
34 0.7801446945337621 0.9537334762415148 0.0779742765273312 0.0925330475169703
