81 0.1467041800643087 0.20435869953554842 0.10852090032154338 0.120042872454448
13 0.2568327974276525 0.20507324044301534 0.10530546623794206 0.118613790639514
10 0.3553054662379422 0.20150053590568062 0.07717041800643092 0.11718470882458025
81 0.6077170418006428 0.1936405859235441 0.06430868167202576 0.11003929974991071
56 0.7009646302250804 0.19364058592354413 0.10289389067524127 0.11289746337977853
10 0.8115673489700223 0.18843265102997772 0.10267163677915433 0.11703224479924551
73 0.9317535590820892 0.18682211555108888 0.12079016091665236 0.1116637932029496
10 0.9341693623004244 0.3135175732236666 0.11958225930748582 0.122400696395541
13 0.8139831521883554 0.32371763125662834 0.10871114482498698 0.11488486416072707
81 0.7019502779381602 0.3242544764162579 0.10810719402040363 0.1159585544799862
85 0.1468868751826951 0.33453506122316407 0.11107863197895354 0.1234207021988372
81 0.2576001169248757 0.33518464386631586 0.10742472961122478 0.11952320633992652
10 0.2590616778719672 0.465101172496671 0.07527038877521189 0.11952320633992684
10 0.83418591055247 0.45210951963363544 0.0708857059339374 0.1273181980577479
71 0.14579070447237646 0.6015135275585436 0.10888629055831628 0.12212153691253377
73 0.2590616778719672 0.5969664490564811 0.10742472961122478 0.1234207021988373
81 0.14396375328851213 0.7359771346909608 0.10961707103186201 0.1234207021988372
85 0.14246565331774322 0.8738185715677677 0.11115171002630798 0.1267985319432264
51 0.25562700964630114 0.7302608074312249 0.09807073954983904 0.13147552697391846
5 0.7061897106109325 0.5887817077527688 0.10530546623794208 0.120042872454448
56 0.8207395498392284 0.5852090032154341 0.11093247588424447 0.12147195426938197
81 0.9389067524115755 0.5844944623079672 0.11897106109324768 0.12861736334405138
10 0.8239549839228296 0.7181136120042874 0.1157556270096464 0.12433011789924976
85 0.942524115755627 0.7202572347266881 0.11495176848874593 0.1257591997141836
10 0.9445337620578778 0.857449088960343 0.11093247588424432 0.13433369060378708
13 0.8428456591639872 0.8617363344051446 0.08440514469453361 0.12290103608431577
