81 0.6460694007701397 0.402260846845069 0.04125065259089276 0.04473404103190162
28 0.6473069203478664 0.453961664758988 0.041250652590892826 0.04106731635715548
81 0.8189096351259805 0.39786077723537383 0.04125065259089269 0.047667420771698374
83 0.8626353268723266 0.3963940873654753 0.042075665642710466 0.043267351162003066
81 0.8611915540316457 0.4495615951492928 0.04166315911680158 0.04400069609695222
10 0.9082172979852633 0.394927397495577 0.04248817216861966 0.0462007309018
71 0.9090423110370813 0.4469948878769706 0.04413819827225538 0.047667420771698304
10 0.9558618017277445 0.4455281980070722 0.04290067869452841 0.047667420771698374
73 0.956068054990699 0.3908940003533563 0.04331318522043745 0.04840076570664756
8 0.9096610708259446 0.552596558509656 0.04290067869452855 0.047667420771698304
81 0.9573055745684259 0.5522298860421815 0.044138198272255236 0.04840076570664742
10 0.9104860838777625 0.6039307039561003 0.04372569174634632 0.04766742077169817
71 0.9593681071979705 0.6050307213585243 0.044963211324073174 0.04400069609695222
10 0.9587493474091072 0.6600315914797147 0.04537571784998193 0.051334145446444455
28 0.9614306398275151 0.7157658065358544 0.04661323742770861 0.04986745557654601
81 0.9140379038431737 0.7068144623335383 0.043341179310673876 0.04317454594794978
83 0.9121361099813982 0.6578315566748671 0.04372569174634634 0.04693407583674919
