81 0.6057287423436675 0.4182006200406799 0.04568254088578174 0.054546317475560595
74 0.6553447541190522 0.4208674772926288 0.046705284338448935 0.05454631747556078
10 0.7044364398470566 0.4229887229722339 0.046705284338448935 0.055152387669733544
80 0.6050529706014105 0.47831121093616646 0.04602345537000438 0.05394024728138763
81 0.6541515534242742 0.4799593212244862 0.04636436985422662 0.050303826116350404
18 0.7040955253628344 0.48117146161283214 0.04670528433844879 0.05394024728138781
81 0.8097790154717329 0.4275342494285305 0.03920516568556068 0.05697059825225251
48 0.8554615563575152 0.4281403196227035 0.04806894227533806 0.05697059825225227
10 0.9055759855381867 0.42995853020522223 0.047387113306893554 0.055758457863906444
73 0.956703588405734 0.43103342134881095 0.04909168572800464 0.05575845786390642
10 0.9556904147188584 0.49208072510794415 0.04806894227533789 0.055152387669733544
34 0.905228319635621 0.4898261565689523 0.047046198822670936 0.05515238766973358
81 0.8547668108299308 0.4866801737092746 0.046023455370004435 0.054546317475560796
74 0.9045405561734353 0.6087871079709516 0.047380012462619525 0.055152519152584574
10 0.9037009558749644 0.5502634637485424 0.043637053980448585 0.05878880883477103
10 0.6543207749333025 0.53986297514305 0.03852333671711462 0.05757666844642515
81 0.9550085857504138 0.6126886937483507 0.049432600212226986 0.056364528058079344
81 0.6035257525172678 0.6563257477287991 0.047387113306893186 0.053940247281387646
48 0.6035257525172694 0.5972339037969419 0.04670528433844872 0.056970598252252244
74 0.6023325518224915 0.7148115214664839 0.04636436985422662 0.056970598252252244
10 0.903189584148628 0.6702653621947757 0.048750771243782326 0.0563645280580795
10 0.9558925302884 0.7262868702265038 0.051137172633337905 0.04303333371407949
18 0.9551790429925245 0.6742048184568992 0.049773514696449125 0.058182738640597996
48 0.9035304986328532 0.7251147147674231 0.048750771243782506 0.04727347514548597
73 0.6430718326870509 0.5984460441852876 0.026250415285113606 0.056970598252252314
