81 0.5441802888706334 0.28720636000088784 0.07095112245633504 0.07846790803956455
17 0.6167814374306043 0.29197310207805804 0.06682605719724594 0.07773456310461528
81 0.6858762805203513 0.2956398267528042 0.06558853761951951 0.0792012529745142
62 0.7543523638212332 0.2974731890901771 0.06558853761951926 0.07846790803956492
17 0.8915107836859518 0.29857320649260094 0.06600104414542841 0.07920125297451416
81 0.9624619061422873 0.2974731890901772 0.06682605719724634 0.07993459790946336
82 0.5439740356076799 0.37410773479236914 0.07136362898224445 0.08066794284441257
5 0.6167814374306058 0.37740778699964056 0.06765107024906414 0.07846790803956502
87 0.6856700272573966 0.3807078392069119 0.06600104414542839 0.07920125297451405
10 0.7531148442435053 0.3814411841418611 0.06311349846406587 0.07773456310461588
81 0.5437677823447257 0.46137578205132457 0.07755122687087855 0.06746773401532685
10 0.6840200011537609 0.463575816856172 0.05527587447179625 0.07773456310461571
17 0.5439740356076801 0.5438770872331101 0.06888858982679108 0.078467908039565
62 0.6798949358946719 0.5468104669729069 0.056100887523614064 0.08140128777936184
73 0.6151314113269701 0.5453437771030086 0.06682605719724627 0.07846790803956509
81 0.5431490225558622 0.6315118069595401 0.06971360287860882 0.07920125297451414
87 0.6149251580640157 0.6300451170896417 0.0680635767749731 0.07626787323471738
81 0.6831949881019428 0.630411789557116 0.06270099193815687 0.07993459790946295
62 0.5404677301374542 0.7143797846088004 0.06600104414542855 0.07333449349492056
10 0.6124501189085622 0.7136464396738512 0.06558853761951966 0.07480118336481895
17 0.6807199489464897 0.7162131469461728 0.05775091362724985 0.07113445869007284
62 0.9562743082536536 0.5537772438549244 0.06352600498997503 0.07920125297451407
