19 0.5295363072008674 0.41069431359698494 0.05238832879043375 0.0674677340153269
81 0.586864292760843 0.4119940747040285 0.056925900575431995 0.06526769921047937
81 0.8131110118555387 0.41915658534753353 0.05238791337598098 0.0652676992104792
10 0.6735010847430807 0.2841923123182462 0.07548869424133388 0.07700121816966606
49 0.8677685183317371 0.41958428922564345 0.05238832879043364 0.06233431947068241
81 0.9240782365002913 0.42064999424514293 0.05445086141997817 0.06306766440563179
50 0.9775183943379634 0.42206116008869765 0.044963211324073174 0.0652676992104793
5 0.5293300539379132 0.4814620998195832 0.05527587447179634 0.0667343890803778
49 0.5858434479874363 0.48256211722200704 0.05362584836816062 0.06306766440563166
5 0.866922897692707 0.48734626893858335 0.05197543711552388 0.062334319470682326
71 0.9222425198661671 0.4902622390389736 0.053213341842251655 0.06380100934058085
10 0.9764871280231909 0.4913622564413976 0.047025743953618075 0.06453435427552996
81 0.9203519291020775 0.555451123291179 0.05940093973088564 0.05866759479593639
10 0.8663178639090537 0.5544956894968565 0.03305631493851269 0.058497892087110516
81 0.9199511956049564 0.6905378970306214 0.052801023993181484 0.061570111803502095
81 0.8159892803657749 0.6885843439563856 0.040838146064983934 0.0638010093405808
19 0.9199737339736679 0.623731017199729 0.05445086141997848 0.0623343194706824
5 0.9750119252117533 0.6245834343222599 0.04949993442717 0.06380100934058075
49 0.9746379854951254 0.6928267216424363 0.049580780654780214 0.06377540276537648
1 0.8642853529759625 0.6904654062801066 0.05032579616088924 0.0623343194706824
