81 0.54147837112593 0.292039103122203 0.06851733395347229 0.0774412251306356
82 0.54193212830443 0.37795046225150253 0.06760981959647319 0.07824790455907973
17 0.6115838552041533 0.2968791796928683 0.06534103370397411 0.07744122513063605
81 0.6789667962113765 0.30010589740664473 0.06307224781147523 0.0742145074168596
81 0.8112370137440742 0.3049459739773095 0.06171097627597542 0.07421450741685948
17 0.875443654501796 0.30413929454886524 0.061257219097475696 0.07744122513063592
81 0.9441878670445208 0.302929275406199 0.06443351934697468 0.07824790455908
73 0.8740823829662997 0.3864205962501663 0.062164733454475395 0.07260114855997138
82 0.8085144706730604 0.38480723739327594 0.05989594756197512 0.07421450741685565
5 0.6120376123826531 0.378757141679947 0.06443351934697446 0.07502118684530373
81 0.541478371125931 0.4586184050959155 0.07305490573847123 0.06695439256086246
87 0.9419190811520228 0.38601725653594415 0.06443351934697461 0.07179446913152716
87 0.67034540981988 0.3819838593937236 0.04855201809948085 0.07340782798841537
11 0.862738453503804 0.4654751802376905 0.15836125529643738 0.06937443084619474
10 0.6773786460866273 0.462248462523914 0.042653174778983075 0.07582786627374766
17 0.5417052497151809 0.5396896876545502 0.06624854806097381 0.07421450741685959
73 0.6111300980256535 0.5417063862256605 0.06534103370397432 0.0766345457021918
81 0.5403439781796814 0.6203576304989628 0.06534103370397411 0.07260114855997131
87 0.6068194048299052 0.6227776687842951 0.05671964731247762 0.07421450741685959
62 0.5389827066441805 0.7054623101998168 0.06806357677497162 0.07986126341596932
10 0.6018053880074826 0.7064303255139509 0.05131993688833036 0.07695721747356962
10 0.8727211114308001 0.5469498025105473 0.06125721909747568 0.07421450741685966
62 0.9403309310272732 0.5489665010816576 0.06670230523947368 0.07663454570219194
81 0.9394234166702725 0.6296344439260695 0.0648872765254763 0.07824790455908102
17 0.9401040524380235 0.7115124059131489 0.06443351934697446 0.07421450741685959
87 0.8851994338395451 0.6272144056407378 0.036300574279985655 0.07502118684530366
