81 0.536260163573183 0.34124654825729517 0.06352600498997482 0.06776107198930656
85 0.5348988920376831 0.41142765853193397 0.0626184906329752 0.06776107198930677
81 0.5986517756169083 0.41425103653148854 0.05671964731247755 0.06695439256086252
13 0.5997861685631579 0.3428599071141834 0.05989594756197633 0.06292099541864175
10 0.6571864516433853 0.34003652911462895 0.049459532456480486 0.07018111027463896
61 0.6553714229293855 0.41425103653148815 0.048552018099480614 0.06372767484708586
10 0.5979711398491587 0.48685218509145983 0.03993063170798422 0.0685677514177506
71 0.5344451348591835 0.5586466542229868 0.0608034619189759 0.06856775141775066
81 0.5335376205021841 0.6336678410682908 0.05989594756197633 0.06695439256086225
56 0.8389162016325631 0.3452799453995156 0.05717340449097728 0.06614771313241835
81 0.8398237159895632 0.4150577159599327 0.05898843320497676 0.058887598276421184
10 0.8981315134267901 0.34608662482795993 0.057627161669477116 0.06453435427553014
13 0.8994927849622887 0.41546105567415437 0.05762716166947802 0.05969427770486526
10 0.9627919113630141 0.41102431881771195 0.06171097627597542 0.06534103370397411
73 0.9655144544340135 0.340843208543073 0.06806357677497318 0.0669543925608624
10 0.9117442287817846 0.4848354865203495 0.05036704681348013 0.06453435427552996
56 0.9035765995687609 0.5534032379380929 0.05944219038347431 0.059694277704879097
81 0.9673294831480126 0.5574366350803208 0.06352600498997475 0.06614771313241832
10 0.9078872927645218 0.6268110659265078 0.05172831834897471 0.06937443084618758
85 0.9680101189157625 0.628827764497626 0.06397976216847497 0.07018111027463902
10 0.9695982690405114 0.704252291057151 0.060803461918975295 0.0693744308461948
13 0.9083410499430359 0.701832252771819 0.05445086141997872 0.06614771313241828
