81 0.5469234572679286 0.290022404551093 0.07033236266747234 0.0830879811297448
17 0.6186170914708998 0.2940558016933135 0.06760981959647304 0.08147462227285665
81 0.6880419397813731 0.29768585912131235 0.0657947908824741 0.07744122513063602
62 0.7565592737348453 0.2997025576924224 0.06488727652547419 0.08147462227285636
81 0.9650606972555132 0.30171925626353285 0.06897109113197261 0.08066794284441253
82 0.5478309716249266 0.3779504622515021 0.06942484831046923 0.07824790455908166
5 0.6190708486494001 0.379160481394169 0.06760981959647329 0.07744122513063614
87 0.6878150611921231 0.38158051967950146 0.06443351934697461 0.07744122513063616
10 0.7572399095025958 0.3831938785363897 0.06443351934697461 0.07421450741685966
81 0.5496460003389277 0.4590217448101376 0.08122253495146793 0.07260114855997124
10 0.6894032113168725 0.46668519938035674 0.04673698938548171 0.07824790455908008
17 0.5469234572679282 0.547353142224769 0.06942484831047188 0.07824790455907969
73 0.6181633342924008 0.5469498025105473 0.06670230523947368 0.0790545839875243
81 0.545789064321679 0.6328611616398462 0.06987860548897201 0.08147462227285727
87 0.617028941346151 0.6324578219256246 0.06624854806097367 0.07582786627374788
81 0.6819162178716255 0.6316511424971805 0.05535837577697805 0.07905458398752443
62 0.5442009141969296 0.714739123626925 0.06942484831047258 0.06937443084619485
10 0.6158945483999015 0.7143357839127034 0.0657947908824741 0.0717944691315273
17 0.6828237322286251 0.7139324441984811 0.05989594756197647 0.07421450741685973
62 0.9614306398275145 0.553806577652322 0.06624854806097369 0.08147462227285693
