55 0.06028938906752407 0.10146480886030719 0.10450160771704171 0.12290103608431574
5 0.16881028938906753 0.10789567702750982 0.10289389067524113 0.1214719542693819
78 0.27290996784565924 0.11361200428724545 0.09887459807073959 0.11575562700964631
10 0.3754019292604502 0.11504108610217938 0.09646302250803857 0.11861379063951412
36 0.6784565916398714 0.11718470882458021 0.094855305466238 0.12290103608431585
5 0.7813504823151126 0.11789924973204716 0.09646302250803857 0.12147195426938193
59 0.8882636655948554 0.11432654519471243 0.1045016077170417 0.12004287245444806
81 0.8870578778135048 0.24365844944623075 0.1197749196141479 0.10146480886030725
10 0.7785369774919615 0.24294390853876385 0.07315112540192929 0.11718470882458024
81 0.06672025723472669 0.23222579492675954 0.11736334405144694 0.11003929974991067
10 0.2745176848874598 0.2400857449088961 0.07475884244372992 0.12004287245444804
80 0.06712218649517684 0.35941407645587703 0.10209003215434084 0.11861379063951409
73 0.1720257234726688 0.3637013219006788 0.09967845659163987 0.1186137906395141
60 0.27491961414791 0.36441586280814575 0.09807073954983923 0.11432654519471243
5 0.3762057877813505 0.3665594855305466 0.09646302250803857 0.11861379063951417
78 0.6764469453376205 0.3694176491604145 0.09726688102893881 0.11575562700964631
73 0.7769292604501608 0.3694176491604145 0.09565916398713824 0.1186137906395141
68 0.8806270096463023 0.3687031082529475 0.1020900321543408 0.11718470882458021
5 0.9690514469453376 0.3672740264380136 0.06189710610932479 0.11718470882458021
78 0.9670418006430868 0.49303322615219725 0.0659163987138264 0.12004287245444807
10 0.9646302250803859 0.6152197213290461 0.07073954983922831 0.11289746337977846
73 0.9634244372990354 0.738120757413362 0.07315112540192928 0.1128974633797786
10 0.9630225080385852 0.8617363344051446 0.07395498392282959 0.11718470882458021
81 0.6756430868167204 0.49231868524473027 0.09565916398713831 0.11289746337977846
55 0.7757234726688103 0.4937477670596643 0.09485530546623792 0.11575562700964631
81 0.877813504823151 0.49374776705966417 0.0980707395498392 0.11575562700964624
81 0.06993569131832798 0.48660235798499474 0.10128617363344052 0.11289746337977853
24 0.1740353697749196 0.4880314397999285 0.09887459807073952 0.11575562700964631
81 0.2753215434083602 0.4887459807073955 0.09565916398713828 0.11146838156484457
80 0.3758038585209003 0.4830296534476599 0.09565916398713824 0.1000357270453734
59 0.07154340836012862 0.6095033940693102 0.10289389067524118 0.11289746337977852
10 0.17564308681672025 0.6109324758842444 0.09887459807073957 0.11289746337977853
37 0.27491961414791 0.6102179349767775 0.09324758842443731 0.11432654519471243
10 0.7737138263665594 0.6152197213290461 0.09726688102893903 0.11289746337977846
80 0.8754019292604502 0.6145051804215792 0.09646302250803857 0.11146838156484463
36 0.7721061093247589 0.7366916755984281 0.09565916398713824 0.1157556270096464
81 0.8729903536977491 0.737406216505895 0.09646302250803857 0.11146838156484463
5 0.7813504823151127 0.8574490889603429 0.07395498392282969 0.10861021793497679
24 0.8729903536977491 0.8581636298678099 0.0980707395498392 0.11289746337977856
81 0.872588424437299 0.9601643444087175 0.10048231511254013 0.07967131118256521
81 0.07355305466237941 0.7316898892461594 0.1053054662379421 0.11146838156484463
78 0.17684887459807072 0.7309753483386925 0.09646302250803859 0.11003929974991067
36 0.07274919614147912 0.8531618435155415 0.1036977491961415 0.1086102179349769
5 0.1760450160771704 0.8503036798856735 0.09485530546623792 0.1114683815648445
80 0.1772508038585209 0.9580207216863166 0.09565916398713827 0.08395855662736693
10 0.07194533762057878 0.9630225080385852 0.10369774919614148 0.07395498392282959
81 0.2684887459807074 0.7316898892461594 0.07717041800643085 0.1086102179349767
