81 0.07596463022508038 0.18220793140407288 0.12620578778135047 0.13576277241872095
13 0.20217041800643087 0.1836370132190068 0.11655948553054664 0.13004644515898536
85 0.07757234726688104 0.3272597356198642 0.1262057877813505 0.13719185423365488
81 0.20337620578778137 0.3279742765273312 0.11736334405144692 0.13290460878885313
10 0.3143086816720257 0.18220793140407288 0.09646302250803852 0.13290460878885318
61 0.3114951768488746 0.32868881743479816 0.08762057877813507 0.13719185423365488
10 0.20337620578778137 0.4708824580207217 0.08842443729903537 0.13862093604858886
81 0.5759646302250799 0.17291889960700244 0.09565916398713796 0.1343336906037871
56 0.6864951768488745 0.1743479814219363 0.11575562700964623 0.13433369060378703
10 0.8070739549839228 0.1772061450518042 0.1157556270096462 0.13719185423365485
73 0.9352893890675241 0.17934976777420508 0.1294212218649517 0.12718828152911757
10 0.936093247588424 0.3186852447302607 0.12781350482315118 0.13433369060378703
10 0.8307877813504823 0.46516613076098606 0.09726688102893888 0.14147909967845662
13 0.8086816720257235 0.3229724901750625 0.1205787781350483 0.13719185423365488
81 0.6856913183279738 0.3215434083601286 0.11736334405144692 0.13719185423365485
71 0.07516077170418006 0.617363344051447 0.1229903536977492 0.13433369060378694
81 0.07315112540192927 0.7695605573419076 0.1270096463022508 0.13862093604858872
85 0.06756835905726746 0.9206790314820595 0.1193237786351261 0.13325177206952482
56 0.812299035369775 0.6102179349767775 0.12138263665594863 0.13433369060378708
81 0.9389067524115756 0.6152197213290461 0.1221864951768488 0.13290460878885313
10 0.8135048231511255 0.7559842801000357 0.12057877813504814 0.1286173633440515
85 0.9401125401929261 0.755984280100036 0.11977491961414768 0.13719185423365493
10 0.942122186495177 0.9081814933904967 0.11575562700964624 0.1471954269381922
13 0.8271704180064324 0.9031797070382277 0.1028938906752415 0.14576634512325815
73 0.19774919614147912 0.6187924258663808 0.10771704180064308 0.14005001786352267
