55 0.05385852090032153 0.12290103608431582 0.10610932475884242 0.12290103608431582
5 0.16358520900321533 0.12790282243658446 0.10209003215434082 0.12147195426938193
78 0.2688906752411575 0.13433369060378705 0.10209003215434087 0.11718470882458015
10 0.3709807073954984 0.13576277241872098 0.09887459807073952 0.12004287245444802
81 0.05747588424437299 0.2508038585209003 0.1117363344051447 0.10432297249017505
10 0.2688906752411575 0.2572347266881029 0.07636655948553052 0.120042872454448
27 0.5743569131832797 0.035727045373347636 0.09565916398713822 0.07145409074669527
81 0.67483922829582 0.03572704537334762 0.09726688102893895 0.07145409074669525
36 0.6744372990353698 0.13719185423365488 0.09967845659163992 0.120042872454448
5 0.77532154340836 0.13719185423365488 0.09726688102893903 0.120042872454448
59 0.8814308681672027 0.13504823151125403 0.10209003215434082 0.12147195426938193
10 0.9706591639871379 0.1314755269739192 0.05868167202572353 0.12290103608431581
81 0.8802250803858521 0.2615219721329046 0.11093247588424432 0.10289389067524116
10 0.7753215434083601 0.2650946766702394 0.06672025723472672 0.1186137906395141
80 0.06310289389067526 0.37799214005001774 0.1036977491961415 0.1157556270096463
73 0.1672025723472669 0.38013576277241873 0.10128617363344054 0.11432654519471244
60 0.27009646302250806 0.3829939264022865 0.0980707395498392 0.11718470882458021
5 0.37178456591639875 0.3851375491246874 0.09726688102893888 0.11575562700964631
78 0.6708199356913183 0.3872811718470882 0.09726688102893881 0.11432654519471236
73 0.772508038585209 0.38728117184708827 0.09646302250803857 0.11718470882458021
68 0.8758038585209004 0.38871025366202216 0.10048231511254016 0.11718470882458021
5 0.9658360128617364 0.3865666309396213 0.06832797427652736 0.11289746337977846
81 0.06430868167202572 0.5037513397642015 0.1045016077170418 0.11861379063951417
36 0.1692122186495177 0.5051804215791355 0.1004823151125402 0.11575562700964631
81 0.2709003215434084 0.5073240443015362 0.09807073954983923 0.11432654519471236
81 0.6692122186495177 0.5094676670239372 0.09565916398713839 0.1157556270096464
55 0.7709003215434084 0.510896748838871 0.09646302250803857 0.11575562700964631
81 0.872588424437299 0.511611289746338 0.09887459807073952 0.11432654519471243
78 0.9634244372990354 0.510896748838871 0.07315112540192928 0.11575562700964631
10 0.9622186495176845 0.6345123258306541 0.0755627009646298 0.11718470882457994
80 0.8697749196141479 0.633797784923187 0.09646302250803857 0.11289746337977846
10 0.7688906752411578 0.6330832440157201 0.09726688102893888 0.1143265451947125
59 0.06591639871382637 0.6302250803858521 0.1045016077170418 0.11718470882458021
10 0.17041800643086816 0.6295105394783852 0.09807073954983923 0.11861379063951404
37 0.2656752411575563 0.6302250803858521 0.08601286173633443 0.120042872454448
81 0.06712218649517686 0.752411575562701 0.10691318327974278 0.11289746337977846
78 0.17122186495176847 0.7516970346552341 0.0980707395498392 0.11718470882458021
80 0.17122186495176847 0.9680242943908539 0.0980707395498392 0.06395141121829226
10 0.06551446945337619 0.9715969989281885 0.10530546623794208 0.05680600214362274
36 0.767684887459807 0.7552697391925688 0.0964630225080387 0.11575562700964624
81 0.4730707395498392 0.03358342265094676 0.09887459807073952 0.06716684530189353
81 0.2664790996784566 0.03358342265094677 0.1020900321543408 0.06716684530189354
59 0.1619774919614148 0.029296177206145052 0.10209003215434082 0.058592354412290104
81 0.8685691318327975 0.7574133619149697 0.09565916398713824 0.11432654519471243
73 0.9610049045345833 0.7609790425750291 0.07800012595424873 0.10572007086266472
10 0.9602090032154341 0.8803143979992857 0.07958199356913184 0.11718470882458021
81 0.8657556270096464 0.9701679171132548 0.09646302250803857 0.05966416577349051
24 0.8681672025723473 0.8781707752768847 0.09485530546623792 0.11003929974991068
5 0.7713022508038585 0.8767416934619504 0.08601286173633438 0.11289746337977884
37 0.36977491961414793 0.03358342265094676 0.0980707395498392 0.06716684530189353
81 0.8842443729903536 0.030010718113612 0.10289389067524113 0.060021436227224
