10 0.663539052142381 0.2871990265515386 0.0730549057384712 0.07905458398752453
13 0.5573598723734245 0.36464025168217473 0.0639797621684746 0.06937443084619477
10 0.6188439700601495 0.363430232539508 0.05172831834898071 0.06534103370397398
71 0.6810087035146245 0.3626235531110635 0.058080918847975296 0.05727423941953259
81 0.7415852868443514 0.3626235531110642 0.05762716166947676 0.057274239419532774
81 0.5573598723734247 0.43522470167103583 0.062164733454475395 0.0637276748470859
61 0.6211127559526496 0.43441802224259163 0.05898843320497669 0.06372767484708597
5 0.6798743105683763 0.4291746059577049 0.05671964731247755 0.0709877897030831
73 0.9137861360850337 0.35415341911240117 0.056265890133977765 0.05969427770486533
10 0.9153742862097832 0.4231245102443739 0.05581213295547812 0.06211431599019775
13 0.8602427890220524 0.4263512279581494 0.04900577527797976 0.06211431599019772
10 0.8679566610565519 0.4945156396616791 0.03902311735098451 0.06292099541864168
10 0.5575867509626745 0.5078258502310072 0.03902311735098458 0.06534103370397425
11 0.6518455978589333 0.5059272535179924 0.07350866291696981 0.0669552404080375
73 0.5578136295519245 0.5792169796483122 0.06216473345447554 0.0645343542755301
56 0.6208858773633996 0.5759902619345357 0.05944219038347662 0.06453435427553003
51 0.5558296358145403 0.6546713897287614 0.06307224781147389 0.06584908682663602
10 0.62088587736336 0.6477847310660414 0.058534676026471374 0.0693744308461877
81 0.5553179650701745 0.7207892193402556 0.0626184906329752 0.06050095713330825
61 0.621339634541889 0.7187725207691402 0.060349704740474845 0.061307636561743276
