19 0.0542604501607717 0.36155769917827796 0.10530546623794212 0.1314755269739193
10 0.3452572347266882 0.1128974633797784 0.17122186495176847 0.2257949267595568
81 0.170016077170418 0.36441586280814575 0.11334405144694534 0.12575919971418364
71 0.28462034994880253 0.3662060492157312 0.10610932475884263 0.13147169147721308
81 0.6129421221864952 0.3815648445873526 0.10048231511254016 0.1257591997141836
49 0.7218649517684886 0.38085030367988565 0.10128617363344049 0.12433011789924969
81 0.8344051446945335 0.3829939264022865 0.10289389067524096 0.1286173633440515
50 0.947347266881029 0.3844230082172204 0.09887459807073952 0.12575919971418364
5 0.05506430868167203 0.5008931761343335 0.10530546623794212 0.12718828152911751
49 0.170016077170418 0.5037513397642015 0.11012861736334405 0.1214719542693819
10 0.28336012861736337 0.5030367988567346 0.1004823151125402 0.1229010360843158
10 0.16961414790996784 0.6402286530903893 0.08842443729903536 0.13719185423365488
73 0.05305466237942122 0.7738478027867095 0.10610932475884244 0.090032154340836
1 0.1692122186495176 0.7638442300821723 0.11173633440514465 0.09289031797070356
19 0.6241961414790996 0.5066095033940694 0.08118971061093241 0.1186137906395141
5 0.7214630225080385 0.5130403715612719 0.1020900321543408 0.1229010360843158
71 0.8299839228295821 0.5166130760986067 0.10691318327974286 0.1186137906395141
10 0.9433279742765274 0.5194712397284745 0.09726688102893888 0.12433011789924969
81 0.8326885331568196 0.6503177811671091 0.11816720257234752 0.11289746337977856
10 0.7198553054662379 0.645944980350125 0.07315112540192928 0.13433369060378708
19 0.82914049764216 0.784018083872607 0.10530546623794203 0.1257591997141836
73 0.942122186495177 0.7909967845659165 0.10450160771704177 0.12718828152911754
73 0.7371382636655949 0.780993211861379 0.06270096463022497 0.12433011789924976
1 0.7363344051446947 0.9167559842801001 0.06270096463022512 0.1157556270096464
81 0.8283762057877812 0.918899607002501 0.10209003215434093 0.12290103608431577
49 0.944131832797426 0.9272954626652372 0.11173633440514429 0.12254376563058265
50 0.05265273311897107 0.9246159342622365 0.09726688102893892 0.11432654519471243
81 0.16358520900321544 0.9303322615219721 0.10209003215434082 0.0828867452661666
