81 0.5546992052813117 0.29409246894006125 0.07053861593042655 0.08213463271431101
17 0.6262690875265111 0.2981258660822819 0.06682605719724632 0.07846790803956499
81 0.6941264110385299 0.3006925733546041 0.06476352456770186 0.08213463271431103
62 0.7630150008653209 0.30362595309440094 0.06641355067133745 0.08066794284441262
17 0.901410940307766 0.3032592806269263 0.0668260571972467 0.0799345979094633
81 0.9682369975050124 0.3036259530944007 0.06187597888633878 0.07920125297451407
82 0.5555242183331299 0.38026049879659285 0.0697136028786089 0.07846790803956502
81 0.5540804454924487 0.4653285112507007 0.08250130518178544 0.06966776882017442
5 0.6254440744746934 0.3828272060689152 0.06600104414542848 0.08066794284441264
87 0.6943326643014842 0.3850272408737627 0.06517603109361075 0.07480118336481895
73 0.8989359011523126 0.3886939655485087 0.06352600498997489 0.08066794284441257
87 0.9680307442420581 0.38906063801598334 0.06393851151588378 0.07846790803956495
17 0.5546992052813122 0.5500298512373338 0.06888858982679104 0.07626787323471731
81 0.5526366726517675 0.6354645361589163 0.06723856372315523 0.07846790803956495
62 0.5520179128629041 0.7164991514708035 0.06930109635269986 0.06893442388522515
73 0.6153376645899246 0.5500298512373339 0.049088276583162484 0.08066794284441257
10 0.89976091420413 0.5459964540951112 0.0478507570054345 0.05793424986098698
10 0.6217845659163976 0.7274026438013576 0.0651125401929259 0.04287245444801686
