81 0.2789389067524116 0.29081814933904965 0.08038585209003213 0.08717399071096818
81 0.6258038585209004 0.2893890675241157 0.06993569131832791 0.08717399071096811
83 0.7065916398713827 0.2865309038942479 0.07717041800643087 0.08717399071096811
10 0.7954180064308681 0.28653090389424796 0.08118971061093248 0.09289031797070382
73 0.8866559485530547 0.2829581993569132 0.08520900321543408 0.09431939978563776
28 0.6237942122186495 0.3929974991068239 0.07556270096463023 0.08574490889603431
81 0.7077974276527331 0.390139335476956 0.0827974276527331 0.08860307252590209
71 0.7958199356913184 0.3872811718470882 0.08520900321543408 0.0914612361557699
10 0.8858520900321543 0.3865666309396213 0.08360128617363344 0.09574848160057157
10 0.7950160771704179 0.4901750625223294 0.0659163987138264 0.09717756341550554
11 0.6728295819935688 0.4937477670596644 0.11736334405144695 0.09860664523043909
5 0.7102090032154341 0.5902107895677028 0.069935691318328 0.08860307252590204
8 0.7970257234726685 0.5902107895677029 0.08118971061093246 0.09146123615577012
81 0.8870578778135048 0.5909253304751697 0.0860128617363344 0.090032154340836
71 0.8894694533762058 0.6973919256877457 0.0860128617363344 0.09431939978563776
10 0.7986334405144695 0.6959628438728117 0.08279742765273312 0.08860307252590217
10 0.889871382636656 0.8024294390853877 0.08842443729903536 0.1014648088603073
83 0.8014469453376205 0.7995712754555196 0.07877813504823152 0.08717399071096836
28 0.8910771704180064 0.9067524115755627 0.0860128617363344 0.08717399071096821
81 0.8114951768488745 0.9081814933904967 0.061897106109324654 0.09289031797070381
