55 0.06270096463022504 0.11003929974991067 0.10450160771704171 0.120042872454448
5 0.170016077170418 0.11575562700964631 0.1036977491961415 0.12004287245444802
78 0.27491961414790994 0.1214719542693819 0.09807073954983919 0.12290103608431577
10 0.3754019292604502 0.12218649517684887 0.09646302250803857 0.1186137906395141
36 0.680064308681672 0.12433011789924973 0.09485530546623806 0.12004287245444804
5 0.7833601286173634 0.1250446588067167 0.09726688102893888 0.12147195426938193
59 0.8887158183312728 0.12542464510277848 0.10449222001426392 0.11146838156484479
81 0.8866559485530547 0.2536620221507681 0.11897106109324768 0.10146480886030726
10 0.7789389067524115 0.2500893176134334 0.07234726688102895 0.12290103608431582
10 0.27813504823151125 0.24723115398356557 0.07877813504823149 0.12575919971418364
81 0.06511254019292605 0.2379421221864952 0.11414790996784566 0.10718113612004287
80 0.06953376205787783 0.3651304037156127 0.10209003215434087 0.11575562700964624
73 0.17363344051446947 0.37084673097534837 0.10128617363344054 0.11575562700964637
60 0.2765273311897106 0.3729903536977492 0.09967845659163987 0.11718470882458021
5 0.37741157556270094 0.3729903536977492 0.09565916398713831 0.11718470882458021
78 0.6772508038585208 0.375848517327617 0.09565916398713817 0.11718470882458021
73 0.778135048231511 0.3772775991425508 0.09646302250803857 0.11718470882458018
68 0.8814308681672025 0.37513397642015006 0.10048231511254016 0.11575562700964631
5 0.9694533762057879 0.37513397642015006 0.06109324758842433 0.12147195426938197
81 0.07194533762057878 0.49231868524473027 0.10209003215434084 0.11861379063951412
24 0.1760450160771704 0.4944623079671311 0.0980707395498392 0.12004287245444806
81 0.27652733118971057 0.49517684887459806 0.09646302250803852 0.11861379063951404
59 0.07435691318327974 0.6159342622365129 0.10369774919614146 0.11432654519471244
10 0.17684887459807075 0.6187924258663808 0.09646302250803862 0.11146838156484465
37 0.27210610932475887 0.6180778849589139 0.08440514469453379 0.11289746337977846
81 0.6764469453376206 0.49874955341193283 0.09565916398713824 0.120042872454448
55 0.7769292604501608 0.5008931761343337 0.09565916398713824 0.11289746337977846
81 0.8790192926045016 0.5008931761343337 0.09726688102893888 0.11289746337977846
78 0.967443729903537 0.5023222579492677 0.06511254019292607 0.1157556270096464
10 0.9658360128617364 0.6216505894962486 0.06832797427652736 0.11432654519471243
80 0.8770096463022509 0.6216505894962486 0.09485530546623792 0.11432654519471243
10 0.7749196141479101 0.6209360485887817 0.09485530546623792 0.1128974633797786
36 0.7741157556270096 0.7424080028581637 0.09646302250803857 0.1157556270096464
81 0.8741961414790996 0.7438370846730976 0.0940514469453376 0.11289746337977846
73 0.9642282958199356 0.7459807073954984 0.07154340836012864 0.11718470882458015
5 0.7837620578778136 0.8617363344051446 0.07234726688102897 0.11432654519471228
24 0.8729903536977491 0.8638799571275456 0.09646302250803857 0.1157556270096464
10 0.962620578778135 0.8688817434798142 0.07475884244372992 0.11718470882458021
81 0.8729903536977491 0.9665952125759198 0.09967845659163985 0.06680957484816005
81 0.07475884244372992 0.738120757413362 0.10450160771704181 0.11003929974991067
78 0.17845659163987138 0.738835298320829 0.0980707395498392 0.11718470882458021
36 0.07320632883743 0.8631599323049239 0.10450160771704177 0.11861080531987528
5 0.1792604501607717 0.8603072525902108 0.09646302250803859 0.1114683815648445
80 0.17805466237942125 0.9623079671311183 0.09565916398713827 0.07538406573776342
10 0.0727491961414791 0.964451589853519 0.10209003215434084 0.07109682029296151
68 0.779742765273312 0.965880671668453 0.07877813504823152 0.06823865666309388
81 0.2704983922829582 0.7402643801357627 0.08279742765273312 0.11718470882458021
59 0.1680064308681672 0.025008931761343337 0.10289389067524118 0.050017863522686674
