81 0.5262775056461866 0.4065875819612691 0.049005775277980515 0.0677610719893064
10 0.6115838552041524 0.2912324236937587 0.07986126341597016 0.08550801941507709
33 0.5816358814231647 0.406184242247047 0.05808091884797702 0.06695439256086204
81 0.6422124647528912 0.40779760110393554 0.05944219038347654 0.06695439256086246
2 0.5267312628246866 0.4791887305212405 0.04900577527798075 0.06776107198930661
10 0.5820896386016646 0.4787853908070185 0.05717340449097736 0.0669543925608623
10 0.5235549625751875 0.5534032379380999 0.042653174778983095 0.06776107198930603
70 0.5267312628246862 0.6243910276411829 0.049005775277980834 0.06292099541864184
5 0.5816358814231646 0.6211643099274065 0.05626589013397769 0.0661477131324185
45 0.5823165171909148 0.6929587790589341 0.05671964731247755 0.06292099541864175
81 0.5262775056461865 0.6977988556295982 0.04628323220698152 0.06614771313241881
81 0.6413049503958915 0.6901354010593795 0.05490461859847834 0.0637276748470859
70 0.9321633018142756 0.6893287216309344 0.05671964731247851 0.07340782798841532
81 0.982076591449257 0.6877153627740472 0.03584681710148601 0.0685677514177506
81 0.9800346841459898 0.5433197450825453 0.03993063170798328 0.06856775141774393
42 0.9807153199137576 0.47273529509368756 0.038569360172484864 0.06614771313241824
81 0.9811690770922573 0.3993274671052723 0.037661845815485435 0.06453435427553003
40 0.9296676373325277 0.40295752453327083 0.058080918847977045 0.06534103370397425
52 0.6410780718066417 0.6183409319278523 0.05717340449097733 0.06534103370397418
