46 0.07596463022508039 0.1914969632011433 0.11977491961414792 0.1371918542336549
5 0.07676848874598072 0.33440514469453375 0.11655948553054664 0.13719185423365488
81 0.19533762057877813 0.19649874955341193 0.1141479099678456 0.13862093604858877
66 0.3131028938906752 0.19935691318327975 0.11334405144694534 0.13862093604858874
45 0.19694533762057875 0.3386923901393355 0.1157556270096463 0.13433369060378703
10 0.19614147909967847 0.480886030725259 0.07234726688102892 0.13290460878885313
10 0.3135048231511254 0.3408360128617363 0.1109324758842444 0.13576277241872098
81 0.42644694533762056 0.20221507681314754 0.10691318327974272 0.13576277241872103
81 0.654742765273312 0.20150053590568057 0.11173633440514479 0.13433369060378705
66 0.7713022508038585 0.20078599499821365 0.11334405144694529 0.13576277241872095
81 0.889871382636656 0.19721329046087888 0.11736334405144688 0.13147552697391926
45 0.6547427652733119 0.3415505537692033 0.10691318327974272 0.12861736334405144
23 0.8882636655948554 0.34226509467667027 0.11736334405144688 0.13290460878885318
5 0.770096463022508 0.3436941764916041 0.11254019292604511 0.13290460878885318
10 0.767684887459807 0.48445873526259375 0.08681672025723458 0.12861736334405144
81 0.8910771704180064 0.48445873526259375 0.12942122186495184 0.1257591997141836
73 0.7692926045016076 0.6237942122186495 0.11254019292604496 0.13862093604858886
66 0.8874598070739549 0.6259378349410504 0.11575562700964624 0.13719185423365501
81 0.887459807073955 0.767416934619507 0.11414790996784575 0.13433369060378708
46 0.8886655948553056 0.9103251161128975 0.11816720257234735 0.13719185423365488
46 0.19614147909967847 0.6195069667738479 0.11575562700964631 0.13290460878885313
73 0.07556270096463022 0.6202215076813148 0.11736334405144692 0.13719185423365488
45 0.07556270096463022 0.7638442300821723 0.11736334405144692 0.13576277241872106
81 0.1949356913183279 0.7617006073597713 0.11495176848874596 0.13433369060378694
10 0.07395498392282962 0.9096105752054303 0.11897106109324768 0.14147909967845715
66 0.19372990353697747 0.9053233297606289 0.11414790996784566 0.13290460878885327
11 0.37138263665594856 0.48160057163272596 0.15916398713826363 0.1257591997141836
