34 0.5466553280260872 0.34946001152872547 0.06600104414542843 0.07993459790946283
81 0.6132751319603797 0.35166004633357373 0.06311349846406576 0.07846790803956495
74 0.6747386043208101 0.3523933912685231 0.05733840710134117 0.07553452829976809
48 0.8123095307114377 0.3527600637359976 0.06435101804179283 0.07626787323471727
81 0.8814043738011823 0.3505600289311499 0.06723856372315518 0.07920125297451391
80 0.9511179766797909 0.34799332165882774 0.06888858982679104 0.0799345979094632
10 0.950705470153883 0.432694661645461 0.06723856372315538 0.07773456310461568
34 0.8799606009605013 0.43526136891778316 0.06600104414542851 0.07700121816966637
10 0.8789293346457291 0.5184960190345178 0.05981344625679436 0.079201252974514
5 0.8125157839743922 0.4356280413852576 0.06146347236043015 0.07333449349492055
80 0.6134813852233344 0.4341613515153594 0.0618759788863391 0.07480118336481895
10 0.5476865943408599 0.4330613341129347 0.06558853761951934 0.07846790803956506
81 0.6192564765860589 0.5140959494248224 0.0792012529745137 0.05866759479593636
5 0.5472740878149515 0.5936638748668116 0.06393851151588378 0.07553452829976813
80 0.879135587908684 0.5998973068138799 0.06600104414542869 0.07773456310461568
5 0.949880457102065 0.6017306691512528 0.07053861593042669 0.07993459790946346
48 0.9494679505761557 0.6853319917354621 0.06971360287860887 0.07846790803956487
81 0.8838794129566366 0.6827652844631399 0.058163420153158965 0.07773456310461584
11 0.9676182377161492 0.5199627089044164 0.06476352456770172 0.07480118336481895
