81 0.11294212218649513 0.050732404430153616 0.11173633440514465 0.10146480886030723
17 0.22709003215434084 0.052161486245087534 0.10530546623794208 0.10432297249017507
81 0.33762057877813495 0.054305108967488386 0.10610932475884242 0.10861021793497677
62 0.44975884244372993 0.052161486245087534 0.10530546623794215 0.10432297249017507
81 0.5586816720257235 0.05144694533762058 0.10610932475884248 0.10289389067524116
17 0.6728295819935691 0.047874240800285815 0.10771704180064297 0.09574848160057163
81 0.7893890675241159 0.04644515898535191 0.11254019292604496 0.09289031797070382
62 0.9119774919614145 0.04072883172561629 0.12138263665594862 0.08145766345123258
5 0.9103697749196134 0.1622007859949982 0.12138263665594837 0.1386209360485888
87 0.7881832797427653 0.16934619506966775 0.11495176848874593 0.12718828152911757
73 0.6724276527331192 0.17506252232940342 0.10852090032154332 0.13004644515898545
11 0.6929260450160771 0.31582708110039304 0.1881028938906752 0.12861736334405144
10 0.9071543408360077 0.30868167202572344 0.0988745980707391 0.13433369060378705
10 0.3404340836012862 0.31654162200785996 0.09083601286173631 0.13004644515898534
87 0.3388263665594855 0.18149339049660593 0.10691318327974283 0.12290103608431585
5 0.22789389067524118 0.17934976777420508 0.10691318327974277 0.12718828152911757
81 0.11736334405144695 0.31511254019292606 0.13504823151125403 0.1043229724901751
82 0.11535369774919614 0.17649160414433723 0.11012861736334405 0.1300464451589853
17 0.11655948553054662 0.4480171489817792 0.10771704180064308 0.11861379063951404
73 0.22950160771704184 0.4480171489817792 0.10369774919614148 0.1214719542693819
62 0.3388263665594855 0.4501607717041802 0.1020900321543408 0.12575919971418364
81 0.11696141479099678 0.585923544122901 0.1085209003215434 0.1257591997141836
87 0.22909967845659174 0.5837799214005003 0.10610932475884251 0.12147195426938176
81 0.3396302250803858 0.587352625937835 0.1020900321543408 0.1229010360843158
62 0.11655948553054664 0.723829939264023 0.10771704180064309 0.12718828152911732
10 0.22789389067524113 0.7231153983565559 0.10369774919614148 0.12861736334405152
81 0.11374598070739551 0.8574490889603432 0.10852090032154343 0.12575919971418362
82 0.2282958199356913 0.8617363344051446 0.10771704180064307 0.12290103608431613
10 0.6756430868167204 0.45016077170418006 0.09726688102893903 0.1314755269739193
62 0.7853697749196141 0.450875312611647 0.11093247588424432 0.13004644515898542
73 0.9071543408360128 0.45158985351911396 0.11816720257234735 0.12861736334405144
81 0.7845659163987139 0.5887817077527688 0.11254019292604496 0.12861736334405152
82 0.9059485530546624 0.5937834941050375 0.11897106109324752 0.13576277241872092
10 0.9079581993569131 0.7331189710610932 0.12138263665594858 0.13433369060378675
87 0.9103631512387129 0.8763628258985774 0.1205789027894761 0.13427571776949956
10 0.028938906752411574 0.44873168988924617 0.05787781350482315 0.120042872454448
73 0.027331189710610933 0.17506252232940334 0.05466237942122187 0.12718828152911751
10 0.02652733118971061 0.7245444801714899 0.05305466237942122 0.12004287245444814
