81 0.5744892058617931 0.32224924771743607 0.06139334625102578 0.07010044233179465
81 0.696277632571145 0.325354963516946 0.05740028308022729 0.06921309496050597
62 0.635383419216469 0.32446761614565744 0.056402017287527716 0.0674384002179289
17 0.5215811188487138 0.31958720560357046 0.03743496722623519 0.0771992213021029
5 0.5218306852968888 0.39589907953438475 0.03993063170798429 0.06832574758921751
87 0.5747387723099681 0.3972301005913177 0.05989594756197649 0.06921309496050618
10 0.635383419216469 0.3985611216482504 0.05540375149482813 0.06655105284664047
10 0.5722431078282189 0.47087993240826637 0.05590288439117785 0.06921309496050604
11 0.6875428068850233 0.4677742166087564 0.10781270561155729 0.06655105284664047
81 0.8153208283505735 0.32535496351694626 0.0549046185984784 0.06743840021792916
62 0.8739689436716752 0.32358026877436896 0.056402017287527875 0.06921309496050632
81 0.9358614228190504 0.32269292140308037 0.058398548872927024 0.06921309496050611
17 0.984776446661331 0.32003087928921475 0.030447106677337955 0.07098778970308302
5 0.8737193772235008 0.3985611216482511 0.057899415976577204 0.06477635810406214
82 0.934114457681826 0.3985611216482504 0.05889768176927675 0.0647763581040634
81 0.9333657583373014 0.46866156398004494 0.07437080155612065 0.05767757913375497
10 0.8712237127417509 0.47176727977955635 0.041927163293383425 0.07098778970308575
73 0.5218306852968888 0.5467481326534364 0.03993063170798429 0.06477635810406326
62 0.574489205861793 0.5436424168539264 0.058398548872926954 0.06921309496050611
5 0.6351338527682941 0.5423113957969936 0.05690115018387765 0.07010044233179456
81 0.5739900729654432 0.6195106170990965 0.06039508045832605 0.06832574758921738
87 0.5215811188487138 0.6195106170990965 0.03743496722623519 0.06832574758921738
10 0.5198341537114896 0.6984845331437767 0.03593756853718588 0.07010044233179454
17 0.5732413736209184 0.6936041226016895 0.05889768176927667 0.06921309496050597
10 0.6321390553901952 0.6918294278591125 0.051909821220379515 0.06743840021792906
82 0.635632985664644 0.6177359223565194 0.05690115018387758 0.06655105284664047
81 0.9356118563708758 0.6190669434134525 0.05989594756197633 0.06743840021792896
73 0.8744680765680247 0.5467481326534364 0.05340721990942891 0.06655105284664047
62 0.9361109892672255 0.6940477962873338 0.05789941597657702 0.0683257475892175
10 0.9840277473168064 0.39678642690567334 0.031944505366387405 0.06832574758921751
17 0.9348631570263507 0.5454171115965035 0.05939681466562661 0.0709877897030831
82 0.6967767654674947 0.3972301005913176 0.05740028308022729 0.06566370547535186
87 0.8168182270396228 0.399004795333895 0.05091155542767966 0.06921309496050637
