10 0.7223006067581096 0.2968791796928682 0.0499132896349802 0.08389466055818912
10 0.8380086872755638 0.36222021339684246 0.03448554556598623 0.04033397142220629
10 0.8738555043770492 0.40618424224704713 0.03448554556598594 0.03952729199376205
73 0.875443654501799 0.36423691196795277 0.03493930274448601 0.04114065085065036
81 0.627465356451647 0.3610101942541762 0.031763002494987515 0.03791393313687386
12 0.8364205371508144 0.4053775628186031 0.034031788387486585 0.03791393313687386
10 0.8359667799723147 0.4469215533834756 0.026771673531489314 0.037107253708429794
77 0.835059265615315 0.4904822425194584 0.03312427403048702 0.03710725370842986
81 0.8715867184845506 0.49169226166212454 0.034485545565986514 0.04114065085065043
25 0.8704523255383004 0.533639591941219 0.0340317883874864 0.03791393313687391
10 0.8343786298475652 0.532429572798553 0.03267051685198694 0.03872061256531808
10 0.8695448111813013 0.5755869222203137 0.0340317883874863 0.03791393313687386
81 0.8014812344063281 0.40618424224704724 0.03130924531648773 0.036300574279985585
