81 0.5741488879779181 0.32269292140308026 0.060349704740476184 0.07098778970308302
17 0.5221936910396886 0.3202728831177479 0.038115602993984865 0.07098778970308313
5 0.5215130552719388 0.39529406996305155 0.038569360172484794 0.06937443084619481
10 0.5757370381026674 0.47273529509368756 0.042653174778983144 0.06614771313241824
87 0.5746026451564178 0.397714108248384 0.05853467602647676 0.0677610719893066
10 0.6358598642538936 0.3993274671052723 0.05762716166947719 0.06776107198930653
62 0.6356329856646438 0.3251129596884127 0.058080918847976906 0.07098778970308306
81 0.6955289332266201 0.3263229788310788 0.05535837577697819 0.06534103370397418
11 0.6871344254243735 0.47233195537946565 0.10572542259045818 0.06372767484708604
10 0.8709060827167999 0.4731386348079089 0.04582947502848083 0.06534103370397402
81 0.9351127234745255 0.4699119170941332 0.06352600498997489 0.057274239419532906
17 0.9355664806530253 0.545739783367881 0.05989594756197647 0.0685677514177506
62 0.8734017471985491 0.32511295968841253 0.05717340449097746 0.06937443084619448
81 0.8114638923333243 0.3247096199741906 0.0594421903834764 0.07018111027463891
81 0.9355664806530253 0.3234996008315244 0.05989594756197647 0.06776107198930649
17 0.9847991345202552 0.32107956254619174 0.030401730959487627 0.0693744308461948
82 0.9353396020637754 0.397714108248384 0.05944219038347669 0.0677610719893066
5 0.8727211114308001 0.39852078767682814 0.057627161669477116 0.06614771313241832
73 0.8722673542523003 0.5453364436536589 0.060349704740476115 0.06614771313241824
81 0.9351127234745255 0.6187442716420745 0.05989594756197633 0.06937443084619474
62 0.9367008735992748 0.6953788173442663 0.060349704740476115 0.07421450741685959
73 0.5217399338611886 0.5453364436536587 0.03902311735098471 0.06614771313241821
62 0.5748295237456678 0.5445297642252148 0.05898843320497669 0.06776107198930646
5 0.6356329856646439 0.5449331039394368 0.05535837577697805 0.0685677514177506
81 0.5743757665671678 0.6179375922136301 0.05898843320497647 0.0661477131324181
87 0.5217399338611884 0.6195509510705183 0.037208088636985194 0.06937443084619514
10 0.5201517837364393 0.6990088747722649 0.03584681710148587 0.06372767484708604
17 0.5727876164424174 0.6925554393447108 0.05944219038347634 0.06695439256086094
10 0.6301878995226459 0.6929587790589341 0.04809826092098106 0.07098778970308317
82 0.6360867428431436 0.6187442716420744 0.058080918847977114 0.0677610719893066
10 0.9845722559310061 0.39690742881993984 0.030855488137987948 0.06937443084619481
82 0.6953020546373702 0.39932746710527217 0.05490461859847841 0.07098778970308302
