16 0.5280925343601863 0.2790588977736026 0.05362584836816055 0.055000870121190426
10 0.591412286087206 0.4274512453605743 0.04166315911680167 0.07604786975423246
10 0.9127548697702617 0.4356280413852579 0.04166315911680172 0.07626787323471731
10 0.9744245953936463 0.35679346087821834 0.049500783109071446 0.07113445869007293
10 0.9727745692900106 0.6669983683617321 0.054450861419978625 0.07113445869007293
10 0.9131673762961703 0.7289660153649397 0.0565133940495231 0.04400069609695222
32 0.5906285236879796 0.2790955650203498 0.06402101282106565 0.059327605237390627
10 0.657413330232635 0.28015891517602626 0.06352600498997489 0.06130763656175354
81 0.7218468495796097 0.28257895346135864 0.06171097627597561 0.06292099541864182
86 0.7869610046943339 0.2809655946044704 0.06307224781147497 0.059694277704865295
44 0.8511676454520587 0.2829822931755807 0.06171097627597561 0.06534103370397418
5 0.9162818005667828 0.2837889726040248 0.062164733454475395 0.0653410337039742
81 0.9754971123610097 0.2833856328898028 0.04900577527798077 0.06614771313241832
81 0.5290000487171859 0.5048191359977153 0.05263583270597905 0.07018111027463896
86 0.5292269273064355 0.3479199871653326 0.05308958988447918 0.07260114855997131
5 0.5907110249931611 0.350340025450665 0.06352600498997492 0.07260114855997131
81 0.6571864516433851 0.35276006373599744 0.06307224781147504 0.07260114855997116
11 0.7547468452618672 0.42810958774818564 0.22687858924990936 0.07099636517320639
32 0.7223006067581096 0.3547767623071079 0.06171097627597575 0.07179446913152716
73 0.8532095527553072 0.35598678144977347 0.05490461859847921 0.07260114855997118
81 0.914013014674284 0.35639012116399615 0.06125721909747583 0.07179446913152723
16 0.5898035106361619 0.5048191359977153 0.06352600498997482 0.07179446913152723
44 0.6555983015186283 0.5064324948546021 0.06080346191897499 0.06856775141775306
86 0.9124248645495341 0.5108692317110463 0.06080346191897608 0.07098778970308312
44 0.9736820836470101 0.5132892699963786 0.052635832705979484 0.06937443084619495
44 0.9115173501925348 0.5883104568416822 0.06080346191897592 0.07260114855997123
81 0.9730014478792606 0.5895204759843484 0.053997104241478834 0.07018111027463896
32 0.5280925343601863 0.5826637008425734 0.0499132896349802 0.0677610719893066
44 0.588895996279162 0.5826637008425732 0.0626184906329753 0.06937443084619466
73 0.6517413655013721 0.5826637008425688 0.054904618598476916 0.07098778970307494
81 0.9133323789065341 0.6657516819723184 0.056265890133977765 0.07098778970308302
86 0.9730014478792606 0.7302860362478484 0.053997104241478834 0.04033397142220636
44 0.5278656557709361 0.6601049259732092 0.04945953245648032 0.07098778970308324
5 0.5879884819221626 0.6609116054016536 0.06261849063297519 0.07260114855997131
81 0.6460694007701397 0.6601049259732096 0.046283232206981564 0.07098778970308317
10 0.720258699454859 0.5028024374266049 0.06216473345447542 0.05969427770486522
10 0.8452688021315609 0.5072391742830477 0.06624854806097404 0.06534103370397418
10 0.5276387771816864 0.7258492993914057 0.049005775277980564 0.045980727421315065
10 0.6401705574496261 0.7250426199629548 0.037208088636983924 0.04759408627819121
81 0.5873078461544128 0.7262526391056278 0.06397976216847474 0.045174047992871065
