67 0.5902118920968118 0.39234969004923065 0.053906352805778754 0.06122696861890915
71 0.6463643429361646 0.394568058477452 0.05041242253133014 0.05856492650504364
8 0.812575597420649 0.39944846901953907 0.049414156738630484 0.05945227387633212
35 0.865733250881903 0.4003358163908275 0.051909821220379515 0.0594522738763321
5 0.9213865688249061 0.4007794900764718 0.053407219909428816 0.0603396212476207
81 0.97504335518251 0.401223163762116 0.0499132896349802 0.06122696861890922
10 0.97504335518251 0.46599952186617943 0.0499132896349802 0.05945227387633217
81 0.9211370023767316 0.4646685008092465 0.05290808701307934 0.05856492650504355
73 0.865982817330078 0.46422482712360236 0.053407219909428816 0.05945227387633203
53 0.8110781987315997 0.4651121744948908 0.05141068832402979 0.05590288439117785
5 0.64611477648799 0.4606754376384485 0.0529080870130791 0.06122696861890882
8 0.5887144934077624 0.45756972183893824 0.05490461859847855 0.06033962124762063
10 0.6438686784544158 0.524564448371223 0.0324436382627372 0.05945227387633217
11 0.8260521856220937 0.5285575115420214 0.10631530692250805 0.06388901073277481
10 0.9236326668584802 0.5290011852276656 0.03893236591528449 0.06300166336148628
10 0.8659828173300785 0.5937775433317299 0.05340721990942875 0.059452273876333644
8 0.9226344010657805 0.5964395854455945 0.052908087013078954 0.06122696861890922
67 0.9767903203197342 0.5968832591312389 0.046419359360531584 0.06033962124762063
53 0.9243813662030049 0.6643216593491679 0.054405485702128546 0.06033962124762056
81 0.977289453216084 0.6656526804061006 0.045421093567832145 0.06477635810406326
81 0.5854701295814888 0.5911155012178635 0.054405485702128636 0.06300166336148628
4 0.5839727308924393 0.6607722698640136 0.055403751494828055 0.06388901073277474
4 0.8712237127417508 0.6621032909209464 0.04492196067148228 0.06122696861890915
81 0.9248804990993545 0.7264359753393659 0.055403751494828096 0.04791675804958187
10 0.9780381525606088 0.7268796490250097 0.04392369487878255 0.04525471593571538
53 0.5812274999625154 0.7251049542824327 0.05690115018387751 0.04880410542086949
