81 0.170016077170418 0.23794212218649527 0.09565916398713822 0.1071811361200428
56 0.2676848874598071 0.23937120400142908 0.09324758842443731 0.10718113612004287
10 0.35329581993569126 0.24580207216863192 0.07315112540192925 0.10289389067524164
10 0.44212218649517676 0.09574848160057162 0.11736334405144629 0.19149696320114323
0 0.6386655948553055 0.2529474812433012 0.08279742765273312 0.10003572704537338
10 0.7262861736334404 0.2543765630582351 0.08440514469453372 0.10289389067524121
73 0.817524115755627 0.25723472668810293 0.08520900321543394 0.10575205430510898
25 0.16961414790996784 0.34869596284387283 0.09485530546623792 0.10861021793497677
10 0.2680868167202572 0.46588067166845304 0.0635048231511254 0.10575205430510898
81 0.2680868167202572 0.3522686673812076 0.09083601286173629 0.10432297249017503
6 0.3557073954983923 0.3565559128260093 0.07475884244372995 0.1043229724901751
81 0.6334405144694534 0.360843158270811 0.090032154340836 0.10146480886030723
12 0.7262861736334406 0.3629867809932118 0.08601286173633454 0.1028938906752411
10 0.8147106109324759 0.3637013219006788 0.08440514469453377 0.09860664523043944
10 0.7238745980707395 0.4730260807431225 0.05707395498392288 0.09717756341550554
29 0.17162379421221863 0.5744908896034298 0.09565916398713828 0.10003572704537333
73 0.26768488745980706 0.5766345123258307 0.090032154340836 0.1014648088603073
77 0.7226688102893888 0.5787781350482313 0.0868167202572347 0.09146123615576979
81 0.8118971061093248 0.5780635941407646 0.08360128617363344 0.1014648088603073
81 0.17081993569131831 0.6859592711682744 0.0940514469453376 0.10289389067524127
84 0.17122186495176847 0.7981421936405861 0.09485530546623795 0.10432297249017512
41 0.2620578778135048 0.6852447302608075 0.08038585209003213 0.1014648088603073
10 0.17045198227606007 0.9130816041620821 0.09324758842443734 0.1070762534939192
25 0.8102893890675241 0.6823865666309397 0.08520900321543394 0.09860664523043937
10 0.8086816720257235 0.7867095391211147 0.08360128617363358 0.09860664523043937
31 0.8086816720257235 0.8938906752411576 0.08360128617363358 0.09860664523043937
81 0.8086816720257235 0.9744551625580564 0.08681672025723472 0.051089674883887
