10 0.6106763408471536 0.2900224045510932 0.0907514356999642 0.08147462227285672
81 0.5265043842354369 0.4069909216754914 0.047644503742481206 0.06695439256086246
33 0.5827702743694146 0.4082009408181576 0.05944219038347654 0.06614771313241832
2 0.6966633261728696 0.40779760110393554 0.05036704681348013 0.06695439256086246
81 0.8697716897705513 0.4057809025328252 0.05808091884797719 0.06776107198930653
81 0.9809421985030073 0.40174750539060455 0.03811560299398522 0.06937443084619495
42 0.9809421985030073 0.47394531423635383 0.03811560299398522 0.06695439256086246
81 0.9832109843955066 0.6905387407736017 0.03357803120898694 0.07098778970308302
81 0.9823034700385068 0.5445297642252148 0.03539305992298623 0.07098778970308302
81 0.6419855861636405 0.6921520996304887 0.057173404490977166 0.0677610719893071
81 0.5260506270569372 0.6961854967727102 0.04673698938548153 0.06776107198930645
45 0.5814090028339146 0.6941687982015996 0.05671964731247748 0.06856775141775127
10 0.5215130552719385 0.5521932187954337 0.03947687452948444 0.0701811102746386
2 0.526050627056937 0.4779787113785744 0.049459532456480486 0.06534103370397418
10 0.5766445524596671 0.4795920702354627 0.047190746563981346 0.06695439256086246
70 0.5265043842354368 0.6227776687842947 0.04855201809948093 0.06776107198930652
73 0.6955289332266201 0.475558673093242 0.04719074656398121 0.0605009571333094
52 0.8702254469490512 0.47515533337902 0.056265890133977765 0.06292099541864182
