34 0.1069131832797428 0.20150053590568057 0.13022508038585215 0.16291532690246516
81 0.24115755627009644 0.20721686316541618 0.12540192926045007 0.1571989996427295
74 0.3713826366559485 0.2100750267952841 0.1270096463022508 0.16005716327259736
10 0.10932475884244372 0.36584494462307965 0.13344051446945338 0.15719899964272954
48 0.6366559485530547 0.2072168631654162 0.13022508038585215 0.15434083601286172
81 0.7741157556270096 0.20507324044301536 0.1334405144694533 0.15576991782779565
80 0.9168006430868166 0.20150053590568062 0.1406752411575563 0.16005716327259736
34 0.7717041800643086 0.3729903536977492 0.13504823151125409 0.15434083601286175
10 0.9143890675241159 0.3679885673454805 0.13906752411575554 0.1529117541979278
5 0.912379421221865 0.7066809574848159 0.14147909967845662 0.16434440871739908
48 0.9131832797427653 0.8781707752768847 0.139871382636656 0.15862808145766352
