34 0.1065112540192926 0.2007859949982137 0.13263665594855303 0.15862808145766352
81 0.23713826366559487 0.20650232225794923 0.12057877813504828 0.15005359056806
48 0.6310289389067524 0.2072168631654162 0.13665594855305457 0.15434083601286172
81 0.7741157556270097 0.20364415862808147 0.13344051446945332 0.15576991782779567
80 0.9168006430868166 0.19935691318327975 0.13906752411575568 0.1614862450875313
34 0.772106109324759 0.37156127188281524 0.13424437299035347 0.15434083601286175
10 0.912379421221865 0.3708467309753483 0.1366559485530547 0.15576991782779565
10 0.10811897106109326 0.36441586280814575 0.13102893890675243 0.15434083601286175
74 0.10972668810289388 0.8524473026080744 0.1310289389067524 0.15005359056806
81 0.24316720257234728 0.8610217934976778 0.1278135048231511 0.13290460878885313
48 0.9135852090032154 0.8760271525544837 0.13906752411575568 0.16577349053233306
10 0.11012861736334408 0.9701679171132548 0.1334405144694534 0.05966416577349051
80 0.24115755627009647 0.36727402643801355 0.12379421221864952 0.1514826723829939
