78 0.5524304193888129 0.3076593502366215 0.06930109635270011 0.08140128777936169
10 0.6223502755303763 0.3087593676390452 0.06393851151588358 0.07920125297451402
68 0.6862887870462602 0.30875936763904543 0.059813446256794404 0.07773456310461573
36 0.8220034340702971 0.3076593502366216 0.06641355067133727 0.07700121816966649
5 0.8921295434748119 0.3058259878992484 0.06723856372315506 0.08213463271431104
59 0.9643181855088749 0.30215926322450215 0.07136362898224628 0.07920125297451362
10 0.8902732641082252 0.39162734528830556 0.049500783109071446 0.08066794284441257
81 0.9632869191941054 0.38722727567861026 0.07342616161178939 0.07040111375512374
68 0.9634931724570598 0.4763286852749387 0.07301365508588034 0.07846790803956495
73 0.8904795173711796 0.47632868527493877 0.06806357677497303 0.07846790803956495
78 0.8213846742814337 0.4744953229375655 0.06435101804179305 0.07773456310461609
55 0.6871138000980781 0.47376197800261655 0.06063845930861248 0.07480118336481895
5 0.6227627820562853 0.47266196060019283 0.06228848541224807 0.07406783842986975
11 0.6679322466433129 0.3927273626907294 0.09240146180359993 0.06966776882017456
10 0.5567617379108556 0.39089400035335614 0.054038354894069295 0.07920125297451393
60 0.5546992052813122 0.47376197800261655 0.06641355067133752 0.07480118336481895
81 0.5553179650701754 0.5562632831844021 0.06682605719724609 0.07553452829976799
80 0.6225565287933308 0.55369657591208 0.06105096583452138 0.07333449349492063
37 0.5542866987554032 0.6372978984962889 0.06641355067133736 0.07626787323471731
81 0.5538741922294944 0.7172324964057527 0.06723856372315513 0.06893442388522525
81 0.8209721677555248 0.556996628119351 0.0651760310936111 0.07553452829976785
55 0.8908920238970884 0.559196662924199 0.06723856372315523 0.07993459790946332
10 0.890685770634134 0.643164657975883 0.06847608330088206 0.08066794284441264
81 0.962668159405242 0.5599300078591481 0.07218864203406256 0.07993459790946346
80 0.9632869191941054 0.6457313652482051 0.07177613550815351 0.07846790803956495
81 0.9636994257200138 0.7245659457552445 0.07260114855997044 0.0660010441454277
36 0.8925420500007222 0.7219992384829221 0.06476352456770164 0.06380100934058033
