78 0.5549095836095256 0.3119640850047734 0.06851733395347288 0.07986126341596847
10 0.6229731603844987 0.31478746300432786 0.06307224781147497 0.07905458398752437
68 0.6899023442132224 0.31317410414743957 0.06352600498997489 0.0758278662737478
73 0.7570584066311957 0.31438412329010573 0.0635260049899749 0.07502118684530364
36 0.8239875904599194 0.31317410414743957 0.06488727652547426 0.07744122513063609
5 0.8938661959488917 0.3107540658621072 0.06851733395347309 0.0790545839875243
59 0.9555771722248673 0.30793068786255273 0.04764450374248114 0.07986126341596847
10 0.8913705314671428 0.39464872642029625 0.047190746563981346 0.08228130170130071
81 0.9510396004398691 0.39303536756340796 0.053089589884478844 0.07260114855997131
11 0.7243878897792086 0.3974721044198507 0.21235835953791607 0.07986126341596844
10 0.5546827050202757 0.39585874556296247 0.049913289634980346 0.08147462227285665
60 0.5560439765557752 0.4761233486931529 0.06624854806097381 0.07421450741685952
60 0.7572852852204457 0.5632447269651185 0.057627161669477116 0.07260114855997138
78 0.8226263189244198 0.4769300281215971 0.06397976216847454 0.07098778970308302
73 0.8920511672348924 0.4789467266927074 0.06851733395347281 0.07824790455908015
10 0.8954543460736408 0.6503661052370837 0.06171097627597551 0.08066794284441245
36 0.8943199531273917 0.7237739332254995 0.06670230523947368 0.05485420113420062
80 0.9533083863323683 0.649962765522862 0.046736989385481424 0.07986126341596837
81 0.9544427792786178 0.7237739332254995 0.04809826092098106 0.05485420113420062
55 0.8940930745381417 0.5636480666793406 0.06352600498997503 0.07179446913152723
