39 0.03858520900321544 0.18935334047874242 0.07717041800643087 0.09289031797070382
81 0.1229903536977492 0.1907824222936763 0.08520900321543408 0.09574848160057164
57 0.2069935691318328 0.19435512683101108 0.08118971061093248 0.09431939978563772
81 0.29019292604501606 0.19435512683101108 0.07717041800643082 0.09431939978563776
51 0.3721864951768489 0.19935691318327975 0.07877813504823152 0.09289031797070382
81 0.6089228295819936 0.20078599499821365 0.08440514469453374 0.09574848160057163
3 0.6929260450160771 0.20078599499821365 0.07556270096463039 0.09574848160057164
81 0.7765273311897105 0.19935691318327975 0.08038585209003218 0.09574848160057163
39 0.8625401929260451 0.19721329046087888 0.08038585209003216 0.09431939978563772
81 0.9505627009646307 0.19292604501607716 0.08279742765273312 0.10003572704537335
73 0.04059485530546623 0.29581993569131837 0.08118971061093246 0.0886030725259021
51 0.12540192926045016 0.2951053947838514 0.0819935691318328 0.09289031797070382
5 0.2098070739549839 0.29724901750625227 0.08038585209003216 0.09431939978563769
65 0.2909967845659164 0.29724901750625227 0.07717041800643092 0.0914612361557699
10 0.37178456591639875 0.29867809932118616 0.07475884244372992 0.0914612361557699
39 0.6069131832797428 0.30010718113612006 0.0819935691318328 0.0886030725259021
5 0.6905144694533764 0.30010718113612006 0.07395498392282959 0.0914612361557699
57 0.7729099678456586 0.3008217220435869 0.07797427652733104 0.09289031797070373
10 0.8589228295819936 0.2979635584137192 0.0779742765273312 0.09574848160057157
51 0.944935691318328 0.30010718113612006 0.08118971061093248 0.09431939978563776
81 0.12741157556270097 0.39228295819935693 0.10530546623794212 0.08431582708110036
10 0.2909967845659164 0.39442658092175775 0.0659163987138264 0.09431939978563769
10 0.6917202572347267 0.4001429081814934 0.053858520900321595 0.09431939978563776
81 0.7753215434083601 0.3958556627366917 0.09565916398713824 0.08574490889603431
81 0.9453376205787782 0.3979992854590925 0.09967845659163985 0.090032154340836
73 0.6889067524115756 0.49874955341193283 0.07395498392282959 0.0914612361557699
3 0.7700964630225079 0.49803501250446586 0.07877813504823139 0.09003215434083607
5 0.8532958199356913 0.5001786352268667 0.07958199356913186 0.09431939978563769
39 0.9381028938906752 0.5016077170418006 0.08038585209003216 0.09431939978563776
10 0.04180064308681672 0.4908896034297963 0.08360128617363344 0.09574848160057164
39 0.12821543408360128 0.4916041443372633 0.07958199356913181 0.0886030725259021
73 0.21141479099678448 0.4916041443372633 0.08038585209003216 0.09431939978563778
57 0.2934083601286173 0.4908896034297964 0.07717041800643079 0.090032154340836
65 0.04501607717041801 0.5916398713826367 0.0819935691318328 0.09146123615576997
81 0.1298231511254019 0.5902107895677028 0.0779742765273312 0.0857449088960344
3 0.21181672025723472 0.5894962486602359 0.0779742765273312 0.08717399071096821
81 0.7688906752411575 0.5966416577349054 0.07797427652733119 0.09289031797070377
65 0.8516881028938905 0.5994998213647733 0.07958199356913186 0.09003215434083604
81 0.9368971061093248 0.602357984994641 0.08118971061093248 0.0928903179707038
39 0.7672829581993568 0.6945337620578778 0.07636655948553042 0.08860307252590204
10 0.8488745980707395 0.6973919256877457 0.07395498392282959 0.08860307252590204
57 0.9356913183279743 0.7009646302250804 0.08199356913183266 0.090032154340836
10 0.04662379421221864 0.689531975705609 0.08360128617363342 0.09003215434083614
57 0.1310289389067524 0.6895319757056092 0.08038585209003216 0.09003215434083614
10 0.21422829581993572 0.6866738120757412 0.07958199356913184 0.090032154340836
81 0.7664790996784565 0.7895677027509826 0.07958199356913188 0.09003215434083606
73 0.8492765273311897 0.7931404072883173 0.07958199356913201 0.09431939978563793
81 0.9340836012861736 0.798856734548053 0.08199356913183266 0.09146123615576997
65 0.9340836012861736 0.8981779206859593 0.08038585209003218 0.09003215434083606
10 0.8484726688102893 0.8917470525187567 0.07636655948553042 0.09146123615576997
51 0.7652733118971062 0.887459807073955 0.07556270096463023 0.08574490889603424
81 0.7668810289389069 0.9701679171132548 0.07556270096463023 0.05966416577349051
57 0.8488745980707398 0.9730260807431225 0.07717041800643097 0.05394783851375485
81 0.9340836012861736 0.9751697034655235 0.0803858520900323 0.049660593068953165
5 0.04622186495176849 0.7874240800285817 0.07958199356913183 0.08860307252590217
81 0.1314308681672026 0.7852804573061808 0.07797427652733122 0.0900321543408358
3 0.21422829581993574 0.7831368345837799 0.07958199356913187 0.08860307252590224
73 0.04622186495176849 0.8860307252590212 0.07958199356913183 0.08860307252590204
65 0.13062700964630225 0.8810289389067526 0.07797427652733119 0.09289031797070364
5 0.21342443729903537 0.8803143979992855 0.07797427652733113 0.08860307252590217
57 0.04581993569131833 0.9715969989281886 0.07877813504823152 0.05680600214362272
10 0.13143086816720256 0.9701679171132548 0.08118971061093248 0.05966416577349051
51 0.21342443729903537 0.9673097534833869 0.07636655948553056 0.06538049303322609
10 0.41318327974276525 0.047874240800285815 0.13183279742765264 0.09574848160057163
