81 0.5682500446574202 0.2775188734102091 0.06942484831047234 0.06292099541864178
61 0.6401705574496418 0.2811489308382078 0.06715606241797342 0.06856775141775065
81 0.7091416485816149 0.28034225140976365 0.06443351934697446 0.06856775141775068
85 0.7776589825350877 0.2831656294093181 0.06261849063297519 0.07260114855997131
81 0.8450419235423107 0.2823589499808738 0.06307224781147455 0.07260114855997127
51 0.9140130146742825 0.28195561026665156 0.06488727652547333 0.0717944691315271
81 0.9754971123610089 0.2807455911239856 0.049005775277980036 0.07098778970308296
13 0.8432268948283115 0.3630268928252864 0.06488727652547384 0.0790545839875242
85 0.570518830549919 0.35496009854084504 0.06851733395347269 0.08389466055818899
10 0.5714263449069192 0.44006477824170065 0.052182075527479416 0.07986126341596844
10 0.6394899216818922 0.35818681625462184 0.06397976216847474 0.07744122513063605
10 0.9101560786570353 0.4465182136692536 0.04900577527798077 0.07824790455908022
81 0.9720939335222606 0.44329149595547707 0.05581213295547799 0.0750211868453037
5 0.9117442287817846 0.3630268928252866 0.0648872765254744 0.07744122513063616
71 0.9741358408255101 0.36060685453995417 0.05172831834897977 0.08066794284441244
73 0.9092485643000354 0.5283961756563325 0.06534103370397402 0.07582786627374782
61 0.9723208121115106 0.5283961756563325 0.055358375776978254 0.07905458398752441
56 0.8416387447035621 0.5259761373709999 0.06352600498997486 0.07744122513063602
13 0.571880102085419 0.5227494196572234 0.06851733395347281 0.07744122513063616
73 0.5176561192546902 0.525976137371 0.03267051685198719 0.07098778970308309
56 0.5181098764331894 0.6070474199296343 0.030855488137987733 0.07824790455907954
81 0.5707457091391694 0.6062407405011905 0.06897109113197274 0.0766345457021918
85 0.5696113161929184 0.6905387407735998 0.0685173339534722 0.07905458398752456
10 0.9085679285322702 0.692152099630485 0.06670230523947251 0.08066794284440439
51 0.908567928532286 0.6094674582149671 0.06488727652547467 0.07824790455908022
81 0.972320812111511 0.6114841567860774 0.05535837577697819 0.07582786627374788
71 0.972320812111511 0.6949754776300443 0.05535837577697819 0.08147462227285658
