78 0.5544929520183568 0.30912604010651984 0.06765107024906468 0.07846790803956469
10 0.6235877951081032 0.3113260749113676 0.06476352456770172 0.07846790803956495
68 0.6891763327276227 0.31242609231379137 0.06228848541224807 0.07920125297451414
36 0.8238597134368877 0.3102260575089438 0.06600104414542841 0.07626787323471731
5 0.8931608097895866 0.30875936763904543 0.06765107024906421 0.07920125297451412
59 0.9643181855088767 0.30362595309440094 0.0664135506713374 0.08066794284441255
10 0.892954556526633 0.39382738009315316 0.045788224375891105 0.08066794284441257
81 0.9622556528793331 0.3886939655485088 0.075488694241334 0.07040111375512374
68 0.9645244387718321 0.47706203020988797 0.07095112245633572 0.07700121816966657
73 0.8919232902118608 0.47706203020988797 0.06682605719724634 0.07846790803956502
81 0.9645244387718321 0.5617633701965212 0.07095112245633572 0.08066794284441257
80 0.9645244387718321 0.6482980725205274 0.07095112245633572 0.0821346327143111
81 0.96534945182365 0.7249326182227194 0.0693010963527 0.06380100934058092
81 0.5546992052813121 0.7219992384829226 0.0680635767749731 0.06820107895027619
60 0.5563492313849416 0.47559534033998874 0.0655885376195189 0.07846790803956293
10 0.555936724859039 0.3927273626907294 0.058163420153158896 0.08140128777936184
