78 0.5542866987554032 0.31205941984631685 0.06806357677497307 0.07846790803956492
10 0.6231752885821943 0.31389278218368977 0.06393851151588378 0.07773456310461566
73 0.7557961366619145 0.314626127118639 0.06187597888633903 0.0733344934949205
36 0.8238597134368867 0.31315943724874024 0.06682605719724602 0.07920125297451376
5 0.8935733163154957 0.30985938504146915 0.0676510702490641 0.07993459790946328
59 0.9653494518236494 0.3076593502366215 0.06930109635269997 0.07993459790946354
10 0.8925420500007243 0.3974941047678992 0.04743825047952683 0.08066794284441257
81 0.9634931724570598 0.39162734528830556 0.07301365508588034 0.0733344934949205
78 0.8234472069109785 0.4821954447545322 0.06270099193815691 0.08140128777936179
24 0.8191158883889349 0.6442646753783069 0.05486336794588752 0.07700121816966671
81 0.8193221416518895 0.7219992384829225 0.05692590057543214 0.06233431947068226
81 0.9647306920347867 0.7238326008202955 0.07053861593042669 0.05426752518624113
80 0.964936945297741 0.6515981247277989 0.07012610940451794 0.08286797764926021
68 0.9643181855088777 0.4781620476123118 0.07136362898224462 0.07773456310461568
60 0.5573804976997202 0.4766953577424134 0.06930109635269986 0.07186780362502213
10 0.5565554846479024 0.39382738009315316 0.04537571784998207 0.08066794284441257
68 0.6906201055683039 0.314626127118639 0.06517603109361048 0.07480118336481886
11 0.7238268809039726 0.3974941047678992 0.212440860843098 0.08213463271431096
