78 0.5551117118072212 0.3142594546511644 0.06888858982679118 0.07993459790946336
10 0.6231752885821936 0.3168261619234865 0.06476352456770158 0.07920125297451419
73 0.7568274029766868 0.31792617932591044 0.06311349846406586 0.07700121816966654
36 0.8238597134368877 0.314626127118639 0.06517603109361061 0.08066794284441262
5 0.8931608097895873 0.3127927647812659 0.0684760833008814 0.07846790803956466
59 0.9651431985606946 0.30875936763904543 0.06971360287861014 0.08066794284441248
10 0.8904795173711796 0.39859412217032303 0.04826326353134462 0.07846790803956495
81 0.9628744126681964 0.3956607424305261 0.07425117466360717 0.07406783842986975
10 0.5561429781219934 0.3974941047678992 0.048675770057253584 0.0792012529745142
11 0.7263019200594263 0.39859412217032303 0.20831579558400862 0.07406783842986975
10 0.7560023899248687 0.48146209981958277 0.06393851151588466 0.07700121816966725
78 0.8228284471221146 0.4825621172220065 0.06558853761951833 0.07626787323471626
73 0.8917170369489064 0.48109542735210864 0.06723856372315509 0.07626787323471738
68 0.9645244387718321 0.48072875488463396 0.07095112245633572 0.07846790803956495
81 0.8220034340702976 0.5624967151314704 0.06476352456770172 0.07626787323471731
60 0.7557961366619145 0.5617633701965211 0.06187597888633903 0.07480118336481895
10 0.7574461627655498 0.6442646753783066 0.05610088752361512 0.07700121816966743
81 0.8211784210184797 0.7201658761455494 0.06311349846406572 0.06453435427553003
81 0.9645244387718305 0.7278659979625158 0.07095112245633564 0.05500087012119001
80 0.9645244387718321 0.652331469662748 0.07095112245633572 0.08140128777936177
55 0.8910982771600429 0.564696749936318 0.06517603109361061 0.07773456310461575
