56 0.5410473018063564 0.2854243318089617 0.07636733314152003 0.08163595815854553
10 0.6251511948412981 0.29074841603669294 0.07886299762326879 0.08696004238627672
14 0.70875595497989 0.29163576340798153 0.07437080155612065 0.09228412661400799
0 0.8692271811563518 0.3013965844921553 0.07287340286707095 0.08873473712885392
10 0.9463432136423972 0.305833321348598 0.07237426997072206 0.09228412661400796
12 0.9475910458832709 0.4021105111334044 0.07486993445247052 0.08429800027241117
81 0.8679793489154772 0.39589907953438475 0.07536906734882023 0.08074861078725704
10 0.944845814953347 0.49306361669047966 0.04342456198243288 0.08518534764369959
81 0.5410473018063563 0.37992682685119106 0.07936213051961864 0.08962208450014238
6 0.6271477264266972 0.3865819321358552 0.08185779500136768 0.09405882135658508
10 0.5380525044282574 0.48241544823501725 0.06039508045832612 0.09583351609916214
11 0.6740662186835787 0.4855211640345272 0.1247832240874508 0.08607269501498833
73 0.5405481689100065 0.5826857011906221 0.07836386472691899 0.09405882135658515
43 0.6251511948412982 0.5822420275049777 0.0818577950013681 0.08962208450014231
41 0.539799469565482 0.6833996278318735 0.07586820024516985 0.10027025295560278
77 0.944596248505172 0.588897132789642 0.07486993445247038 0.08341065290112262
