81 0.06712218649517684 0.2365130403715612 0.1342443729903537 0.15005359056805992
56 0.20337620578778137 0.23865666309396213 0.12861736334405147 0.1486245087531261
10 0.33319935691318325 0.24294390853876383 0.12138263665594859 0.1486245087531261
10 0.43930868167202575 0.07431225437656303 0.16479099678456602 0.14862450875312605
0 0.7214630225080387 0.2379421221864952 0.12620578778135055 0.1471954269381922
10 0.8532958199356913 0.2450875312611647 0.12459807073954991 0.15576991782779565
73 0.9622186495176848 0.2415148267238299 0.07556270096462989 0.13147552697391926
12 0.857315112540193 0.39728474455162555 0.13263665594855312 0.14290818149339052
10 0.9638263665594837 0.39728474455162527 0.07234726688102854 0.15148267238299323
10 0.8581189710610931 0.5530546623794212 0.07958199356913184 0.13719185423365482
81 0.7242765273311897 0.39442658092175775 0.1221864951768488 0.13719185423365488
6 0.33561093247588425 0.3979992854590925 0.12620578778135053 0.14147909967845662
81 0.20337620578778137 0.3937120400142908 0.12379421221864952 0.14147909967845657
25 0.06752411575562701 0.38942479456948914 0.1302250803858521 0.14147909967845657
10 0.20538585209003216 0.5487674169346195 0.07958199356913184 0.14576634512325826
29 0.0659163987138263 0.7066809574848157 0.1318327974276526 0.14147909967845645
73 0.19935691318327972 0.7059664165773486 0.1254019292604501 0.14862450875312616
77 0.8589228295819936 0.7066809574848159 0.13263665594855312 0.15005359056806
81 0.9654340836012861 0.7081100392997499 0.06913183279742768 0.14433726330832441
10 0.8605305466237942 0.8638799571275456 0.13263665594855312 0.1529117541979278
