16 0.10731511254019294 0.23294033583422652 0.1181672025723473 0.13433369060378705
32 0.22829581993569129 0.23937120400142908 0.112540192926045 0.13290460878885316
10 0.34646302250803857 0.24365844944623077 0.10932475884244365 0.12718828152911751
81 0.4610128617363346 0.25080385852090026 0.10852090032154348 0.13290460878885313
10 0.4312700964630228 0.0843158270811004 0.14710610932475898 0.1686316541622008
5 0.8118971061093236 0.255091103965702 0.11093247588424428 0.13862093604858874
81 0.9320739549839229 0.25652018578063596 0.11334405144694543 0.13576277241872095
86 0.10811897106109324 0.37513397642015 0.11655948553054662 0.1300464451589853
5 0.2290996784565916 0.37870668095748483 0.112540192926045 0.12861736334405144
81 0.34565916398713825 0.3851375491246874 0.1093247588424438 0.12718828152911754
32 0.46020900321543406 0.3865666309396213 0.1069131832797428 0.12718828152911754
81 0.8058681672025724 0.39728474455162555 0.110128617363344 0.12861736334405144
10 0.9284565916398714 0.40228653090389427 0.11414790996784575 0.13004644515898542
10 0.805064308681672 0.5330475169703466 0.0940514469453376 0.13719185423365488
10 0.2254823151125402 0.5187566988210075 0.0779742765273312 0.13433369060378708
11 0.4461414790996785 0.5216148624508753 0.2508038585209003 0.13433369060378708
81 0.10530546623794212 0.6538049303322615 0.11736334405144695 0.12433011789924976
16 0.22588424437299037 0.6516613076098607 0.11254019292604504 0.12575919971418373
44 0.34244372990353694 0.6588067166845302 0.10932475884244369 0.1257591997141836
32 0.10329581993569129 0.7917113254733832 0.11495176848874589 0.13147552697391912
44 0.2230707395498392 0.7924258663808503 0.11173633440514469 0.12718828152911754
73 0.3396302250803858 0.7967131118256521 0.11012861736334405 0.12433011789924961
44 0.10128617363344052 0.9344408717399071 0.11575562700964628 0.1311182565201858
5 0.22065916398713828 0.9330117899249731 0.11173633440514472 0.1339764201500536
44 0.9272297918069787 0.6794519184536354 0.11816720257234717 0.13147488025739787
81 0.9260785097265967 0.8191123468555461 0.11653324093329857 0.1299381819589821
10 0.9272508038585194 0.949446230796713 0.11173633440514472 0.10110753840657374
