10 0.5525273584224021 0.3213619003461476 0.06738294100722368 0.08074861078725698
23 0.6216572645668493 0.32269292140308037 0.06588554231817384 0.07808656867339145
11 0.6291442580120964 0.40699092167549156 0.15173640049034007 0.0763118739308144
73 0.689289772022248 0.3244676161456576 0.06239161204372573 0.0798612634159682
5 0.8235565211403447 0.3231365950887248 0.06438814362912439 0.07897391604467999
23 0.8921872943884427 0.32446761614565744 0.06488727652547453 0.07631187393081429
10 0.962065899877415 0.3209182266605033 0.06588554231817398 0.07808656867339149
10 0.8233069546921727 0.40743459536113746 0.048915023842280664 0.07897391604468283
81 0.893185560181142 0.4034415321903374 0.07486993445247052 0.06921309496050604
5 0.5547734564559763 0.4886268798340371 0.06688380811087442 0.07631187393081441
66 0.622905096807724 0.4890705535196817 0.06538640942182412 0.0736498318169481
10 0.6860454081959741 0.4877395324627486 0.05390635280577882 0.07098778970308317
73 0.8200625908658961 0.4881832061483929 0.06838120679992316 0.07719922130210279
66 0.8901907628030434 0.4895142272053256 0.06488727652547432 0.07453717918823727
5 0.9593206689474911 0.4886268798340371 0.06538640942182411 0.07631187393081433
81 0.8896916299066936 0.5711501853638712 0.06488727652547453 0.07453717918823727
45 0.9593206689474911 0.5720375327351597 0.06538640942182411 0.07631187393081433
10 0.9583224031547914 0.6545608382649938 0.06538640942182425 0.07631187393081426
23 0.5557717222486755 0.5693754906212941 0.06388901073277466 0.07453717918823727
81 0.6236537961522487 0.5698191643069386 0.06289074494007525 0.07542452655952582
10 0.5555221558005005 0.6496804277229069 0.06438814362912453 0.07542452655952588
45 0.5560212886968503 0.7219992384829227 0.06538640942182418 0.05501553701988939
73 0.9588215360511414 0.724217606911144 0.068381206799923 0.0523534949060236
