81 0.10209003215434082 0.18792425866380852 0.11254019292604502 0.13004644515898536
66 0.2170418006430868 0.1907824222936763 0.10932475884244376 0.13290460878885313
81 0.33440514469453375 0.19364058592354413 0.11414790996784564 0.13290460878885318
66 0.6619774919614149 0.19292604501607719 0.10852090032154343 0.12575919971418362
81 0.7773311897106109 0.19149696320114326 0.10932475884244369 0.13147552697391923
46 0.8959003215434084 0.18863879957127547 0.11495176848874607 0.12861736334405147
45 0.10168810289389069 0.3244015719899964 0.11173633440514472 0.12861736334405144
10 0.21784565916398713 0.3265451947123973 0.10771704180064308 0.12718828152911754
5 0.6619774919614149 0.330832440157199 0.10852090032154343 0.12718828152911754
23 0.7773311897106109 0.330117899249732 0.11254019292604511 0.12575919971418364
10 0.8942926045016076 0.3265451947123973 0.11173633440514479 0.13004644515898534
10 0.10651125401929264 0.4623079671311184 0.09726688102893895 0.12718828152911757
10 0.6627813504823152 0.4673097534833869 0.06832797427652722 0.12861736334405144
81 0.7749196141479099 0.46873883529832083 0.12540192926045024 0.12575919971418364
46 0.10490353697749195 0.602357984994641 0.1117363344051447 0.12433011789924961
5 0.22266881028938904 0.601643444087174 0.11414790996784564 0.120042872454448
81 0.10530546623794208 0.737406216505895 0.11254019292604499 0.12290103608431574
66 0.10731511254019292 0.8803143979992855 0.11655948553054662 0.12290103608431593
66 0.7757234726688103 0.6066452304394427 0.11093247588424442 0.12718828152911751
5 0.8906752411575564 0.6059306895319757 0.11093247588424447 0.12861736334405152
45 0.8922829581993568 0.7431225437656306 0.11254019292604496 0.12861736334405152
81 0.7749196141479098 0.7431225437656305 0.11093247588424444 0.13433369060378714
46 0.7777331189710612 0.8817434798142192 0.10369774919614146 0.1286173633440515
10 0.8938906752411575 0.8846016434440872 0.11093247588424432 0.13433369060378708
