16 0.0635048231511254 0.15719899964272954 0.1270096463022508 0.14290818149339052
32 0.2009646302250804 0.16791711325473382 0.1334405144694534 0.15291175419792785
10 0.33762057877813506 0.17363344051446947 0.12379421221864952 0.15291175419792785
44 0.7479903536977491 0.19149696320114326 0.12781350482315118 0.15148267238299393
5 0.8914790996784564 0.19506966773847803 0.1366559485530554 0.15291175419792782
81 0.8850482315112541 0.36012861736334406 0.13504823151125392 0.15434083601286175
73 0.7440028256680997 0.35146775050326695 0.12942122186495184 0.15005359056806014
10 0.8850482315112541 0.5244730260807431 0.090032154340836 0.1543408360128617
11 0.5440072107702986 0.48322183694884235 0.45498392282958133 0.1443843654440546
10 0.2009646302250804 0.4916041443372633 0.09324758842443728 0.15434083601286175
5 0.20176848874598072 0.330117899249732 0.13183279742765275 0.1514826723829939
81 0.3440514469453376 0.3365487674169346 0.13665594855305463 0.14433726330832441
86 0.06390675241157553 0.3251161128974633 0.12781350482315107 0.1471954269381923
81 0.06109324758842441 0.6495176848874599 0.12218649517684882 0.14433726330832428
16 0.1969453376205788 0.6559485530546624 0.1270096463022508 0.15148267238299382
32 0.06069131832797423 0.8152911754197925 0.12138263665594846 0.15291175419792818
44 0.19011254019292603 0.8167202572347267 0.11977491961414795 0.1471954269381922
44 0.05908360128617365 0.9523043944265808 0.1181672025723473 0.09539121114683771
5 0.18368167202572344 0.9544480171489818 0.11173633440514469 0.09110396570203648
10 0.7483922829581994 0.6788138620936048 0.1141479099678456 0.14576634512325826
86 0.8802610638208281 0.6865012191949185 0.13504823151125386 0.1514826723829939
44 0.8778535925039503 0.8501139475667345 0.13347097550642575 0.15576991782779567
