16 0.5507803932851769 0.3626235531110645 0.05989594756197621 0.06695439256086246
32 0.6120376123826532 0.36665695025328515 0.05626589013397769 0.06534103370397418
10 0.6719335599446293 0.36907698853861753 0.05535837577697819 0.06856775141775075
86 0.5512341504636771 0.43441802224259163 0.05898843320497653 0.06695439256086239
5 0.6127182481504029 0.43683806052792407 0.05671964731247769 0.06372767484708597
81 0.6710260455876298 0.43845141938481236 0.05354334706297891 0.06534103370397411
44 0.7844653402125844 0.44208147681281085 0.05989594756197631 0.06614771313241842
44 0.84753758802406 0.3747237445377264 0.05626589013397762 0.06695439256086246
73 0.8459494378993107 0.44611487395503147 0.05490461859847841 0.06453435427552996
81 0.9044841139257875 0.44651821366925337 0.05581213295547785 0.06695439256086236
5 0.9074335355860365 0.37553042396617053 0.056265890133977765 0.06695439256086246
81 0.9677832403265125 0.3759337636803926 0.05898843320497676 0.06776107198930653
10 0.966875725969513 0.44772823281191976 0.05808091884797719 0.06292099541864182
10 0.9035765995687879 0.5179093430865587 0.05036704681347999 0.06453435427553003
10 0.6106763408471507 0.5062124913741165 0.03811560299399011 0.06856775141775534
81 0.5498728789281774 0.5755869222203134 0.05717340449097727 0.065341033703974
16 0.6102225836686539 0.5772002810772019 0.056265890133977765 0.06211431599019761
32 0.5489653645711781 0.6449613530665086 0.05898843320497669 0.062114315990197684
44 0.5478309716249284 0.7163524824838138 0.05853467602647683 0.06292099541864175
86 0.9038034781580377 0.5872837739327536 0.057173404490977194 0.06453435427552996
44 0.9652875758447585 0.5909138313607496 0.05853467602647867 0.06211431599019564
44 0.9035303437538844 0.6559431312304993 0.0567196473124775 0.06372767484708676
81 0.9654791410331067 0.6599747358914779 0.058080918847976976 0.0669547778290944
81 0.9028959638010382 0.7232092576255889 0.05717340449097748 0.05566088056264462
10 0.965514454434013 0.7320827313384739 0.06080346191897586 0.06534103370397397
10 0.7157211276698585 0.2884090456942045 0.08394507802246637 0.08470133998663393
