17 0.5375533715319076 0.2876427002371831 0.06937947259262259 0.07010044233179454
81 0.6096780750544544 0.2903047423510487 0.0678820739035734 0.07364983181694872
62 0.6800558134397763 0.29341045815055855 0.06688380811087338 0.07808656867339141
81 0.7499344189287487 0.29119208972233723 0.0648872765254744 0.07364983181694867
81 0.8901907628030433 0.2894173949797602 0.06788207390357315 0.07187513707437164
62 0.9640624314628141 0.2885300476084716 0.07187513707437163 0.07364983181694872
5 0.5388012037727822 0.37238437419523857 0.07087687128167196 0.08341065290112266
87 0.6101772079508039 0.3741590689378157 0.0668838081108737 0.08163595815854556
10 0.680804512784301 0.37593376368039266 0.0653864094218244 0.07986126341596844
10 0.6101772079508043 0.4589007428958731 0.04592022646418178 0.07897391604468385
87 0.8886933641139937 0.3732717215665275 0.06688380811087366 0.07986126341596932
10 0.9620658998774151 0.4602317639528038 0.048915023842280615 0.08518534764369974
5 0.9623154663255903 0.37060967945266154 0.07337253576342123 0.08341065290112276
73 0.539050770220957 0.544529764225215 0.07137600417802176 0.07986126341596837
62 0.6109259072953287 0.5436424168539266 0.06738294100722342 0.08341065290112262
87 0.5388178199798507 0.6333150022551804 0.07091991281518759 0.08252206147590294
10 0.5360559728428582 0.7140131121413259 0.06538640942182404 0.06921309496050597
73 0.9623154663255901 0.5458607852821479 0.0723742699707212 0.08252330552983388
