81 0.5482847288034286 0.3457639530565823 0.056901150183877494 0.06566370547535175
66 0.6061841447800056 0.3475386477991595 0.054904618598478325 0.06388901073277478
81 0.663085294963883 0.3493133425417365 0.051909821220379654 0.06388901073277481
66 0.8295461158965424 0.3488696688560923 0.053407219909428816 0.06300166336148635
81 0.8866968325285951 0.34665130042787107 0.0539063528057784 0.06566370547535184
46 0.9450953814015217 0.34576395305658236 0.05590288439117785 0.06211431599019772
45 0.549033428147953 0.41497704801708835 0.05540375149482813 0.06388901073277481
10 0.6069328441245303 0.41586439538837694 0.05340721990942896 0.062114315990197684
23 0.6645826936529329 0.4171954164453097 0.0529080870130787 0.06300166336148626
10 0.5497821274924778 0.485077490348884 0.04092889750068382 0.06743840021793115
11 0.655598301518636 0.4846338166632387 0.09882831347726097 0.06477635810406333
10 0.8297956823447171 0.4877395324627486 0.0349393027444863 0.062114315990197684
5 0.8292965494483674 0.417639090130954 0.052908087013078954 0.06211431599019782
23 0.8859481331840701 0.417639090130954 0.053407219909428816 0.06388901073277474
10 0.9443466820569969 0.4149770480170886 0.0544054857021285 0.06566370547535243
81 0.8854490002877207 0.4846338166632386 0.06438814362912522 0.05767757913375505
81 0.9842773137649812 0.48241544823501725 0.03144537247003768 0.05501553701988939
46 0.5495325610443029 0.5534032379381004 0.0544054857021284 0.062114315990197684
5 0.6076815434690549 0.5525158905668118 0.0529080870130791 0.062114315990197747
66 0.8851994338395454 0.5556216063663217 0.054904618598478123 0.06122696861890908
5 0.944596248505172 0.556065280051966 0.05590288439117799 0.06388901073277474
81 0.8859481331840701 0.6248347013268278 0.053407219909428816 0.06300166336148613
45 0.9435979827124723 0.6248347013268278 0.05390635280577882 0.06477635810406333
81 0.987521677591255 0.6248347013268278 0.02495664481749003 0.06477635810406333
46 0.8866968325285947 0.6918294278591125 0.0529080870130791 0.06211431599019775
10 0.9433484162642976 0.6940477962873337 0.0534072199094291 0.0647763581040634
81 0.5500316939406527 0.6230600065842506 0.056402017287527785 0.06300166336148622
23 0.6071824105727051 0.6226163328986065 0.05190982122037944 0.06211431599019775
66 0.5500316939406527 0.6931604489160452 0.05440548570212847 0.0576775791337549
10 0.6071824105727052 0.6891673857452468 0.05290808701307917 0.05856492650504336
