17 0.5559986008379242 0.2718721174111001 0.06579479088247396 0.040333971422206266
81 0.6208858773633996 0.27348547626798864 0.0612572190974759 0.04356068913598282
62 0.685546275299624 0.2750988351248768 0.06261849063297519 0.046787406849759315
81 0.7479378873433495 0.2746954954106548 0.05853467602647683 0.04598072742131521
17 0.8098757422085748 0.27348547626798864 0.05898843320497676 0.04356068913598282
81 0.8736286257877995 0.27348547626798864 0.06034970474047637 0.045174047992871
62 0.9394234166702736 0.2718721174111003 0.06397976216847459 0.04194733027909451
5 0.5573598723734244 0.3355997922581861 0.06579479088247382 0.07582786627374773
87 0.6224740274881472 0.33721315111507416 0.05989594756197594 0.07421450741686027
10 0.6846387609426244 0.33801983054351864 0.05808091884797719 0.07098778970308306
87 0.8729479900200501 0.33761649082929657 0.06080346191897576 0.07179446913152714
5 0.9376083879562725 0.3339864334012976 0.06307224781147432 0.07582786627374746
10 0.9373815093670246 0.41465437624571067 0.040838146064983934 0.07260114855997124
10 0.6236084204343986 0.4150577159599327 0.04582947502848192 0.07018111027463896
73 0.5582673867304243 0.4904822425194584 0.06397976216847467 0.07421450741685959
62 0.6238352990236483 0.4912889219479024 0.05989594756197629 0.07260114855997116
5 0.6857731538888738 0.4908855822336804 0.058534676026477 0.07018111027463886
62 0.8697716897705456 0.49209560137634495 0.06352600498997454 0.0742145074168568
73 0.9357933592422752 0.4916922616621246 0.06307224781147511 0.07179446913152716
87 0.5589480224981735 0.5671167882216501 0.06352600498997482 0.07098778970308245
81 0.6231546632558986 0.5667134485074282 0.060349704740476046 0.0717944691315271
82 0.6860000324781239 0.5663101087932063 0.05989594756197633 0.07260114855997124
10 0.5582765147412818 0.6467827824188409 0.06443829492899278 0.07258389485212363
82 0.557586750962669 0.7183691810549206 0.063526004989974 0.06050095713330308
81 0.6231546632558982 0.7159491427695913 0.060349704740476 0.06372767484708544
17 0.6233815418451486 0.6429446544953982 0.05989594756197633 0.06937443084619495
82 0.9364739950100248 0.5687301470785386 0.06352600498997475 0.07260114855997138
10 0.938969659491774 0.648188070780285 0.0594421903834764 0.07340782798841544
