16 0.5335603083611093 0.32446761614565744 0.06139334625102582 0.07808656867339142
32 0.6014423822646824 0.32934802668774454 0.06838120679992298 0.07719922130210301
10 0.673317519339054 0.3315663951159658 0.0663846752145238 0.0763118739308144
86 0.8058373033199271 0.3399961951432069 0.0708768712816717 0.07364983181694876
44 0.8772133074979489 0.3422145635714282 0.06588554231817384 0.07453717918823724
5 0.9498371439168448 0.34221456357142827 0.06638467521452372 0.07631187393081433
86 0.5335603083611095 0.4092092901037129 0.06338987783642468 0.07719922130210295
5 0.6016919487128572 0.41320235327451127 0.06588554231817412 0.07453717918823727
81 0.6738166522354038 0.41497704801708835 0.0703777383853221 0.07631187393081426
44 0.8058373033199266 0.4220758269873967 0.06488727652547426 0.0745371791882372
73 0.8764646081534238 0.4238505217299738 0.06438814362912466 0.0745371791882372
81 0.9478406123314455 0.42651256384383956 0.06738294100722357 0.0745371791882372
10 0.9473414794350958 0.5077048483167407 0.049414156738630484 0.08074861078725704
11 0.7734016668822775 0.49752516300507965 0.23758725866250632 0.07463244799056702
10 0.6041876131946062 0.4948383114330568 0.04691849225688152 0.07631187393081426
81 0.5323124761202347 0.5746995748490253 0.060894213354675986 0.0745371791882372
16 0.5989467177829334 0.5751432485346696 0.06338987783642494 0.07719922130210286
32 0.5315637767757099 0.6576665540645037 0.058398548872926954 0.07719922130210286
44 0.5919588572340362 0.6581102277501479 0.05240895411672923 0.07631187393081433
44 0.531314210327535 0.725548627968077 0.05889768176927675 0.04791675804958104
10 0.8792098390833477 0.5902281538465748 0.0529080870130789 0.0718751370743717
86 0.9440752585851152 0.5906981490092946 0.0678820739035731 0.07540575983813748
44 0.9450341590039567 0.6706742040388392 0.06987860548897233 0.0771444992666825
