81 0.09284565916398713 0.19506966773847803 0.11495176848874593 0.13004644515898534
66 0.20819935691318328 0.20007145409074667 0.10932475884244372 0.13147552697391926
81 0.3179260450160772 0.20221507681314754 0.09726688102893895 0.13004644515898534
81 0.5422025723472669 0.2022150768131475 0.1069131832797427 0.12718828152911751
66 0.6543408360128617 0.20364415862808144 0.1045016077170417 0.13004644515898534
81 0.7684887459807074 0.19792783136834585 0.1093247588424438 0.1329046087888532
46 0.8854501607717044 0.195069667738478 0.11012861736334414 0.12718828152911751
81 0.9754823151125399 0.19506966773847803 0.049035369774919665 0.13576277241872098
45 0.09364951768488744 0.3336906037870668 0.11173633440514463 0.1271882815291174
10 0.21061093247588425 0.3372633083244016 0.10932475884244378 0.12290103608431589
5 0.6531350482315113 0.3379778492318685 0.10691318327974272 0.12433011789924976
23 0.764871382636656 0.3386923901393355 0.10691318327974272 0.12290103608431587
10 0.8838424437299036 0.33726330832440155 0.11334405144694543 0.13147552697391923
10 0.6543408360128617 0.4765987852804574 0.07556270096463016 0.12718828152911762
81 0.7684887459807075 0.4730260807431226 0.11897106109324752 0.11432654519471243
81 0.9686495176848874 0.46945337620578775 0.06270096463022512 0.11003929974991067
10 0.09565916398713824 0.4723115398356556 0.08038585209003213 0.13290460878885316
11 0.28536977491961407 0.4744551625580557 0.14790996784565907 0.12575919971418353
46 0.09565916398713824 0.6080743122543764 0.1109324758842444 0.1329046087888529
5 0.2110128617363344 0.6066452304394426 0.10852090032154343 0.11861379063951417
81 0.09485530546623788 0.7474097892104322 0.1109324758842443 0.13147552697391932
66 0.09606109324758844 0.887459807073955 0.1117363344051447 0.12290103608431593
73 0.6523311897106109 0.6095033940693104 0.1085209003215433 0.13004644515898534
66 0.7668810289389068 0.6137906395141122 0.10932475884244383 0.13290460878885327
5 0.8814308681672025 0.6116470167917113 0.110128617363344 0.12861736334405152
81 0.7660771704180064 0.7495534119328332 0.11093247588424432 0.13004644515898547
45 0.8814308681672025 0.7516970346552341 0.11173633440514465 0.1314755269739193
81 0.9714630225080385 0.7524115755627011 0.05707395498392288 0.13004644515898534
66 0.9722668810289389 0.8931761343336908 0.05546623794212209 0.1314755269739193
10 0.8822347266881029 0.8881743479814219 0.11173633440514465 0.13004644515898534
46 0.971061093247588 0.6123615576991783 0.057877813504822864 0.1300464451589855
46 0.7664790996784566 0.8867452661664881 0.110128617363344 0.12718828152911754
