56 0.1430868167202572 0.13576277241872103 0.16237942122186488 0.18292247231153985
10 0.30787781350482313 0.13933547695605575 0.15112540192926044 0.1757770632368703
81 0.6229903536977492 0.14219364058592357 0.14630225080385867 0.17291889960700257
0 0.7793408360128617 0.14505180421579136 0.15032154340836015 0.1700607359771347
10 0.9288585209003212 0.14290818149339052 0.1310289389067521 0.1800643086816721
12 0.9304662379421222 0.3294033583422651 0.13906752411575568 0.17006073597713467
81 0.7801446945337621 0.3294033583422651 0.15032154340836001 0.16148624508753126
6 0.3094855305466238 0.32868881743479816 0.1543408360128618 0.18006430868167203
81 0.1442926045016077 0.3265451947123973 0.16318327974276525 0.17863522686673824
10 0.14710610932475882 0.5209003215434084 0.11254019292604502 0.17863522686673805
11 0.5558681672025724 0.5137549124687388 0.529742765273312 0.16148624508753123
10 0.9405144694533761 0.511611289746338 0.0836012861736333 0.1772061450518043
77 0.9316720257234726 0.7016791711325473 0.13504823151125403 0.180064308681672
5 0.779742765273312 0.7016791711325473 0.14790996784565905 0.17434798142193642
43 0.30948553054662375 0.7081100392997499 0.1527331189710611 0.1729188996070026
73 0.14188102893890675 0.7088245802072168 0.1647909967845659 0.18006430868167217
41 0.14138892471945497 0.9037808748575347 0.163168463930596 0.18146681291590194
10 0.9328778135048229 0.8924615934262239 0.1342443729903534 0.18149339049660596
