16 0.06350482315112539 0.15934262236513036 0.12700964630225078 0.15291175419792777
32 0.20016077170418 0.17077527688460162 0.13344051446945332 0.15005359056805997
10 0.3392282958199357 0.1757770632368703 0.12861736334405152 0.15434083601286175
86 0.6065485943747874 0.1854916105499614 0.13906752411575565 0.14719514683591298
44 0.747186495176849 0.1907824222936763 0.12942122186495184 0.1529117541979278
5 0.8898713826366559 0.19292604501607705 0.135048231511254 0.15434083601286172
81 0.8846463022508039 0.36155769917827796 0.13263665594855298 0.15148267238299395
73 0.7435691318327975 0.3551268310110754 0.12700964630225087 0.15005359056806
10 0.8830385852090032 0.5237584851732762 0.07475884244372992 0.16148624508753123
10 0.20176848874598072 0.49231868524473027 0.10610932475884242 0.1471954269381922
86 0.06189710610932476 0.3244015719899964 0.12379421221864952 0.15148267238299393
5 0.19895498392282962 0.3315469810646659 0.12942122186495178 0.14862450875312602
81 0.33802250803858525 0.3351196856020006 0.1245980707395499 0.15291175419792782
44 0.6057073954983921 0.3515541264737406 0.12620578778135041 0.1486245087531261
11 0.5389816314819704 0.4900104030675131 0.4686495176848873 0.14293674893187716
81 0.0614951768488746 0.6523758485173277 0.1229903536977492 0.1529117541979278
16 0.19654340836012857 0.6530903894247946 0.1294212218649517 0.1486245087531262
32 0.0614951768488746 0.8174347981421936 0.1229903536977492 0.15148267238299395
44 0.0582797427652733 0.9515898535191135 0.1165594855305466 0.0968202929617715
44 0.17805466237942125 0.8160057163272597 0.0972668810289389 0.15148267238299395
10 0.7435691318327975 0.6802429439085388 0.1157556270096464 0.15434083601286175
86 0.8790526285500961 0.6861049854360481 0.1350691596716942 0.15005359056806022
44 0.8791609746456751 0.8463829232140719 0.1358520900321544 0.14994902162578186
16 0.7407788150765167 0.8418177922384916 0.11816720257234734 0.14719542693819218
