81 0.5475360294589037 0.36794763733879576 0.06538640942182418 0.07276248444566015
56 0.6156676698106518 0.37194070050959427 0.06289074494007522 0.07364983181694867
10 0.6823019114733504 0.3737153952521713 0.06039508045832619 0.07187513707437163
10 0.7309673688674566 0.28320596338074067 0.08984392134296454 0.07897391604467942
0 0.8769637410497737 0.38037050053683535 0.0623916120437255 0.07276248444566022
10 0.9408527517825485 0.3817015215937682 0.056402017287527854 0.07364983181694867
12 0.9448458149533469 0.45934441658151537 0.06538640942182425 0.07276248444566022
81 0.8759654752570739 0.45890074289587107 0.06338987783642508 0.0754245265595258
10 0.9440971156088227 0.5374309852549067 0.03893236591528502 0.06743840021792889
77 0.9448458149533469 0.618623269727808 0.06638467521452383 0.07542452655952574
25 0.5482847288034283 0.4453081945265875 0.0657947908824741 0.07260114855997138
81 0.6149870340428998 0.4517616299541393 0.06307224781147482 0.06937443084619282
29 0.5435202784291802 0.6054340610727463 0.0671560624179734 0.07502118684530366
81 0.5376214351086821 0.6869086833456025 0.05989594756197627 0.07824790455907958
10 0.9478179244725203 0.6969921762011546 0.06080346191897604 0.0790545839875243
