81 0.5358064063946801 0.3174495051181921 0.06897109113197299 0.07986126341596725
74 0.6075000405976548 0.32188624197463617 0.0671560624179736 0.0790545839875243
10 0.6755636173726279 0.32309626111730233 0.06443351934697454 0.07824790455908019
81 0.8110101351548241 0.32470961997419023 0.06488727652547467 0.0782479045590801
48 0.879754347697545 0.3251129596884121 0.06443351934697343 0.07905458398752391
10 0.9498598317757684 0.325112959688412 0.06670230523947178 0.07905458398752409
80 0.5394281914985339 0.4006062363090628 0.06846158888647985 0.07024887276521309
81 0.6088613121331535 0.40416754367593666 0.06534103370397411 0.06937443084619432
18 0.6764711317296276 0.40497422310438114 0.059895947561976186 0.06937443084619481
81 0.8768049260372973 0.40941095996082244 0.0630722478114747 0.07502118684530351
34 0.9475910458832705 0.4069909216754914 0.06397976216847467 0.07502118684530373
10 0.9437341098660214 0.48685218509146 0.04083814606498392 0.07663454570219197
11 0.7749446115925397 0.48197866009341067 0.23324822184458738 0.0758278662737476
48 0.5442009141969294 0.5598566733656533 0.06670230523947353 0.07098778970308287
73 0.6122644909719029 0.5614700322225414 0.06397976216847467 0.06937443084619488
10 0.6136257625074024 0.4836254673776834 0.04582947502848185 0.07340782798841544
5 0.8731748686092999 0.5655034293647622 0.057627161669477116 0.06776107198930653
74 0.9403309310272722 0.567520127935872 0.0630722478114749 0.07179446913152682
10 0.9387427809025235 0.6425413147811757 0.06352600498997521 0.06856775141775061
48 0.9371546307777746 0.7155458030553694 0.0648872765254744 0.06453435427553003
34 0.6140795196859024 0.635684539639401 0.0648872765254744 0.06776107198930667
81 0.5460159429109287 0.6377012382105112 0.06488727652547435 0.068567751417751
74 0.5469234572679281 0.7119157456273704 0.06579479088247403 0.07340782798841464
81 0.6113569766149034 0.7139324441984811 0.05581213295547806 0.06937443084619488
