33 0.10128617363344052 0.46945337620578775 0.1189710610932476 0.13576277241872092
10 0.16438906752411575 0.1564844587352626 0.17282958199356913 0.3129689174705252
81 0.6792604501607716 0.47088245802072165 0.1109324758842444 0.13004644515898542
40 0.7930064308681672 0.46873883529832083 0.110128617363344 0.13147552697391923
81 0.9091639871382636 0.46730975348338694 0.11254019292604496 0.12575919971418373
42 0.9095659163987139 0.6087888531618435 0.11012861736334414 0.1257591997141836
81 0.9115755627009646 0.7416934619506966 0.1366559485530547 0.11146838156484463
33 0.9127813504823152 0.8896034297963559 0.11173633440514479 0.13290460878885313
5 0.7962218649517685 0.8888888888888886 0.11173633440514456 0.13719185423365485
45 0.6864951768488748 0.8860307252590209 0.10128617363344042 0.1314755269739189
81 0.6708199356913184 0.7402643801357628 0.13263665594855312 0.09431939978563776
10 0.7934083601286173 0.6095033940693104 0.10610932475884241 0.13004644515898534
52 0.6788585209003216 0.6102179349767775 0.11012861736334408 0.11718470882458021
10 0.10008038585209005 0.6145051804215792 0.11334405144694532 0.1314755269739193
