81 0.5174292406654405 0.3727070459666162 0.034031788387486585 0.0758278662737478
33 0.5691575590144188 0.37391706510928174 0.06488727652547475 0.07340782798841498
81 0.6351792284861439 0.372707045966616 0.0626184906329754 0.07260114855997138
10 0.5705188305499195 0.4529716490968066 0.06307224781147504 0.07018111027463896
70 0.6367673786108926 0.45377832852525046 0.060349704740476004 0.07179446913152698
11 0.6338179569506445 0.5312195536558868 0.12977455305094865 0.07018111027463902
10 0.5135723046481913 0.5316228933701086 0.02450288763899041 0.07744122513063645
5 0.5730144950316685 0.6098707979291891 0.06352600498997482 0.07260114855997131
45 0.5723417464716013 0.688565963036489 0.06397976216847454 0.07096949514930224
81 0.5196980265579391 0.6909420804878237 0.0349393027444862 0.07179446913152732
70 0.8264378792238185 0.37633710339461474 0.06216473345447554 0.07340782798841552
81 0.8910982771600428 0.37432040482350437 0.06080346191897604 0.07260114855997131
40 0.9591618539350154 0.3723037062523938 0.06443351934697565 0.07340782798841528
52 0.8910982771600428 0.45216496966836245 0.06171097627597561 0.06856775141775068
10 0.9564393108640169 0.45095495052569634 0.06261849063297532 0.07260114855997124
81 0.8915520343385426 0.5312195536558869 0.07169363420297174 0.06372767484708597
45 0.8926864272847922 0.6074507596438566 0.05671964731247755 0.07260114855997131
5 0.9553049179177671 0.6094674582149667 0.06397976216847441 0.0750211868453037
70 0.9564393108640171 0.6869086833456031 0.06352600498997475 0.0750211868453036
2 0.5187905122009397 0.45418166823947265 0.033124274030486754 0.07744122513063606
