81 0.10932475884244372 0.05359056806002144 0.11736334405144694 0.10718113612004287
9 0.11173633440514469 0.18435155412647375 0.11897106109324758 0.13433369060378708
11 0.3412379421221865 0.3265451947123973 0.2081993569131833 0.13004644515898534
10 0.11696141479099678 0.32940335834226514 0.08279742765273312 0.13576277241872098
0 0.2307073954983923 0.054305108967488386 0.112540192926045 0.10861021793497677
81 0.3496784565916398 0.055734190782422297 0.10771704180064312 0.11146838156484459
29 0.46463022508038593 0.054305108967488386 0.10610932475884248 0.10861021793497677
81 0.5775723472668811 0.055019649874955334 0.10530546623794215 0.11003929974991067
31 0.6909163987138267 0.05716327259735622 0.10852090032154345 0.11432654519471244
81 0.8070739549839229 0.05287602715255448 0.10932475884244383 0.10575205430510896
76 0.9256430868167204 0.04930332261521972 0.11334405144694515 0.09860664523043944
10 0.232717041800643 0.18792425866380846 0.11173633440514472 0.13290460878885313
12 0.3508842443729904 0.19006788138620936 0.11173633440514472 0.12861736334405144
5 0.689710610932476 0.1879242586638085 0.1109324758842444 0.13004644515898536
43 0.8066720257234726 0.18649517684887462 0.10852090032154336 0.13004644515898536
10 0.9236334405144698 0.18077884958913892 0.11254019292604531 0.13290460878885316
81 0.8082797427652733 0.3229724901750625 0.1374598070739549 0.11432654519471243
10 0.6937299035369776 0.3272597356198642 0.06430868167202576 0.13433369060378703
56 0.11736334405144694 0.4715969989281886 0.11736334405144692 0.13147552697391923
5 0.23633440514469456 0.46802429439085386 0.1109324758842444 0.13004644515898542
25 0.35329581993569137 0.4694533762057877 0.1085209003215434 0.1300464451589852
73 0.6852893890675241 0.46659521257591996 0.11173633440514472 0.12433011789924976
14 0.802652733118971 0.46516613076098606 0.10852090032154336 0.12718828152911754
5 0.9212218649517685 0.46445158985351914 0.11254019292604511 0.1314755269739193
41 0.9200160771704173 0.603787066809575 0.11173633440514476 0.12718828152911754
81 0.8026527331189712 0.6052161486245088 0.10691318327974286 0.12718828152911754
10 0.9216237942122185 0.7431225437656306 0.11495176848874607 0.13433369060378694
73 0.9220257234726688 0.8831725616291533 0.11254019292604511 0.1314755269739193
81 0.11816720257234728 0.6130760986066452 0.11736334405144695 0.1314755269739193
31 0.23673633440514463 0.6102179349767775 0.11173633440514469 0.12575919971418364
81 0.35289389067524113 0.6073597713469097 0.10610932475884248 0.12861736334405138
14 0.11776527331189712 0.7538406573776351 0.11816720257234727 0.13004644515898534
10 0.23914790996784568 0.7495534119328332 0.11173633440514476 0.12718828152911751
31 0.24155948553054668 0.890317970703823 0.11816720257234722 0.1343336906037875
81 0.11619225588862232 0.9011064290036837 0.11655948553054658 0.13141536998229927
