81 0.5405708567689311 0.2847789882662064 0.07849999188046894 0.06776107198930653
62 0.6202052415956495 0.28800570597998293 0.07623120598796972 0.07421450741685949
81 0.6987052334761188 0.2892157251226491 0.07260114855997131 0.07663454570219191
17 0.7733482893393395 0.29082908397953733 0.07214739138147153 0.07502118684530366
81 0.8479913452025599 0.29042574426531526 0.07078611984597202 0.07582786627374784
62 0.9244494297797797 0.2880057059799829 0.0730549057384711 0.07421450741685956
87 0.5403439781796809 0.37311038568083804 0.07804623470196911 0.0895414165572978
10 0.6211127559526495 0.37553042396617053 0.07350866291697088 0.0879280577004097
10 0.5428396426614305 0.46991191709413327 0.053997104241478626 0.09115477541418614
62 0.5417052497151809 0.5622767116509856 0.07986126341596844 0.09034809598574199
5 0.6222471488988991 0.5626800513652077 0.07668496316646972 0.0863146988435215
81 0.5412514925366809 0.6578682239216144 0.07986126341596857 0.08792805770040948
87 0.84731070943481 0.37795046225150286 0.07033236266747224 0.08470133998663322
5 0.9233150368335289 0.3747237445377261 0.07441617727397225 0.08792805770040919
10 0.922634401065762 0.4678952185230198 0.04764450374247994 0.0871213782719594
81 0.979580926967508 0.46023176395280374 0.04083814606498407 0.0717944691315271
73 0.9221806438872807 0.5610666925083195 0.07577744880947022 0.0879280577004097
17 0.9811690770922573 0.5590499939372091 0.037661845815485435 0.08873473712885378
81 0.9818497128600072 0.654238166493616 0.036300574279985794 0.09034809598574213
82 0.9230881582442794 0.6530281473509497 0.07577744880946999 0.08954141655729768
10 0.9253569441367793 0.7264359753393651 0.07214739138147153 0.049207445135091774
