10 0.6703454098198738 0.3154328065470808 0.09302022159245846 0.14036222054927763
81 0.5807283670661654 0.4513582902399183 0.06261849063297532 0.0717944691315271
57 0.525143112699937 0.4501482710972513 0.04673698938548225 0.06937443084619463
5 0.5251431126999374 0.5271861565136662 0.045829475028481996 0.07018111027463882
65 0.5818627600124151 0.5247661182283337 0.06125721909747575 0.06695439256086239
51 0.6440274934668905 0.44974493138303 0.058534676026476974 0.06695439256086239
10 0.6444812506453903 0.5239594387998896 0.05944219038347654 0.06695439256086239
10 0.5814090028339146 0.6018040036447476 0.044921960671482075 0.072601148559971
57 0.5807777542198916 0.6792755551688758 0.06263839843458702 0.07018111027463879
73 0.5246893555214374 0.6800519082038279 0.044921960671482346 0.06937443084619485
81 0.8237153361528194 0.4481315725261418 0.05671964731247755 0.07018111027463896
3 0.8842919194825276 0.44651821366925043 0.057173404490976514 0.07018111027464269
81 0.9471372887047707 0.4453081945265875 0.062164733454475395 0.06776107198930653
5 0.8845187980717928 0.5211360608003347 0.058534676026476926 0.06937443084619604
57 0.9478179244725203 0.5223460799430013 0.06352600498997489 0.07018111027463896
81 0.9507673461327693 0.5909138313607522 0.07033236266747224 0.058887598276421184
10 0.8858800696072939 0.5953505682171943 0.046736989385481494 0.06937443084619536
3 0.9505404675435194 0.6723884536336088 0.06352600498997475 0.07340782798841566
81 0.951447981900519 0.7320827313384741 0.06171097627597561 0.03791393313687394
