8 0.5363304959358502 0.3156828771699007 0.06204221901628058 0.07027791180605215
81 0.5975491456731538 0.31909916454936166 0.05710080334241738 0.06930182969763482
53 0.6582187492244722 0.32153936982040515 0.05545366478446297 0.06832574758921739
81 0.7155940756598821 0.3220274108746138 0.05380652622650871 0.06539750126396524
81 0.8256778359498311 0.32593173930828334 0.053257480040524004 0.06344533704713047
67 0.8816805469202791 0.3264197803624921 0.05106129529658474 0.06442141915554796
81 0.9376832578907268 0.32495565719986585 0.05215938766855431 0.06344533704713047
5 0.5379776344938048 0.38888903530120517 0.0609441266443109 0.06832574758921751
71 0.5997453304170927 0.3927933637348746 0.057100803342417336 0.06442141915554798
10 0.6590423185034495 0.3927933637348747 0.05380652622650857 0.06637358337238268
10 0.6002943766030777 0.4645353987035531 0.045021787250752114 0.06539750126396526
11 0.697475551522383 0.4620951934325067 0.08125883552575056 0.05856492650504316
5 0.8808569776413018 0.3962096511143354 0.051610341482569135 0.06344533704713044
4 0.9371342117047422 0.3957216100601269 0.04996320292461519 0.06051709072187833
10 0.9838031375134488 0.3957216100601269 0.032393724973102424 0.06442141915554793
10 0.8800334083623238 0.4640473576493441 0.0389822792049196 0.0644214191555481
81 0.9368596886117498 0.4625832344867183 0.06259126520226531 0.06149317283029575
73 0.5388012037727816 0.5343252694553964 0.060395080458326096 0.06832574758921768
35 0.6008434227890624 0.5328611462927704 0.057100803342417426 0.06344533704713046
5 0.6595913646894342 0.5318850641843532 0.05600271097044789 0.06149317283029575
8 0.538583108872077 0.6057364492180419 0.06039508045832612 0.06539750126396532
81 0.6000198535100852 0.6036270991530315 0.05545366478446304 0.062469254938713165
10 0.5373431872340556 0.6791946977254172 0.05984534287508886 0.06539750126396512
4 0.5990344785917027 0.6770631013480768 0.056551757156432576 0.06637358337238267
53 0.9349380269608032 0.5328611462927703 0.05106129529658463 0.06149317283029574
5 0.9827050451414793 0.5299328999675184 0.034589909717041394 0.05954100861346092
35 0.9829795682344716 0.5977706065025271 0.03404086353105669 0.058564926505043434
81 0.9352125500537948 0.5987466886109445 0.053806526226508646 0.0644214191555477
10 0.9838031375134488 0.6660963540917446 0.032393724973102424 0.06051709072187833
