81 0.540261476874499 0.2849256572531962 0.07961375950042293 0.07260114855997134
62 0.6204939961637862 0.28969239933036606 0.07590120076724269 0.07626787323471734
81 0.6972202099828467 0.291525761667739 0.07177613550815351 0.07993459790946343
81 0.8479913452025599 0.29042574426531526 0.07053861593042669 0.07920125297451416
62 0.9236862927068478 0.2885923819279423 0.07425117466360721 0.07553452829976819
5 0.9232737861809389 0.37622710165437195 0.07425117466360753 0.08653470232400591
81 0.9779309008638724 0.4686285634579721 0.044138198272255236 0.07626787323471731
10 0.922655026392063 0.46789521852302085 0.051563315738615126 0.0894680820638005
10 0.5421177562410883 0.46899523592544656 0.056100887523614175 0.09166811686865023
10 0.6223502755303764 0.37439373931699926 0.07713872034496959 0.08873473712885385
87 0.5412927431892719 0.37329372191457544 0.07837623992269627 0.0880013921939046
87 0.8471663321507421 0.37696044658932154 0.06888858982679082 0.0836013225842094
81 0.9814372063340983 0.6537981595326464 0.037125587331803586 0.08580135738905703
62 0.5379926909820006 0.561030025261572 0.07177613550815337 0.08506801245410785
