81 0.5403439781796803 0.28356896912353996 0.078046234701969 0.06695439256086275
62 0.6208858773633995 0.28840904569420495 0.0784999918804688 0.07824790455908019
81 0.6977977191191185 0.2908290839795368 0.07350866291697218 0.07502118684530347
17 0.7733482893393371 0.29002240455109257 0.07305490573847509 0.07179446913152737
81 0.84753758802406 0.288812385408427 0.07260114855997145 0.07421450741685963
62 0.9242225511905298 0.2880057059799828 0.07441617727397074 0.07260114855997127
5 0.9230881582442798 0.375933763680392 0.07305490573847198 0.08550801941507719
10 0.9203656151732812 0.4674918788088009 0.05671964731247769 0.08470133998663315
81 0.9798078055567578 0.4674918788088009 0.04038438888648429 0.07502118684530366
87 0.8468569522563104 0.37674044310883675 0.07033236266747224 0.08550801941507728
87 0.5410246139474302 0.37230370625239373 0.07940750623746838 0.08631469884352186
10 0.6211127559526495 0.37512708425194846 0.07169363420297166 0.08550801941507735
10 0.5428396426614289 0.4670885390945767 0.06307224781147644 0.09034809598574096
62 0.5417052497151809 0.5610666925083194 0.08167629212996771 0.08792805770040985
73 0.9215000081195308 0.5598566733656533 0.07260114855997131 0.08712137827196549
82 0.9235419154227799 0.6534314870651718 0.07486993445247052 0.09034809598574213
