8 0.5349578804708881 0.3156828771699007 0.06368935757423476 0.07027791180605196
81 0.5980981918591386 0.31861112349515297 0.05819889571438708 0.07027791180605235
53 0.6568461337595103 0.32251545192882247 0.0560027109704478 0.06832574758921738
81 0.714770506380905 0.3244676161456573 0.05325748004052414 0.06637358337238261
81 0.8256778359498312 0.32593173930828345 0.05215938766855444 0.0653975012639653
67 0.8814060238272867 0.3254436982540747 0.05051224911060018 0.06637358337238272
81 0.936310642425765 0.3254436982540747 0.05051224911060018 0.06637358337238272
5 0.5368795421218353 0.38888903530120517 0.060944126644311016 0.07223007602288704
71 0.5978236687661461 0.38937707635541385 0.05545366478446311 0.0653975012639652
10 0.6568461337595104 0.39084119951804 0.05161034148256974 0.06051709072187833
67 0.7142214601949202 0.3913292405722487 0.053257480040524004 0.0556366801797914
5 0.8805824545483095 0.3947455279517096 0.05106129529658489 0.06051709072187833
4 0.9352125500537954 0.3942574868975008 0.05051224911060004 0.06344533704713051
10 0.9838031375134488 0.39376944584329215 0.032393724973102424 0.062469254938713165
35 0.9840776606064412 0.3254436982540747 0.031844678787117574 0.062469254938713165
35 0.9821559989554826 0.5963064833398986 0.035688002089010434 0.059541008613456466
81 0.9349380269608025 0.4611191113240909 0.06314031138824948 0.0527084338545391
10 0.8827786392922485 0.4635593165951357 0.03239372497310214 0.06149317283029568
10 0.60056889969607 0.46160715237830047 0.04117846394885847 0.06539750126396514
73 0.5377031114008124 0.533837228401188 0.06149317283029561 0.06539750126396533
35 0.599196284231108 0.5343252694553966 0.05710080334241745 0.06246925493871302
8 0.5371540652148277 0.6055792633698663 0.06039508045832619 0.06442141915554785
10 0.536988604522024 0.6805185305616274 0.05874794190037177 0.06734966548079994
81 0.601941515161032 0.6031390580988227 0.06259126520226538 0.06734966548079996
4 0.5981544035195153 0.6769261549091503 0.05435557241249354 0.06539750126396525
53 0.9338399345888334 0.5313970231301446 0.05325748004052414 0.06051709072187841
73 0.9818814758625016 0.5309089820759355 0.03623704827499534 0.06539750126396526
