10 0.1969453376205788 0.17506252232940336 0.20418006430868169 0.35012504465880673
81 0.038183279742765266 0.4608788853161843 0.07636655948553053 0.13576277241872098
2 0.03697749196141478 0.6059306895319757 0.07395498392282956 0.13433369060378708
10 0.13946945337620575 0.6052161486245088 0.11655948553054662 0.13576277241872103
10 0.03376205787781351 0.752411575562701 0.06752411575562701 0.14433726330832444
11 0.21583601286173637 0.7481243301178992 0.1519292604501608 0.13862093604858886
33 0.13906752411575563 0.46230796713111827 0.11575562700964634 0.12718828152911754
81 0.2580385852090032 0.45944980350125064 0.11254019292604504 0.13004644515898547
40 0.8299839228295819 0.4630225080385852 0.10852090032154355 0.12861736334405138
81 0.9469453376205788 0.4580207216863165 0.10610932475884255 0.13290460878885313
42 0.9453376205787782 0.600928903179707 0.10932475884244369 0.12718828152911754
10 0.8315916398713825 0.6037870668095748 0.110128617363344 0.13004644515898534
81 0.9437299035369776 0.7416934619506966 0.11254019292604496 0.14005001786352267
33 0.947749196141479 0.887459807073955 0.10450160771704177 0.13147552697391915
5 0.8340032154340836 0.8810289389067524 0.10691318327974272 0.13862093604858886
5 0.1382636655948553 0.8967488388710262 0.11414790996784568 0.13290460878885293
70 0.03617363344051447 0.901036084315827 0.07234726688102894 0.12433011789924976
70 0.2604501607717042 0.6037870668095748 0.11093247588424436 0.13290460878885327
