11 0.6941318327974275 0.36727402643801355 0.21141479099678448 0.1514826723829939
5 0.10811897106109324 0.1979278313683458 0.14067524115755625 0.1614862450875312
81 0.24959807073954984 0.056448731689889245 0.1342443729903537 0.11289746337977849
17 0.10570739549839228 0.052161486245087534 0.1390675241157556 0.10432297249017507
62 0.38745980707395505 0.05359056806002144 0.13183279742765272 0.10718113612004287
81 0.5200964630225081 0.05287602715255448 0.12700964630225087 0.10575205430510896
17 0.6591639871382635 0.05573419078242228 0.1318327974276526 0.11146838156484457
81 0.8002411575562702 0.05359056806002144 0.13263665594855298 0.10718113612004287
62 0.9348874598070719 0.04715969989281888 0.12540192926045013 0.09431939978563776
5 0.935289389067523 0.19506966773847792 0.12942122186495242 0.16720257234726685
87 0.797427652733119 0.19864237227581277 0.13504823151125392 0.15434083601286172
73 0.6579581993569132 0.20078599499821365 0.13102893890675246 0.15576991782779562
87 0.25 0.19864237227581277 0.135048231511254 0.15434083601286172
10 0.2495980707395487 0.3672740264380133 0.08601286173633416 0.16291532690246469
10 0.9409163987138259 0.36370132190067894 0.08601286173633436 0.16434440871739908
62 0.7962218649517684 0.5359056806002142 0.1310289389067524 0.15434083601286172
73 0.9344855305466239 0.5373347624151483 0.13102893890675232 0.15719899964272954
10 0.6643890675241156 0.5323329760628797 0.11334405144694522 0.13576277241872106
10 0.9336816720257233 0.8774562343694177 0.13263665594855298 0.1600571632725973
82 0.9344855305466239 0.7081100392997499 0.13102893890675232 0.16148624508753115
81 0.7986334405144695 0.7038227938549483 0.12459807073954977 0.1529117541979278
73 0.11374598070739551 0.5351911396927475 0.14067524115755628 0.15291175419792788
62 0.25241157556270094 0.5351911396927475 0.1302250803858521 0.15005359056806009
87 0.11093247588424437 0.7045373347624152 0.1382636655948553 0.15148267238299395
