8 0.5530764046083864 0.2824960854837094 0.06149317283029568 0.05856492650504354
81 0.6173148083686057 0.282984126537918 0.05819889571438701 0.06344533704713043
53 0.6766117964549626 0.2839602086463355 0.05490461859847841 0.06344533704713047
81 0.7353597383553344 0.28347216759212673 0.05380652622650868 0.06442141915554783
71 0.7938331571627134 0.2839602086463353 0.05215938766855432 0.06344533704713053
81 0.8506594374121389 0.28688845497158766 0.05270843385453929 0.06734966548080007
67 0.9085679285322859 0.2842949806091399 0.053997104241478834 0.06534103370397418
81 0.9668757259695115 0.28510166003758386 0.055358375776978115 0.06372767484708579
5 0.5553179650701755 0.3512493731700023 0.06261849063297525 0.07018111027463896
71 0.6183902128816505 0.3528627320268905 0.05898843320497662 0.07018111027463898
10 0.6778324032651271 0.35447609088377874 0.05445086141997848 0.06856775141775068
35 0.8498063739165592 0.35729946888333325 0.05354334706297891 0.06614771313241832
5 0.9067528998182866 0.3564927894548891 0.05308958988447912 0.06614771313241832
4 0.9650606972555127 0.35487943059800064 0.05354334706297876 0.0661477131324183
81 0.964153182898514 0.42465720115841776 0.06261849063297519 0.05243416284886813
10 0.906299142639787 0.4282872585864163 0.045829475028481996 0.06776107198930646
10 0.6195246058279001 0.426270560015306 0.034031788387486515 0.06695439256086246
73 0.5578136295519244 0.49887170857527713 0.06125721909747573 0.06534103370397414
35 0.6195246058279001 0.497258349718389 0.05671964731247762 0.06534103370397418
81 0.6195246058279001 0.5694561585641382 0.05762716166947726 0.06292099541864168
8 0.5582673867304243 0.5710695174210266 0.0612572190974759 0.06614771313241832
10 0.5580405081411743 0.6464940439805524 0.05989594756197633 0.0701811102746391
81 0.961657518416765 0.7061883216854176 0.054904618598478123 0.06534103370397418
4 0.961430639827515 0.6352005319823345 0.05535837577697805 0.06372767484708582
81 0.9639263043092637 0.5658261011361396 0.05036704681348034 0.06372767484708586
53 0.9623381541845148 0.4964516702899449 0.056265890133977765 0.062114315990197684
