38 0.04903536977491962 0.13504823151125403 0.09807073954983923 0.1414790996784566
81 0.1595659163987138 0.13862093604858874 0.11334405144694529 0.14005001786352264
51 0.2785369774919614 0.14362272240085744 0.11173633440514469 0.13290460878885313
81 0.3934887459807074 0.1457663451232583 0.11173633440514472 0.13719185423365488
64 0.7343247588424436 0.14362272240085747 0.11012861736334396 0.13004644515898536
81 0.8516881028938902 0.14219364058592354 0.10691318327974267 0.135762772418721
20 0.9561897106109325 0.13647731332618793 0.08762057877813505 0.135762772418721
5 0.9549839228295821 0.28081457663451237 0.090032154340836 0.13576277241872098
10 0.9622186495176848 0.42157913540550196 0.07556270096463023 0.13719185423365488
11 0.7351286173633441 0.42300821722043586 0.27411575562700957 0.12290103608431593
10 0.3959003215434083 0.4287245444801715 0.06350482315112536 0.12861736334405144
64 0.3914790996784566 0.28795998570918185 0.10610932475884248 0.13004644515898534
73 0.732717041800643 0.28724544480171493 0.10691318327974281 0.1314755269739193
38 0.8496784565916399 0.2836727402643801 0.1093247588424438 0.1300464451589853
5 0.27853697749196143 0.28653090389424796 0.10691318327974277 0.13576277241872095
54 0.16157556270096463 0.2829581993569132 0.112540192926045 0.12861736334405147
73 0.04943729903536978 0.28152911754197923 0.09887459807073956 0.1286173633440515
81 0.16278135048231512 0.41943551268310114 0.12138263665594852 0.1186137906395141
10 0.05144694533762059 0.5644873168988925 0.10289389067524118 0.13147552697391932
38 0.1651929260450161 0.5630582350839586 0.11334405144694536 0.1257591997141836
73 0.28014469453376206 0.5630582350839586 0.1085209003215434 0.12861736334405152
10 0.7286977491961415 0.5623436941764917 0.10530546623794208 0.12718828152911754
64 0.842443729903537 0.5630582350839586 0.11254019292604496 0.12861736334405152
73 0.952572347266881 0.5666309396212934 0.09485530546623806 0.13290460878885313
54 0.9517684887459807 0.7031082529474812 0.09646302250803857 0.1257591997141836
81 0.8420197562852876 0.6977676284371478 0.11414790996784557 0.12861751839673435
10 0.9513665594855305 0.8460164344408717 0.09726688102893888 0.13433369060378708
64 0.050241157556270094 0.7038227938549483 0.10048231511254019 0.12718828152911754
81 0.1647909967845659 0.7009646302250804 0.11414790996784566 0.13004644515898534
20 0.27813504823151125 0.7016791711325473 0.1045016077170418 0.12575919971418373
10 0.05144694533762058 0.842443729903537 0.10289389067524116 0.12718828152911754
51 0.16438906752411572 0.8417291889960697 0.11173633440514469 0.1257591997141837
10 0.2729099678456592 0.8395855662736692 0.09405144694533764 0.12718828152911754
5 0.05385852090032153 0.9573061807788495 0.10450160771704178 0.08538763844230057
81 0.16358520900321544 0.9594498035012503 0.10852090032154338 0.08110039299749915
20 0.8408360128617365 0.8374419435512682 0.11254019292604499 0.13147552697391907
81 0.8412379421221865 0.9565916398713827 0.10209003215434066 0.08681672025723472
51 0.952572347266881 0.9601643444087173 0.09324758842443728 0.07967131118256518
