81 0.059027777777777776 0.21234567901234566 0.11805555555555555 0.14320987654320985
81 0.06319444444444444 0.8209876543209876 0.12638888888888888 0.14567901234567912
81 0.3145833333333333 0.8148148148148148 0.12083333333333336 0.14320987654320988
81 0.3076388888888889 0.2098765432098765 0.12083333333333336 0.14814814814814814
81 0.8069444444444442 0.2074074074074074 0.125 0.1530864197530864
81 0.8076388888888889 0.5135802469135803 0.1291666666666667 0.14814814814814825
5 0.18888888888888888 0.6654320987654322 0.12222222222222223 0.14567901234567912
5 0.9361111111111111 0.6703703703703704 0.1277777777777777 0.15555555555555556
73 0.4340277777777778 0.3654320987654321 0.12361111111111114 0.15308641975308646
10 0.18680555555555556 0.3654320987654321 0.12638888888888888 0.1580246913580247
10 0.06111111111111111 0.5197530864197532 0.12222222222222222 0.15061728395061735
10 0.9361111111111111 0.35802469135802467 0.1277777777777777 0.15308641975308643
10 0.9361111111111111 0.9493827160493828 0.1277777777777777 0.10123456790123456
10 0.18958333333333333 0.9493827160493828 0.12361111111111113 0.10123456790123456
11 0.40416666666666673 0.5197530864197532 0.46944444444444444 0.15061728395061735
40 0.3138888888888889 0.9469135802469136 0.1194444444444445 0.10617283950617278
40 0.9368055555555556 0.2024691358024691 0.12638888888888886 0.15308641975308643
2 0.06041666666666667 0.3679012345679012 0.12083333333333333 0.15308641975308643
2 0.43263888888888885 0.21358024691358024 0.12083333333333336 0.145679012345679
45 0.18958333333333335 0.8197530864197532 0.12083333333333332 0.14814814814814825
52 0.8055555555555556 0.3604938271604938 0.125 0.13827160493827162
52 0.3145833333333333 0.6666666666666667 0.12083333333333336 0.14320987654320988
70 0.06180555555555555 0.6728395061728395 0.1236111111111111 0.15061728395061721
70 0.3125 0.3654320987654321 0.11944444444444442 0.14814814814814814
70 0.9354166666666666 0.8209876543209876 0.1291666666666667 0.15555555555555556
70 0.6826388888888889 0.21234567901234566 0.11805555555555557 0.14814814814814814
33 0.18541666666666667 0.21234567901234566 0.12916666666666665 0.1530864197530864
33 0.06180555555555555 0.951851851851852 0.1236111111111111 0.09629629629629634
