81 0.5160679691299408 0.34181122385720536 0.024956644817490763 0.054047521705756295
38 0.555998600837925 0.34342458271409393 0.049459532456480805 0.057274239419532934
81 0.6065925262406549 0.34584462099942637 0.047190746563981915 0.05888759827642109
51 0.6555983015186357 0.3470546401420929 0.04628323220698171 0.05646755999108876
81 0.8019349915848281 0.3470546401420929 0.04673698938548156 0.054854201134200586
64 0.8513945240413086 0.34624796071364883 0.04582947502848185 0.05485420113420055
81 0.9019884494440386 0.3434245827140943 0.047190746563981346 0.05727423941953294
20 0.9548511607392669 0.3401978650003177 0.0521820755274795 0.05727423941953289
73 0.5573598723734247 0.40513555899007 0.04855201809948085 0.058080918847977045
54 0.6084075549546546 0.40553889870429205 0.04719074656398128 0.05566088056264462
73 0.8504870096843089 0.40795893698962443 0.04582947502848185 0.05404752170575641
38 0.8999465421407894 0.40594223841851407 0.04764450374248142 0.05485420113420048
5 0.9534898892037671 0.4035222001331809 0.051274561170480265 0.059694277704864934
11 0.8350592656153134 0.467249874980267 0.130228310229449 0.053240842277312704
10 0.9523554962575014 0.46644319555182073 0.02994797378098761 0.06130763656175899
81 0.6088613121331544 0.46240979840960295 0.05535837577697805 0.04678740684975942
81 0.5176561192546901 0.4616031189811586 0.029947973780988287 0.050014124563535746
10 0.5584942653196727 0.5241207746855778 0.04537571784998188 0.05888759827642183
81 0.5183367550224401 0.5817983538193334 0.03130924531648759 0.056467559991088837
64 0.8974508776590403 0.5257341335424668 0.04809826092098092 0.057274239419532975
73 0.9514479819005004 0.5277508321135733 0.05172831834897849 0.05808091884796981
54 0.9505404675435193 0.5886551289611085 0.05082080399198006 0.057274239419532906
81 0.8972239990697904 0.585428411247332 0.046736989385481424 0.05566088056264476
5 0.8466300736670604 0.6983635312295097 0.04446820349298264 0.05404752170575648
10 0.9504181760514184 0.6478876104190466 0.051274561170479155 0.05499781641721545
51 0.94872543882952 0.7064303255139509 0.04991328963498006 0.054047521705756336
81 0.6059118904729052 0.7011869092290632 0.03856936017248435 0.054854201134200566
5 0.5612168083906726 0.6951368135157326 0.046283232206982695 0.062114315990198295
