81 0.06111111111111111 0.20987654320987656 0.12222222222222222 0.1530864197530864
81 0.3125 0.21358024691358024 0.12777777777777774 0.145679012345679
81 0.06388888888888888 0.8209876543209876 0.12777777777777777 0.14567901234567912
81 0.8097222222222222 0.2074074074074074 0.12777777777777785 0.14814814814814814
81 0.8097222222222222 0.8160493827160493 0.12777777777777785 0.15555555555555556
81 0.8104166666666666 0.5148148148148148 0.13194444444444442 0.1555555555555555
5 0.9361111111111111 0.6666666666666667 0.1277777777777777 0.1382716049382716
5 0.6840277777777771 0.3604938271604936 0.12083333333333385 0.1432098765432097
5 0.19305555555555556 0.6654320987654322 0.12499999999999996 0.14074074074074075
73 0.6826388888888889 0.6666666666666667 0.12083333333333336 0.14320987654320988
10 0.18958333333333333 0.3654320987654321 0.12916666666666665 0.14320987654320982
10 0.06527777777777778 0.5209876543209877 0.1277777777777778 0.1580246913580247
10 0.9381944444444444 0.3604938271604938 0.12361111111111114 0.14320987654320988
10 0.9368055555555556 0.9481481481481481 0.12638888888888886 0.10370370370370381
10 0.6819444444444445 0.5185185185185186 0.1194444444444445 0.15308641975308646
10 0.1902777777777778 0.9469135802469136 0.12222222222222222 0.10617283950617278
11 0.39583333333333326 0.5160493827160494 0.4305555555555556 0.1530864197530864
40 0.9375 0.20246913580246914 0.125 0.14320987654320988
2 0.06180555555555555 0.36666666666666664 0.1236111111111111 0.15061728395061733
81 0.5569444444444445 0.21728395061728395 0.12222222222222222 0.15308641975308646
45 0.1923611111111111 0.8172839506172841 0.12083333333333333 0.14814814814814825
45 0.8083333333333335 0.6654320987654322 0.12777777777777785 0.1358024691358024
52 0.8097222222222222 0.3592592592592592 0.12222222222222215 0.14567901234567898
70 0.06388888888888888 0.671604938271605 0.12777777777777777 0.13333333333333336
70 0.3145833333333333 0.36419753086419754 0.12083333333333336 0.14074074074074072
70 0.6826388888888889 0.2111111111111111 0.11805555555555557 0.145679012345679
70 0.9388888888888889 0.8185185185185184 0.12222222222222229 0.15061728395061735
52 0.32291666666666674 0.6679012345679013 0.12916666666666665 0.14567901234567898
33 0.06388888888888888 0.9506172839506172 0.12777777777777777 0.09876543209876544
33 0.8118055555555556 0.9493827160493828 0.12916666666666657 0.10123456790123456
33 0.18541666666666665 0.21234567901234566 0.12083333333333332 0.1530864197530864
