81 0.05833333333333333 0.20864197530864195 0.11666666666666665 0.145679012345679
81 0.06319444444444444 0.8222222222222223 0.12638888888888888 0.15308641975308646
81 0.3104166666666667 0.2111111111111111 0.12083333333333336 0.14074074074074075
81 0.3145833333333333 0.8135802469135802 0.12361111111111107 0.14567901234567898
81 0.8076388888888889 0.20493827160493827 0.12638888888888886 0.14320987654320985
81 0.8069444444444445 0.8185185185185184 0.125 0.14567901234567912
81 0.8083333333333335 0.5148148148148148 0.13055555555555556 0.16049382716049387
5 0.9361111111111111 0.6679012345679013 0.1277777777777777 0.14074074074074075
5 0.18888888888888888 0.6654320987654322 0.12222222222222223 0.15061728395061727
5 0.6791666666666667 0.36296296296296304 0.12222222222222219 0.1530864197530864
10 0.18541666666666665 0.36296296296296293 0.1236111111111111 0.14814814814814817
10 0.06180555555555555 0.5172839506172839 0.1236111111111111 0.15555555555555564
10 0.19166666666666665 0.9469135802469136 0.12499999999999996 0.10617283950617278
10 0.9361111111111111 0.9481481481481481 0.1277777777777777 0.10370370370370381
10 0.9368055555555556 0.3604938271604938 0.12638888888888886 0.15308641975308643
10 0.6819444444444445 0.5172839506172839 0.11666666666666668 0.15555555555555564
11 0.39375 0.519753086419753 0.45694444444444443 0.16049382716049387
40 0.31666666666666665 0.9481481481481481 0.12222222222222225 0.10370370370370381
40 0.9368055555555556 0.2037037037037037 0.12638888888888886 0.15061728395061727
45 0.8076388888888889 0.6679012345679013 0.1291666666666667 0.14074074074074075
2 0.06041666666666667 0.3617283950617283 0.12083333333333333 0.14567901234567907
2 0.43541666666666673 0.2160493827160494 0.12638888888888894 0.15555555555555559
45 0.1909722222222222 0.8197530864197532 0.12638888888888888 0.1382716049382715
52 0.8090277777777777 0.36296296296296293 0.1291666666666667 0.14814814814814817
52 0.3159722222222222 0.6666666666666665 0.12361111111111114 0.13333333333333328
70 0.3125 0.3654320987654321 0.125 0.14814814814814814
70 0.6798611111111111 0.2111111111111111 0.12361111111111114 0.1604938271604938
70 0.9368055555555556 0.8197530864197532 0.12638888888888886 0.14814814814814825
70 0.0625 0.6679012345679013 0.125 0.15061728395061735
33 0.18333333333333332 0.2074074074074074 0.12777777777777777 0.1530864197530864
33 0.06111111111111111 0.951851851851852 0.12222222222222222 0.09629629629629634
33 0.8048611111111111 0.9493827160493828 0.12638888888888886 0.10123456790123456
