81 0.14107717041800644 0.11932833154698105 0.11816720257234724 0.13862093604858874
38 0.03778135048231511 0.11432654519471239 0.07556270096463022 0.13719185423365485
51 0.2580385852090032 0.1264737406216506 0.11093247588424432 0.13576277241872098
81 0.37017684887459806 0.1264737406216506 0.10209003215434084 0.13290460878885316
81 0.602893890675241 0.13219006788138624 0.10610932475884254 0.13290460878885318
64 0.7182475884244375 0.12861736334405147 0.11012861736334414 0.13147552697391926
81 0.8327974276527331 0.12361557699178277 0.10610932475884255 0.13290460878885316
20 0.947347266881029 0.120757413361915 0.10530546623794214 0.1329046087888532
5 0.9453376205787782 0.2636655948553055 0.10932475884244369 0.13862093604858877
38 0.8295819935691321 0.2693819221150411 0.10932475884244389 0.13290460878885313
73 0.7142282958199359 0.27224008574490893 0.10530546623794208 0.13290460878885307
11 0.6969453376205782 0.41014648088603073 0.3022508038585206 0.12290103608431611
10 0.9457395498392284 0.40871739907109683 0.07475884244372992 0.1314755269739193
10 0.37861736334405144 0.4094319399785638 0.0819935691318328 0.1186137906395141
81 0.1394694533762058 0.40585923544122904 0.13745980707395497 0.10861021793497677
54 0.14188102893890675 0.26938192211504103 0.11816720257234724 0.1329046087888532
5 0.26165594855305463 0.2693819221150411 0.11173633440514469 0.13290460878885316
10 0.04019292604501608 0.5516255805644874 0.08038585209003216 0.1314755269739193
38 0.14429260450160772 0.5480528760271526 0.11495176848874598 0.12433011789924976
73 0.2628617363344051 0.5473383351196857 0.11093247588424436 0.12575919971418364
81 0.14509646302250803 0.6888174347981422 0.11334405144694534 0.1257591997141836
64 0.04180064308681672 0.6888174347981422 0.08360128617363344 0.1257591997141836
10 0.7106109324758841 0.5473383351196857 0.10450160771704177 0.1229010360843158
64 0.8243569131832796 0.5451947123972848 0.11495176848874607 0.12718828152911754
73 0.942122186495177 0.5466237942122186 0.11575562700964624 0.13004644515898534
54 0.9417202572347267 0.6873883529832083 0.11655948553054639 0.1286173633440515
51 0.1467041800643087 0.827438370846731 0.114951768488746 0.1257591997141837
10 0.04139871382636656 0.8288674526616648 0.08279742765273312 0.12861736334405138
81 0.1454983922829582 0.9501607717041801 0.10932475884244376 0.09967845659163985
5 0.04220257234726688 0.9530189353340478 0.08440514469453377 0.09396212933190426
81 0.8219453376205788 0.6831011075384066 0.110128617363344 0.1257591997141836
20 0.8227491961414792 0.8238656663093964 0.11012861736334408 0.13862093604858902
10 0.8215434083601287 0.9446230796713114 0.11093247588424378 0.10861021793497684
51 0.9401125401929291 0.9523043944265807 0.11495176848874646 0.0953912111468375
10 0.9413183279742765 0.8260092890317972 0.11736334405144704 0.1314755269739193
