81 0.11527777777777778 0.05185185185185185 0.125 0.1037037037037037
81 0.11597222222222221 0.6308641975308642 0.12083333333333333 0.13086419753086426
81 0.11388888888888886 0.9308641975308646 0.12777777777777774 0.1382716049382715
81 0.36319444444444443 0.05555555555555555 0.11527777777777778 0.1111111111111111
81 0.6013888888888889 0.05925925925925926 0.11666666666666664 0.11851851851851852
81 0.8451388888888889 0.05802469135802469 0.12916666666666657 0.11604938271604938
81 0.8444444444444444 0.3432098765432099 0.125 0.14320987654320988
81 0.8423611111111111 0.6370370370370371 0.12361111111111114 0.13333333333333328
81 0.8395833333333335 0.9296296296296296 0.123611111111111 0.14074074074074075
81 0.5972222222222222 0.637037037037037 0.11666666666666671 0.1432098765432098
81 0.3624999999999999 0.6333333333333333 0.11944444444444445 0.15061728395061733
5 0.024305555555555552 0.17654320987654323 0.048611111111111105 0.145679012345679
5 0.24236111111111108 0.48271604938271606 0.11805555555555554 0.14567901234567907
5 0.7229166666666665 0.19506172839506175 0.12083333333333329 0.14320987654320988
5 0.9534722222222223 0.4925925925925926 0.09305555555555557 0.14074074074074075
73 0.9506944444444444 0.9345679012345678 0.09861111111111115 0.13086419753086417
73 0.71875 0.4839506172839506 0.12083333333333343 0.14320987654320988
73 0.02638888888888889 0.48271604938271606 0.05277777777777778 0.1407407407407407
10 0.025694444444444443 0.7864197530864198 0.05138888888888889 0.15061728395061721
10 0.11736111111111111 0.3382716049382716 0.12083333333333333 0.14320987654320982
10 0.24305555555555552 0.19012345679012344 0.11944444444444442 0.1481481481481481
10 0.9548611111111112 0.18641975308641975 0.09027777777777786 0.14074074074074075
10 0.9527777777777777 0.7888888888888889 0.09444444444444443 0.14567901234567898
10 0.7180555555555556 0.7876543209876544 0.12222222222222229 0.1382716049382715
10 0.7194444444444444 0.34567901234567905 0.11944444444444458 0.1432098765432099
10 0.24027777777777778 0.7802469135802468 0.11666666666666668 0.14814814814814825
11 0.4173611111111111 0.3395061728395061 0.47638888888888886 0.15061728395061733
37 0.11458333333333331 0.7839506172839505 0.12916666666666665 0.1358024691358025
37 0.2430555555555556 0.058024691358024676 0.12222222222222222 0.11604938271604935
78 0.11666666666666664 0.18271604938271604 0.12777777777777774 0.14814814814814814
78 0.024305555555555563 0.9333333333333335 0.048611111111111126 0.13333333333333328
78 0.9527777777777777 0.6419753086419753 0.09444444444444443 0.14320987654320988
78 0.5965277777777778 0.4876543209876543 0.11527777777777785 0.1407407407407407
60 0.11805555555555554 0.48641975308641977 0.12499999999999999 0.14320987654320988
80 0.23958333333333331 0.6308641975308642 0.11805555555555557 0.15061728395061721
80 0.8416666666666667 0.7851851851851852 0.12222222222222229 0.14814814814814808
68 0.9569444444444446 0.053086419753086395 0.08611111111111076 0.10617283950617279
68 0.36319444444444443 0.19135802469135801 0.11805555555555557 0.14567901234567895
68 0.8416666666666666 0.4975308641975309 0.11944444444444442 0.15061728395061727
55 0.3638888888888889 0.4814814814814815 0.11666666666666664 0.13333333333333336
55 0.7215277777777778 0.6320987654320988 0.12361111111111114 0.1382716049382716
59 0.8479166666666665 0.1962962962962963 0.123611111111111 0.14567901234567904
24 0.7229166666666665 0.05802469135802469 0.11250000000000014 0.11604938271604938
24 0.02638888888888889 0.6296296296296297 0.05277777777777778 0.14814814814814808
