28 0.10048231511254015 0.04858878170775279 0.12379421221864949 0.09717756341550558
81 0.22508038585209003 0.05287602715255449 0.11254019292604504 0.10575205430510898
83 0.3436495176848875 0.05144694533762058 0.11012861736334408 0.10289389067524116
81 0.4590032154340836 0.05144694533762058 0.10771704180064305 0.10289389067524116
28 0.5735530546623795 0.055019649874955355 0.11173633440514465 0.11003929974991071
81 0.6901125401929259 0.05287602715255448 0.11012861736334405 0.10575205430510896
83 0.8066720257234726 0.05359056806002144 0.11495176848874593 0.10718113612004287
81 0.930064308681672 0.04858878170775277 0.1205787781350483 0.09717756341550554
71 0.9268488745980712 0.1757770632368704 0.11897106109324702 0.13719185423365501
5 0.1032958199356913 0.1800643086816721 0.12459807073954984 0.13719185423365493
8 0.22749196141479097 0.1850660950339407 0.11575562700964628 0.13576277241872098
10 0.34324758842443726 0.1864951768488746 0.10771704180064305 0.13576277241872098
8 0.6893086816720257 0.18720971775634154 0.10852090032154343 0.13147552697391926
5 0.8046623794212221 0.1822079314040729 0.11093247588424428 0.135762772418721
10 0.8038585209003216 0.3272597356198642 0.07556270096463023 0.12861736334405144
81 0.9240353697749195 0.3201143265451946 0.12620578778135053 0.11718470882458021
73 0.10691318327974277 0.46516613076098606 0.12057877813504823 0.13576277241872098
10 0.2327170418006431 0.3279742765273312 0.07958199356913184 0.13004644515898534
5 0.34364951768488744 0.46516613076098606 0.10530546623794212 0.12718828152911754
28 0.6852893890675241 0.47088245802072165 0.1069131832797428 0.1271882815291175
73 0.8014469453376206 0.46730975348338694 0.10932475884244383 0.12575919971418373
83 0.9220257234726688 0.46588067166845304 0.11736334405144688 0.13147552697391923
81 0.9216237942122188 0.6116470167917112 0.11655948553054675 0.14005001786352267
