28 0.10008038585209 0.04715969989281887 0.12138263665594855 0.09431939978563773
81 0.2250803858520901 0.05073240443015363 0.11254019292604504 0.10146480886030726
83 0.3428456591639871 0.052876027152554475 0.10530546623794208 0.10575205430510895
81 0.4590032154340836 0.047874240800285815 0.10771704180064305 0.09574848160057163
28 0.5751607717041802 0.05144694533762058 0.11012861736334417 0.10289389067524116
81 0.6893086816720257 0.054305108967488386 0.110128617363344 0.10861021793497677
83 0.8066720257234726 0.05001786352268667 0.11334405144694543 0.10003572704537333
81 0.9292604501607716 0.050017863522686674 0.11897106109324768 0.10003572704537335
5 0.8030546623794211 0.1836370132190068 0.1141479099678456 0.13290460878885318
71 0.9260450160771705 0.17934976777420508 0.11736334405144688 0.13290460878885316
8 0.6881028938906752 0.18720971775634154 0.10771704180064305 0.12861736334405147
8 0.22588424437299037 0.18006430868167203 0.11254019292604504 0.13433369060378708
5 0.09967845659163987 0.17434798142193642 0.11736334405144694 0.1429081814933905
10 0.2282958199356913 0.3294033583422651 0.07234726688102895 0.12433011789924976
10 0.3388263665594855 0.18220793140407288 0.09565916398713835 0.12718828152911754
10 0.7990353697749203 0.3244015719899963 0.09324758842443734 0.134333690603787
81 0.9192122186495171 0.3186852447302608 0.13102893890675243 0.12004287245444796
73 0.8014469453376206 0.46659521257591996 0.11254019292604511 0.13004644515898534
83 0.9208199356913184 0.46802429439085386 0.11334405144694543 0.13576277241872098
81 0.9192122186495177 0.6087888531618435 0.11816720257234735 0.12861736334405152
71 0.10744701832819324 0.912722730693262 0.121491326915083 0.1214719542693818
73 0.10771704180064308 0.46659521257592007 0.12218649517684887 0.13862093604858877
