81 0.5562254794271753 0.3985207876768275 0.05989594756197613 0.06937443084619464
33 0.6183902128816506 0.4001341465337163 0.058988433204976654 0.06614771313241818
81 0.6778324032651273 0.39973080681949424 0.05535837577697805 0.07018111027463889
10 0.6469769151271394 0.2876023662657608 0.08530634955796622 0.07340782798841541
70 0.8586546388973058 0.3989241273910501 0.058534676026476974 0.06856775141775068
81 0.9208193723517811 0.3973107685341619 0.05944219038347638 0.06856775141775069
40 0.9775390196642588 0.3952940699630516 0.04492196067148228 0.06937443084619474
10 0.9770852624857591 0.47071859652257736 0.04582947502848185 0.0685677514177506
52 0.9205924937625312 0.4723319553794656 0.05989594756197633 0.07018111027463902
5 0.858200881718806 0.4727352950936876 0.05853467602647683 0.0677610719893066
81 0.920819372351781 0.5465464627963246 0.06760981959647278 0.062114315990197545
70 0.6791936748006268 0.47354197452213187 0.053543347062978766 0.06776107198930653
10 0.6188439700601505 0.4731386348079097 0.0571734044909774 0.06856775141775075
2 0.5584942653196743 0.474751993664798 0.06080346191897592 0.06695439256086239
10 0.5591749010874242 0.5497731805101017 0.038569360172484794 0.0637276748470859
70 0.5585157349061531 0.6217318302185558 0.058534676026476634 0.06776107198930593
5 0.622247148898899 0.6211643099274063 0.06216473345447514 0.06776107198930764
81 0.5580405081411745 0.693362118773156 0.05898843320497669 0.06695439256086246
45 0.921273129530281 0.6219709893558509 0.06125721909747568 0.07098778970308302
5 0.9768583838965091 0.6219709893558509 0.04628323220698178 0.06937443084619488
52 0.9768583838965091 0.6965888364869326 0.04628323220698178 0.07018111027463902
81 0.9180968292807822 0.6953788173442663 0.06397976216847483 0.06453435427553003
