81 0.059722222222222225 0.2049382716049383 0.11944444444444445 0.14814814814814814
81 0.30972222222222223 0.21234567901234566 0.125 0.14814814814814814
81 0.8125 0.2123456790123457 0.13055555555555556 0.15308641975308643
81 0.06319444444444444 0.8172839506172841 0.12638888888888888 0.14814814814814825
81 0.8055555555555556 0.5172839506172839 0.13055555555555542 0.15555555555555564
5 0.9354166666666666 0.6703703703703704 0.1291666666666667 0.14567901234567898
5 0.18958333333333335 0.6679012345679013 0.12083333333333332 0.14567901234567898
10 0.18819444444444444 0.36419753086419754 0.12638888888888888 0.145679012345679
10 0.06319444444444444 0.5185185185185186 0.12638888888888888 0.15308641975308646
10 0.1909722222222222 0.9469135802469136 0.1236111111111111 0.10617283950617278
10 0.9354166666666666 0.9506172839506172 0.1291666666666667 0.09876543209876544
10 0.9368055555555554 0.35679012345679 0.12638888888888886 0.1555555555555556
10 0.6819444444444442 0.5135802469135805 0.11111111111111109 0.1580246913580245
11 0.4 0.5185185185185186 0.4472222222222223 0.15308641975308646
40 0.9374999999999999 0.20493827160493827 0.12499999999999975 0.1580246913580247
40 0.31319444444444444 0.9469135802469134 0.11527777777777753 0.10617283950617235
2 0.06249999999999999 0.3703703703703703 0.12499999999999999 0.15308641975308637
2 0.43541666666666673 0.21481481481481482 0.12083333333333336 0.1481481481481481
45 0.19166666666666665 0.8197530864197531 0.12222222222222222 0.14814814814814808
73 0.43888888888888894 0.3691358024691359 0.1277777777777778 0.15061728395061721
52 0.8083333333333335 0.3604938271604938 0.12222222222222215 0.14320987654320988
52 0.31805555555555554 0.6679012345679013 0.1277777777777778 0.14074074074074075
70 0.06319444444444444 0.6679012345679013 0.12638888888888888 0.14074074074074075
70 0.3138888888888889 0.3691358024691358 0.12222222222222222 0.14567901234567907
70 0.9354166666666666 0.8185185185185184 0.1291666666666667 0.14567901234567912
70 0.68125 0.2111111111111111 0.12638888888888886 0.15555555555555553
33 0.0625 0.9481481481481481 0.125 0.10370370370370381
33 0.1840277777777778 0.2098765432098765 0.1236111111111111 0.14814814814814814
33 0.8041666666666667 0.945679012345679 0.125 0.10864197530864189
