81 0.05627009646302252 0.18077884958913898 0.11254019292604504 0.13290460878885318
51 0.17765273311897103 0.18863879957127544 0.11254019292604502 0.13433369060378705
81 0.29461414790996776 0.19149696320114326 0.11012861736334405 0.13719185423365488
64 0.634244372990353 0.19364058592354413 0.107717041800643 0.13004644515898542
81 0.7455787781350481 0.19149696320114326 0.10530546623794208 0.13147552697391923
20 0.8585209003215435 0.18935334047874242 0.11093247588424453 0.13004644515898536
81 0.9614147909967846 0.1850660950339407 0.07717041800643087 0.1300464451589854
51 0.959807073954984 0.3251161128974634 0.08038585209003216 0.13004644515898534
81 0.9577974276527331 0.46373704894605217 0.08440514469453377 0.12433011789924976
10 0.8528938906752411 0.46588067166845304 0.07877813504823138 0.13433369060378708
5 0.8565112540192926 0.3294033583422651 0.11173633440514465 0.13004644515898534
38 0.743167202572347 0.330832440157199 0.10369774919614143 0.12718828152911757
73 0.6338424437299035 0.33226152197213293 0.1020900321543408 0.13004644515898542
64 0.2958199356913183 0.33226152197213293 0.11093247588424432 0.13862093604858877
5 0.17845659163987138 0.33011789924973206 0.11575562700964628 0.13719185423365488
54 0.05787781350482318 0.32511611289746356 0.11575562700964637 0.1300464451589852
81 0.06229903536977492 0.4644515898535191 0.12459807073954984 0.12290103608431587
10 0.29943729903536975 0.4715969989281886 0.07154340836012853 0.13719185423365504
11 0.6655948553054662 0.46659521257591996 0.1720257234726688 0.12433011789924976
64 0.7399517684887459 0.6030725259021079 0.10369774919614158 0.1229010360843158
73 0.8532958199356915 0.6045016077170418 0.10852090032154325 0.120042872454448
20 0.9573954983922829 0.6073597713469097 0.08520900321543408 0.12861736334405138
81 0.9573954983922829 0.7416934619506966 0.08520900321543408 0.12575919971418373
54 0.8520900321543408 0.738120757413362 0.11093247588424447 0.12433011789924976
10 0.8520900321543408 0.8795998570918185 0.11093247588424447 0.12718828152911754
38 0.9561897106109325 0.8803143979992855 0.08762057877813505 0.12861736334405152
38 0.05787781350482315 0.6130760986066452 0.1157556270096463 0.1257591997141836
73 0.17966237942122185 0.6123615576991783 0.11334405144694532 0.12718828152911754
81 0.058681672025723476 0.7574133619149697 0.11736334405144695 0.12861736334405152
20 0.180064308681672 0.7502679528403001 0.11414790996784564 0.120042872454448
51 0.05627009646302251 0.903894247945695 0.11254019292604502 0.11289746337977846
51 0.2962218649517685 0.6080743122543766 0.10852090032154336 0.12433011789924976
