81 0.55625 0.39629629629629626 0.0625 0.07160493827160494
5 0.8584895217017962 0.47212474419487505 0.06036735085297337 0.07665695346409315
40 0.9771466457485173 0.3949799737541923 0.04570670850296537 0.07052439718696575
45 0.9206600531646637 0.6203514169386264 0.0620921323059153 0.07052439718696583
81 0.5588871434100589 0.6962418008680785 0.061229741579444476 0.07205753625624751
81 0.9223848346176058 0.6970083704027195 0.06209213230591544 0.07052439718696561
81 0.9232472253440767 0.546760741613097 0.0741656024765102 0.07359067532552942
81 0.9219536392543702 0.3949799737541923 0.061229741579444406 0.07052439718696575
52 0.921091248527899 0.4701037881490037 0.06122974157944455 0.07052439718696575
11 0.7136862788116121 0.54906045021702 0.2483685292236619 0.06899125811768388
5 0.6209792757159743 0.6211179864732672 0.059504960126502485 0.07205753625624758
5 0.5123180441806222 0.4731700662875674 0.02673411252060248 0.07052439718696583
73 0.5136116302703289 0.6218845560079083 0.027596503247073655 0.06745811904840203
70 0.5588871434100589 0.6241842646118311 0.061229741579444476 0.07512381439481139
33 0.6188232988997967 0.4003459604966789 0.06036735085297337 0.06899125811768386
5 0.9767154503852816 0.6218845560079082 0.04656909922943655 0.07359067532552949
81 0.67919064975277 0.3980462518927561 0.058642569400031305 0.06745811904840203
2 0.5575935573203523 0.47470320535684946 0.0603673508529733 0.07359067532552949
10 0.5575935573203523 0.5482938806823787 0.0603673508529733 0.07052439718696583
10 0.8624486791278682 0.5467607416130967 0.040532364144139806 0.07052439718696575
45 0.6201168849895032 0.6924089531948739 0.05778017867356027 0.06745811904840196
10 0.9767154503852816 0.4685706490797219 0.04656909922943655 0.07359067532552949
70 0.6796218451160055 0.4724034967529265 0.05778017867356013 0.06899125811768393
70 0.8585679208587481 0.3980462518927561 0.06036735085297337 0.07052439718696568
70 0.9771466457485173 0.7000746485412833 0.04570670850296537 0.07665695346409308
10 0.6195994505536205 0.4755464318449542 0.058815047545325426 0.07083102500082206
