81 0.10208333333333332 0.04691358024691358 0.12916666666666665 0.09382716049382717
81 0.10625 0.6246913580246914 0.1263888888888889 0.13827160493827165
81 0.5902777777777779 0.05555555555555555 0.11388888888888893 0.1111111111111111
81 0.8340277777777778 0.05555555555555555 0.12361111111111114 0.1111111111111111
81 0.8284722222222223 0.6283950617283951 0.12083333333333329 0.13580246913580254
81 0.3527777777777778 0.050617283950617285 0.11944444444444442 0.10123456790123457
81 0.8326388888888888 0.3358024691358025 0.1291666666666667 0.1432098765432099
5 0.23055555555555557 0.47407407407407404 0.12222222222222222 0.14320987654320994
5 0.9458333333333334 0.4802469135802469 0.10833333333333328 0.14074074074074075
5 0.7076388888888888 0.18641975308641975 0.11527777777777772 0.14074074074074075
73 0.9458333333333334 0.9308641975308641 0.10833333333333328 0.13827160493827165
73 0.7055555555555556 0.47901234567901235 0.11666666666666657 0.14320987654320988
73 0.019444444444444445 0.4728395061728395 0.03888888888888889 0.14567901234567907
10 0.94375 0.7814814814814816 0.1125 0.15555555555555556
10 0.9486111111111112 0.1802469135802469 0.10277777777777772 0.13827160493827162
10 0.7069444444444446 0.3358024691358025 0.11944444444444442 0.1432098765432099
10 0.22708333333333328 0.17777777777777778 0.12083333333333332 0.14320987654320988
10 0.10277777777777779 0.3234567901234568 0.125 0.15308641975308643
37 0.10277777777777779 0.7716049382716049 0.13333333333333336 0.14074074074074075
78 0.2291666666666666 0.05432098765432099 0.12499999999999994 0.10864197530864197
78 0.10208333333333335 0.17160493827160495 0.13194444444444448 0.15061728395061727
78 0.5875 0.4814814814814815 0.11388888888888886 0.13333333333333336
78 0.9458333333333334 0.6308641975308642 0.10833333333333328 0.14074074074074075
60 0.10347222222222223 0.47407407407407404 0.12916666666666668 0.14320987654320994
80 0.9486111111111112 0.05185185185185185 0.10277777777777772 0.1037037037037037
80 0.8291666666666667 0.7802469135802468 0.125 0.14814814814814825
80 0.23402777777777778 0.6234567901234569 0.12638888888888888 0.14074074074074083
68 0.8305555555555556 0.4888888888888889 0.125 0.1530864197530864
55 0.7076388888888888 0.625925925925926 0.11805555555555557 0.14567901234567907
59 0.8305555555555556 0.18888888888888888 0.12222222222222229 0.13580246913580246
24 0.7097222222222223 0.05555555555555555 0.11666666666666671 0.1111111111111111
11 0.39027777777777783 0.32839506172839505 0.438888888888889 0.13827160493827165
36 0.5895833333333333 0.1851851851851852 0.11527777777777785 0.14320987654320988
81 0.5854166666666667 0.6296296296296297 0.12083333333333336 0.13827160493827165
