81 0.10694444444444447 0.291358024691358 0.12500000000000003 0.15308641975308646
81 0.3527777777777778 0.29259259259259257 0.12222222222222218 0.14074074074074075
81 0.1125 0.8851851851851852 0.125 0.14567901234567898
81 0.8326388888888888 0.5864197530864197 0.14305555555555557 0.1506172839506174
81 0.8375 0.28641975308641976 0.125 0.14320987654320988
81 0.8340277777777778 0.8827160493827161 0.12638888888888886 0.14567901234567898
5 0.2361111111111111 0.7345679012345679 0.11944444444444442 0.14567901234567898
5 0.9493055555555556 0.7358024691358024 0.10138888888888883 0.14320987654320994
5 0.7118055555555556 0.44074074074074077 0.12083333333333343 0.1407407407407407
5 0.022916666666666665 0.4395061728395062 0.04583333333333333 0.1432098765432098
73 0.02361111111111111 0.7419753086419751 0.04722222222222222 0.15061728395061735
10 0.2326388888888889 0.43827160493827166 0.12083333333333336 0.13580246913580246
10 0.11180555555555557 0.5876543209876544 0.12638888888888888 0.14814814814814825
10 0.9493055555555556 0.4395061728395062 0.10138888888888886 0.14814814814814817
10 0.7097222222222223 0.5901234567901235 0.09722222222222214 0.15308641975308632
11 0.41805555555555557 0.5888888888888889 0.4833333333333333 0.14567901234567912
40 0.9513888888888888 0.28395061728395066 0.09722222222222214 0.14320987654320988
2 0.10833333333333332 0.43827160493827166 0.125 0.1407407407407407
45 0.2354166666666667 0.8851851851851852 0.11805555555555557 0.14567901234567898
45 0.8368055555555556 0.7358024691358025 0.12361111111111114 0.14320987654321002
52 0.8361111111111111 0.4395061728395062 0.125 0.1432098765432098
10 0.23402777777777778 0.9790123456790124 0.11805555555555557 0.041975308641975316
10 0.95 0.9802469135802468 0.1 0.03950617283950621
33 0.23125 0.2938271604938272 0.12083333333333336 0.13827160493827162
70 0.11319444444444443 0.7370370370370369 0.12083333333333332 0.14074074074074092
70 0.3534722222222222 0.43827160493827166 0.12083333333333329 0.15061728395061727
70 0.7118055555555556 0.28888888888888886 0.12083333333333343 0.14320987654320982
70 0.9506944444444444 0.8888888888888888 0.09861111111111115 0.14814814814814808
40 0.5965277777777778 0.4395061728395062 0.10694444444444462 0.14814814814814817
