81 0.044444444444444446 0.0691358024691358 0.08888888888888889 0.11358024691358024
81 0.24375 0.0802469135802469 0.09861111111111111 0.11604938271604937
81 0.4409722222222222 0.08271604938271604 0.09583333333333328 0.12098765432098765
81 0.6381944444444444 0.08765432098765431 0.09305555555555564 0.1111111111111111
81 0.8416666666666666 0.08148148148148147 0.10555555555555557 0.11358024691358024
81 0.8381944444444441 0.3271604938271605 0.10694444444444454 0.11604938271604943
81 0.049305555555555554 0.32345679012345685 0.09861111111111111 0.12345679012345677
81 0.04861111111111112 0.5604938271604938 0.09722222222222224 0.11358024691358025
81 0.04722222222222222 0.8074074074074074 0.09444444444444444 0.12345679012345684
81 0.8354166666666666 0.8160493827160493 0.101388888888889 0.12098765432098758
81 0.8340277777777777 0.5691358024691359 0.10138888888888886 0.12098765432098765
81 0.6340277777777777 0.5679012345679012 0.09583333333333328 0.11358024691358025
5 0.14444444444444443 0.19382716049382714 0.10277777777777777 0.1259259259259259
5 0.7326388888888888 0.208641975308642 0.09583333333333328 0.11604938271604938
5 0.9375 0.45061728395061723 0.10277777777777772 0.12098765432098765
5 0.14305555555555555 0.9222222222222223 0.10555555555555556 0.12098765432098774
73 0.9361111111111111 0.8246913580246914 0.10833333333333343 0.11358024691358025
73 0.7319444444444444 0.4481481481481481 0.1 0.11604938271604943
73 0.5375 0.20617283950617285 0.0944444444444445 0.11111111111111112
73 0.14791666666666667 0.4469135802469135 0.10138888888888888 0.10370370370370374
10 0.24791666666666665 0.3296296296296296 0.10138888888888889 0.1308641975308642
10 0.7361111111111112 0.33333333333333326 0.10277777777777772 0.12345679012345677
10 0.9458333333333334 0.2 0.10555555555555557 0.12345679012345682
10 0.9381944444444446 0.6987654320987654 0.10416666666666671 0.1234567901234567
10 0.7298611111111112 0.6901234567901234 0.09861111111111115 0.11604938271604937
10 0.9388888888888889 0.9382716049382717 0.10833333333333343 0.12345679012345684
11 0.4777777777777777 0.3308641975308641 0.3472222222222222 0.13333333333333328
37 0.3451388888888889 0.08148148148148149 0.09583333333333335 0.12345679012345678
78 0.2465277777777778 0.20370370370370366 0.10138888888888889 0.12098765432098763
78 0.6361111111111112 0.4506172839506173 0.09444444444444436 0.11111111111111115
78 0.9375 0.5753086419753086 0.10555555555555571 0.10864197530864189
80 0.9472222222222223 0.0765432098765432 0.10555555555555557 0.11851851851851851
80 0.04722222222222222 0.44320987654320987 0.09444444444444444 0.12098765432098765
80 0.34791666666666665 0.5679012345679013 0.10416666666666669 0.13827160493827165
80 0.8333333333333333 0.6962962962962963 0.1 0.11851851851851848
68 0.8381944444444445 0.4530864197530864 0.10138888888888886 0.12592592592592594
55 0.04583333333333333 0.19753086419753085 0.09166666666666666 0.11358024691358024
55 0.7319444444444444 0.5703703703703704 0.1 0.11851851851851855
59 0.14305555555555557 0.07654320987654321 0.1027777777777778 0.12839506172839507
59 0.8381944444444445 0.20246913580246914 0.10138888888888886 0.11851851851851855
59 0.04791666666666667 0.6827160493827161 0.09583333333333334 0.12098765432098765
24 0.8319444444444444 0.937037037037037 0.10277777777777772 0.12592592592592594
24 0.14791666666666667 0.5604938271604938 0.10972222222222223 0.11358024691358025
24 0.7374999999999998 0.0839506172839506 0.10277777777777769 0.11851851851851848
36 0.6354166666666667 0.20864197530864195 0.09861111111111115 0.11111111111111108
36 0.7326388888888888 0.8123456790123457 0.09583333333333328 0.1234567901234567
36 0.04513888888888888 0.9296296296296296 0.09027777777777776 0.11111111111111115
27 0.5416666666666666 0.0851851851851852 0.1 0.11604938271604938
