38 0.537992690982 0.3146261271186388 0.051150809212707066 0.05720090492603778
81 0.5905872730353888 0.3175595068584358 0.04743825047952676 0.05866759479593633
51 0.6407068159333232 0.31865952426085953 0.047850757005435555 0.05646755999108869
81 0.6904138523053496 0.32049288659823266 0.04578822437589096 0.057200904926038056
64 0.8389162016325629 0.31829285179338507 0.04578822437589094 0.058667594795936376
81 0.7871466326309925 0.32159290400065615 0.051150809212707225 0.0550008701211903
81 0.8900670108452705 0.31645948945601204 0.04826326353134476 0.05646755999108876
20 0.9428678461616135 0.314626127118639 0.05073830268679814 0.05866759479593643
81 0.9863872846450055 0.31169274737884206 0.02722543070998925 0.0572009049260379
73 0.539436463822682 0.3762271016543723 0.0499132896349802 0.05720090492603802
54 0.5918247926131157 0.38062717126406753 0.049088276583162414 0.052800835316342824
81 0.5924435524019791 0.43782807619010555 0.048675770057253515 0.049867455576545934
5 0.6407068159333237 0.3806271712640675 0.04372569174634634 0.055734215056139645
64 0.6900013457794403 0.3813605161990165 0.04496321132407312 0.057200904926038076
73 0.8370599222659735 0.38136051619901673 0.04455070479816432 0.05280083531634275
38 0.8882107314786803 0.379893826329118 0.049500783109071085 0.05280083531634273
5 0.9395677939543416 0.37769379152427035 0.049913289634980706 0.055734215056139534
10 0.9399803004802508 0.4400281109949531 0.03258801554680531 0.06013428466583477
81 0.9832934857006883 0.4370947312551558 0.03341302859862298 0.05426752518624109
11 0.8380911885807457 0.4403947834624277 0.120039399039498 0.05500087012119039
10 0.5412927431892721 0.49796236085594037 0.04785075700543572 0.05720090492603802
38 0.5942998317685693 0.5001623956607879 0.04743825047952676 0.055734215056139576
73 0.6427693485628682 0.5012624130632115 0.047025743953617624 0.05206749038139348
51 0.6908263588312584 0.4994290507258388 0.0466132374277089 0.0542675251862412
10 0.6908263588312584 0.43782807619010555 0.031763002494987376 0.05133414544644438
10 0.8364411624771096 0.5005290681282616 0.04248817216862043 0.0520674903813936
64 0.8859419455861811 0.5005290681282624 0.048263263531344254 0.05060080051149511
73 0.9370927547988884 0.5027291029331101 0.0499132896349802 0.053534180251292016
20 0.9834997389636428 0.5023624304656356 0.03300052207271421 0.05720090492603802
81 0.9830872324377338 0.5639634050013685 0.03382553512453205 0.05280083531634279
54 0.9364739950100249 0.5617633701965211 0.05032579616088924 0.052800835316342686
81 0.8849106792714082 0.560663352794097 0.0478507570054356 0.05206749038139358
20 0.8844558042521747 0.6177934407817929 0.047025743953617735 0.05570362913596234
10 0.9360614884841161 0.6229976722647798 0.04950078310907131 0.057934249860987136
38 0.9822622193859161 0.6248310346021527 0.03547556122816786 0.05426752518624113
81 0.9818497128600072 0.6834986293980891 0.036300574279985655 0.055734215056139645
51 0.9358552352211617 0.6834986293980893 0.048263263531344476 0.052800835316342755
81 0.8845806498062448 0.6776883055023493 0.04867577005725347 0.05206749038139361
51 0.8847044260084526 0.7307993777023127 0.04826326353134443 0.033000522072713506
56 0.9358552352211614 0.7304327052348384 0.049088276583162414 0.03373386700766346
64 0.5437677823447253 0.5599300078591475 0.04620073090179968 0.05353418025129177
81 0.5934748187167515 0.5591966629241982 0.04743825047952673 0.05206749038139332
20 0.6456568942442309 0.5599300078591481 0.048675770057253515 0.04913411064159675
51 0.5934748187167515 0.6171309127851862 0.04661323742770882 0.04913411064159675
10 0.6402943094074147 0.6182309301876099 0.03712558733180352 0.05426752518624127
10 0.5445927953965433 0.6182309301876091 0.0437256917463462 0.055734215056139444
5 0.5460365682372248 0.6768985249835464 0.04743825047952676 0.055734215056139645
81 0.5938873252426603 0.6787318873209194 0.045788224375891036 0.053534180251292154
64 0.5957436046092505 0.7289660153649399 0.044550704798164205 0.04106731635715548
73 0.5456240617113157 0.7285993428974649 0.04826326353134459 0.04326735116200292
51 0.9855622715931875 0.3714603595772024 0.028875456813624963 0.04620073090179993
