81 0.10277777777777777 0.04691358024691359 0.12777777777777774 0.09382716049382718
81 0.5916666666666667 0.05925925925925926 0.11944444444444442 0.11851851851851852
81 0.8326388888888888 0.056790123456790124 0.126388888888889 0.11358024691358025
81 0.8284722222222223 0.6308641975308642 0.12083333333333329 0.15061728395061721
81 0.83125 0.33827160493827163 0.12638888888888886 0.1530864197530864
81 0.10347222222222223 0.6246913580246918 0.12916666666666668 0.1481481481481482
5 0.23125 0.4802469135802469 0.1236111111111111 0.14074074074074075
5 0.7090277777777777 0.18888888888888888 0.11805555555555557 0.14074074074074072
5 0.9472222222222223 0.4901234567901234 0.10555555555555557 0.14074074074074075
73 0.9444444444444444 0.9271604938271605 0.11111111111111115 0.14567901234567898
73 0.7090277777777777 0.4839506172839506 0.11805555555555557 0.1382716049382716
81 0.35208333333333336 0.050617283950617285 0.12083333333333332 0.10123456790123457
73 0.47152777777777777 0.19135802469135801 0.11805555555555557 0.14567901234567895
10 0.9458333333333334 0.7814814814814816 0.10833333333333328 0.15061728395061735
10 0.9479166666666667 0.18271604938271604 0.10416666666666657 0.14814814814814814
10 0.7076388888888888 0.337037037037037 0.11805555555555557 0.145679012345679
10 0.23125 0.1814814814814815 0.12638888888888888 0.15061728395061727
10 0.10347222222222217 0.3271604938271605 0.1319444444444444 0.1506172839506173
37 0.10416666666666666 0.7802469135802468 0.1361111111111111 0.15308641975308646
78 0.23194444444444431 0.05185185185185185 0.12499999999999992 0.1037037037037037
78 0.10277777777777779 0.17530864197530863 0.1361111111111111 0.1580246913580247
78 0.5861111111111111 0.4802469135802469 0.1194444444444445 0.14074074074074075
78 0.9458333333333334 0.6358024691358024 0.10833333333333328 0.1407407407407407
60 0.10277777777777782 0.47283950617283954 0.13055555555555556 0.13580246913580252
80 0.2326388888888889 0.6209876543209877 0.12638888888888886 0.13086419753086417
80 0.8256944444444444 0.7790123456790125 0.12083333333333343 0.14074074074074092
80 0.9493055555555552 0.05308641975308641 0.10138888888888964 0.10617283950617282
68 0.8298611111111112 0.48518518518518516 0.12083333333333329 0.13086419753086426
55 0.7055555555555556 0.625925925925926 0.11944444444444428 0.14567901234567907
59 0.8326388888888888 0.18765432098765433 0.12083333333333329 0.14814814814814817
24 0.7104166666666666 0.05555555555555555 0.12083333333333356 0.1111111111111111
36 0.5881944444444441 0.19012345679012327 0.11805555555555582 0.1432098765432098
27 0.4708333333333332 0.05555555555555554 0.11666666666666663 0.11111111111111108
