81 0.059027777777777776 0.21234567901234566 0.11805555555555555 0.1530864197530864
81 0.06388888888888888 0.8197530864197532 0.12777777777777777 0.14814814814814825
81 0.31180555555555556 0.21481481481481482 0.12361111111111114 0.1481481481481481
81 0.8097222222222222 0.20864197530864195 0.12222222222222215 0.15061728395061727
81 0.8069444444444445 0.5148148148148148 0.1277777777777777 0.1555555555555555
81 0.8104166666666666 0.8197530864197532 0.12083333333333329 0.14320987654321002
5 0.19166666666666665 0.6641975308641976 0.12777777777777777 0.14814814814814817
5 0.6840277777777777 0.3604938271604938 0.12083333333333329 0.14320987654320988
5 0.9368055555555556 0.6703703703703704 0.12638888888888886 0.14567901234567898
10 0.1875 0.3641975308641975 0.125 0.15061728395061727
10 0.06388888888888888 0.5160493827160494 0.12777777777777777 0.14320987654320994
10 0.9375 0.9493827160493828 0.125 0.10123456790123456
10 0.9368055555555556 0.35802469135802467 0.12638888888888886 0.14814814814814814
10 0.6840277777777777 0.9432098765432099 0.11527777777777785 0.11358024691358025
10 0.6868055555555556 0.5135802469135803 0.10972222222222229 0.14814814814814825
11 0.40277777777777773 0.5148148148148148 0.4444444444444444 0.14567901234567907
40 0.9388888888888889 0.20246913580246914 0.12222222222222229 0.14320987654320988
40 0.3090277777777778 0.9493827160493828 0.11805555555555557 0.10123456790123456
2 0.06111111111111111 0.36419753086419754 0.12222222222222222 0.145679012345679
2 0.43819444444444444 0.21604938271604937 0.12361111111111114 0.15061728395061727
45 0.8118055555555554 0.6666666666666667 0.11805555555555557 0.14320987654320988
52 0.8076388888888889 0.3604938271604938 0.12361111111111114 0.14320987654320988
70 0.6819444444444445 0.20987654320987656 0.12222222222222222 0.1382716049382716
70 0.06319444444444444 0.6728395061728395 0.12638888888888888 0.15061728395061721
70 0.3138888888888889 0.36666666666666664 0.12222222222222222 0.14074074074074075
70 0.9368055555555556 0.8197530864197532 0.12638888888888886 0.14814814814814825
33 0.06319444444444444 0.9493827160493828 0.12638888888888888 0.10123456790123456
33 0.18541666666666665 0.2111111111111111 0.12638888888888888 0.145679012345679
33 0.8104166666666666 0.9493827160493828 0.12083333333333329 0.10123456790123456
