81 0.11535369774919613 0.120042872454448 0.1197749196141479 0.13719185423365488
51 0.23553054662379425 0.12861736334405144 0.11254019292604504 0.13719185423365488
81 0.35530546623794224 0.1307609860664523 0.11254019292604506 0.13576277241872095
54 0.46824758842443726 0.13433369060378708 0.1085209003215434 0.1400500178635227
81 0.580385852090032 0.13719185423365488 0.1012861736334405 0.13433369060378714
81 0.8102893890675243 0.13147552697391923 0.10450160771704185 0.13719185423365485
20 0.9276527331189708 0.12075741336191495 0.11736334405144667 0.13576277241872087
54 0.11776527331189708 0.2658092175777063 0.1197749196141479 0.13433369060378705
5 0.23914790996784568 0.27152554483744196 0.11334405144694532 0.13433369060378703
64 0.3540996784565917 0.2750982493747767 0.11173633440514469 0.13576277241872098
10 0.4678456591639872 0.2765273311897106 0.10610932475884248 0.13290460878885316
38 0.8070739549839229 0.2722400857449089 0.10771704180064305 0.13004644515898534
5 0.9248392282958199 0.2679528403001072 0.11816720257234735 0.13004644515898536
10 0.9196141479099676 0.41086102179349765 0.07395498392282959 0.13290460878885318
11 0.6374598070739552 0.41157556270096457 0.3585209003215436 0.12290103608431582
10 0.3577170418006428 0.41514826723829934 0.07395498392282944 0.1300464451589853
81 0.1209807073954984 0.4072883172561629 0.12781350482315113 0.10575205430510898
38 0.12138263665594856 0.5494819578420865 0.11736334405144695 0.13290460878885318
73 0.24115755627009647 0.5530546623794212 0.11093247588424436 0.12575919971418364
51 0.35570739549839225 0.5516255805644873 0.11012861736334408 0.12290103608431589
81 0.12299035369774919 0.692390139335477 0.11736334405144692 0.12718828152911754
10 0.03135048231511254 0.8403001071811351 0.06270096463022508 0.1114683815648444
10 0.028938906752411574 0.5594855305466236 0.05787781350482315 0.11861379063951427
51 0.12218649517684887 0.8331546981064669 0.11254019292604502 0.1257591997141835
10 0.24075562700964645 0.8267238299392641 0.10852090032154343 0.12718828152911746
54 0.3496784565916398 0.8260092890317972 0.0916398713826366 0.1314755269739193
81 0.36012861736334406 0.6866738120757414 0.112540192926045 0.11861379063951404
20 0.24115755627009647 0.6895319757056092 0.11093247588424436 0.12433011789924961
64 0.802250803858521 0.5487674169346195 0.10932475884244369 0.1257591997141836
