28 0.10008038585209005 0.05216148624508753 0.12299035369774922 0.09860664523043944
81 0.22588424437299037 0.054305108967488386 0.1157556270096463 0.10861021793497677
83 0.3428456591639871 0.05359056806002141 0.11012861736334408 0.10718113612004282
81 0.45980707395498394 0.05359056806002144 0.10610932475884241 0.10718113612004287
81 0.6909163987138264 0.05216148624508755 0.10530546623794215 0.1043229724901751
83 0.8070739549839229 0.05430510896748839 0.11254019292604509 0.10861021793497679
81 0.930064308681672 0.04573061807788496 0.11897106109324752 0.09146123615576993
71 0.9264469453376207 0.18006430868167203 0.11655948553054647 0.13433369060378705
81 0.9244372990353699 0.3258306538049303 0.1334405144694533 0.11718470882458021
10 0.8042604501607716 0.32868881743479816 0.07636655948553056 0.13147552697391923
5 0.8042604501607716 0.1843515541264738 0.11012861736334405 0.13433369060378714
8 0.6885048231511253 0.18578063594140762 0.10691318327974277 0.1314755269739192
10 0.34565916398713825 0.18863879957127544 0.11254019292604496 0.13719185423365488
8 0.22749196141479097 0.18220793140407288 0.1157556270096463 0.13862093604858883
5 0.10530546623794208 0.1772061450518042 0.12218649517684878 0.13433369060378705
10 0.23030546623794212 0.3294033583422651 0.069935691318328 0.13004644515898534
73 0.10771704180064308 0.47016791711325473 0.1189710610932476 0.13147552697391932
28 0.2290996784565916 0.46873883529832083 0.112540192926045 0.13433369060378708
5 0.34445337620578775 0.46873883529832083 0.10691318327974283 0.13433369060378708
28 0.6856913183279743 0.46945337620578775 0.10932475884244376 0.13004644515898534
73 0.8014469453376205 0.46945337620578775 0.1141479099678456 0.13576277241872092
83 0.922427652733119 0.46730975348338694 0.12138263665594849 0.13719185423365488
8 0.10811897106109324 0.6109324758842444 0.12138263665594856 0.13290460878885327
81 0.23030546623794215 0.6095033940693105 0.11334405144694532 0.13290460878885313
10 0.1085209003215434 0.7566988210075027 0.12057877813504823 0.13004644515898547
71 0.10731511254019292 0.9003215434083601 0.11816720257234728 0.13147552697391915
81 0.6856913183279743 0.6080743122543766 0.10932475884244376 0.13004644515898534
71 0.8010450160771702 0.6087888531618437 0.11334405144694541 0.1286173633440515
81 0.9208199356913183 0.6102179349767775 0.119774919614148 0.13433369060378705
10 0.79983922829582 0.7516970346552341 0.11254019292604511 0.13719185423365488
28 0.9208199356913184 0.7516970346552343 0.11816720257234722 0.13719185423365496
81 0.922829581993569 0.8946052161486248 0.12057877813504798 0.137191854233655
8 0.8082797427652733 0.8931761343336908 0.09887459807073967 0.1314755269739193
