81 0.21875 0.9333333333333335 0.13749999999999996 0.13333333333333328
81 0.2152777777777778 0.6271604938271605 0.1361111111111111 0.14320987654320988
81 0.20416666666666664 0.028395061728395062 0.12777777777777774 0.056790123456790124
81 0.47152777777777777 0.029629629629629638 0.13194444444444442 0.059259259259259275
81 0.7375 0.028395061728395062 0.13888888888888887 0.056790123456790124
81 0.9673611111111111 0.2938271604938272 0.06527777777777771 0.16790123456790126
81 0.9673611111111111 0.6209876543209877 0.06527777777777771 0.15555555555555556
81 0.9652777777777777 0.9296296296296296 0.06944444444444443 0.14074074074074075
81 0.7319444444444444 0.6185185185185186 0.13333333333333341 0.15555555555555556
5 0.34583333333333327 0.46666666666666673 0.1305555555555555 0.1580246913580247
5 0.06805555555555555 0.14074074074074072 0.1361111111111111 0.1580246913580247
5 0.8722222222222222 0.1382716049382716 0.136111111111111 0.16296296296296295
73 0.8673611111111111 0.45925925925925926 0.1347222222222223 0.16296296296296298
73 0.6048611111111111 0.14444444444444446 0.1291666666666667 0.16049382716049382
73 0.07430555555555556 0.4654320987654322 0.13472222222222222 0.1555555555555555
10 0.8625 0.7814814814814816 0.1277777777777777 0.14567901234567912
10 0.8666666666666667 0.29876543209876544 0.1277777777777777 0.15802469135802472
10 0.6034722222222222 0.46172839506172836 0.12638888888888886 0.16296296296296298
10 0.33958333333333335 0.14444444444444443 0.1291666666666666 0.15555555555555553
10 0.2125 0.30123456790123454 0.13055555555555556 0.16790123456790124
10 0.08472222222222221 0.7802469135802468 0.1388888888888889 0.1580246913580247
11 0.5368055555555555 0.30370370370370364 0.40694444444444455 0.15802469135802466
45 0.8625 0.9296296296296296 0.13333333333333341 0.14074074074074075
45 0.7361111111111112 0.145679012345679 0.13055555555555556 0.15308641975308643
45 0.20902777777777778 0.14814814814814814 0.13194444444444448 0.14814814814814814
45 0.07916666666666666 0.6296296296296297 0.13055555555555554 0.1679012345679012
46 0.9673611111111111 0.7864197530864198 0.06527777777777771 0.15555555555555556
46 0.7319444444444444 0.4617283950617284 0.1305555555555557 0.16790123456790126
46 0.6034722222222222 0.03333333333333334 0.12638888888888886 0.06666666666666668
46 0.06736111111111111 0.030864197530864203 0.13472222222222222 0.061728395061728406
46 0.21319444444444446 0.4654320987654322 0.13472222222222224 0.16049382716049387
66 0.21458333333333335 0.7851851851851851 0.13194444444444448 0.15308641975308646
66 0.9701388888888889 0.45925925925925926 0.05972222222222229 0.15802469135802474
66 0.7291666666666665 0.7777777777777777 0.13333333333333328 0.1629629629629629
23 0.8645833333333335 0.6246913580246914 0.13194444444444442 0.1580246913580246
23 0.9729166666666665 0.12962962962962965 0.05416666666666672 0.16543209876543213
23 0.08472222222222221 0.9345679012345678 0.13055555555555556 0.13086419753086417
