81 0.08333333333333334 0.2555555555555556 0.09166666666666667 0.10617283950617282
81 0.2597222222222222 0.26049382716049385 0.08333333333333329 0.09629629629629627
81 0.08888888888888889 0.4629629629629629 0.09166666666666666 0.09629629629629627
81 0.09375 0.674074074074074 0.09027777777777776 0.09876543209876529
81 0.59375 0.2641975308641975 0.08749999999999986 0.09876543209876548
81 0.7666666666666666 0.2580246913580247 0.08333333333333329 0.09629629629629634
81 0.9444444444444443 0.2641975308641975 0.08611111111111118 0.10370370370370363
81 0.9361111111111117 0.4654320987654323 0.09722222222222218 0.106172839506173
81 0.9375 0.674074074074074 0.08888888888888885 0.10864197530864196
81 0.9361111111111111 0.8814814814814815 0.08888888888888885 0.09876543209876544
81 0.7625 0.8765432098765433 0.08611111111111114 0.09876543209876544
81 0.7638888888888888 0.6728395061728395 0.08055555555555557 0.10617283950617284
81 0.7652777777777777 0.4703703703703704 0.09444444444444443 0.10617283950617284
5 0.17708333333333331 0.36172839506172844 0.08749999999999998 0.11111111111111115
5 0.17916666666666667 0.962962962962963 0.0833333333333333 0.07407407407407404
5 0.02361111111111111 0.8839506172839506 0.04722222222222222 0.0987654320987653
5 0.6798611111111111 0.36790123456790125 0.07916666666666672 0.09876543209876544
5 0.8506944444444439 0.5703703703703703 0.08472222222222223 0.1086419753086419
73 0.17777777777777778 0.5703703703703704 0.08888888888888888 0.10370370370370374
73 0.020138888888888894 0.362962962962963 0.04027777777777779 0.10864197530864203
73 0.02361111111111111 0.9679012345679012 0.04722222222222222 0.0641975308641976
73 0.6756944444444444 0.5716049382716053 0.08194444444444432 0.09135802469135808
73 0.8486111111111111 0.8753086419753086 0.08333333333333329 0.09629629629629634
10 0.022222222222222223 0.5703703703703704 0.044444444444444446 0.10370370370370374
10 0.02361111111111111 0.7790123456790125 0.04722222222222222 0.10123456790123456
10 0.17847222222222223 0.7728395061728395 0.0875 0.10370370370370381
10 0.3493055555555556 0.7703703703703704 0.08194444444444443 0.10370370370370352
10 0.3493055555555556 0.9604938271604938 0.08472222222222218 0.07901234567901241
10 0.34652777777777777 0.3617283950617283 0.08472222222222228 0.10617283950617284
10 0.26319444444444445 0.46543209876543207 0.08194444444444443 0.10123456790123456
10 0.6798611111111111 0.4641975308641975 0.08194444444444443 0.09876543209876544
81 0.6763888888888888 0.7740740740740739 0.08611111111111129 0.1012345679012347
10 0.8534722222222223 0.362962962962963 0.0875 0.10864197530864203
10 0.8486111111111111 0.774074074074074 0.08611111111111114 0.1012345679012347
10 0.8472222222222223 0.9617283950617284 0.08888888888888885 0.07654320987654316
10 0.3875 0.07777777777777778 0.13055555555555556 0.15555555555555556
51 0.34652777777777777 0.25925925925925924 0.08750000000000004 0.1037037037037037
51 0.6749999999999997 0.6728395061728396 0.08611111111111104 0.1012345679012345
30 0.175 0.2580246913580247 0.08888888888888885 0.10123456790123456
30 0.9430555555555555 0.3604938271604938 0.08888888888888885 0.09876543209876541
30 0.7625 0.774074074074074 0.08055555555555571 0.09629629629629619
47 0.09166666666666667 0.7765432098765431 0.08888888888888889 0.10617283950617291
47 0.26458333333333334 0.36543209876543215 0.08750000000000004 0.1037037037037037
26 0.08819444444444445 0.3604938271604938 0.09027777777777779 0.10370370370370374
26 0.6763888888888888 0.8728395061728395 0.08333333333333336 0.10617283950617291
26 0.85625 0.26049382716049385 0.08750000000000005 0.09629629629629627
20 0.2652777777777778 0.5679012345679012 0.08611111111111114 0.09876543209876544
20 0.09305555555555557 0.9666666666666666 0.08888888888888889 0.06666666666666671
20 0.6833333333333335 0.2641975308641975 0.08333333333333329 0.10370370370370367
63 0.17847222222222223 0.6679012345679013 0.08194444444444442 0.09629629629629627
63 0.5951388888888889 0.36790123456790125 0.08749999999999993 0.09876543209876544
63 0.9375 0.5728395061728395 0.08611111111111114 0.09382716049382722
63 0.7618055555555556 0.9641975308641975 0.08472222222222228 0.07160493827160494
63 0.9375 0.7814814814814816 0.08888888888888885 0.111111111111111
57 0.02361111111111111 0.674074074074074 0.04722222222222222 0.10864197530864196
57 0.7645833333333333 0.5679012345679012 0.08472222222222228 0.09876543209876544
22 0.01875 0.25432098765432104 0.0375 0.1037037037037037
22 0.7680555555555556 0.3654320987654321 0.08333333333333343 0.09876543209876544
22 0.9361111111111111 0.962962962962963 0.086111111111111 0.07407407407407404
72 0.0923611111111111 0.5703703703703704 0.09027777777777779 0.10370370370370374
72 0.3520833333333333 0.8740740740740742 0.08749999999999993 0.09876543209876544
72 0.8472222222222223 0.6703703703703704 0.08333333333333329 0.10123456790123449
26 0.2652777777777778 0.9654320987654321 0.08333333333333336 0.06913580246913568
81 0.2652777777777778 0.6641975308641974 0.08333333333333336 0.09382716049382722
81 0.43263888888888885 0.25679012345679014 0.09027777777777779 0.10864197530864196
