81 0.02152777777777777 0.19876543209876543 0.04305555555555554 0.11604938271604938
81 0.2111111111111111 0.20617283950617285 0.10833333333333334 0.1308641975308642
81 0.42013888888888884 0.20617283950617285 0.10138888888888893 0.12098765432098768
81 0.6229166666666667 0.2049382716049383 0.10694444444444443 0.12345679012345681
81 0.8361111111111111 0.20370370370370366 0.10277777777777786 0.12098765432098763
81 0.025694444444444443 0.45185185185185184 0.05138888888888889 0.13333333333333328
81 0.027777777777777776 0.7098765432098765 0.05555555555555555 0.12098765432098774
81 0.027083333333333334 0.9555555555555556 0.05416666666666667 0.08888888888888885
81 0.21666666666666665 0.708641975308642 0.10277777777777775 0.11358024691358011
81 0.8284722222222223 0.7135802469135802 0.10694444444444443 0.1283950617283952
81 0.8326388888888888 0.45925925925925926 0.10694444444444443 0.12839506172839513
81 0.8298611111111112 0.9493827160493828 0.10694444444444443 0.10123456790123456
5 0.10277777777777779 0.33086419753086416 0.10833333333333332 0.108641975308642
5 0.7284722222222223 0.33333333333333326 0.10416666666666671 0.128395061728395
5 0.9395833333333334 0.5864197530864199 0.11527777777777799 0.13580246913580257
5 0.31875 0.5864197530864197 0.10694444444444443 0.1259259259259258
81 0.6256944444444444 0.945679012345679 0.09583333333333342 0.10864197530864189
73 0.10694444444444443 0.5851851851851851 0.10833333333333332 0.11851851851851855
73 0.7236111111111111 0.5901234567901235 0.1 0.1185185185185185
73 0.9395833333333334 0.954320987654321 0.10416666666666671 0.09135802469135797
10 0.21388888888888885 0.454320987654321 0.1111111111111111 0.13333333333333336
10 0.31666666666666665 0.3358024691358025 0.10277777777777779 0.12345679012345681
10 0.9451388888888889 0.3320987654320987 0.10972222222222229 0.12592592592592589
10 0.7277777777777777 0.4592592592592593 0.10277777777777786 0.12345679012345684
10 0.1076388888888889 0.8370370370370369 0.10694444444444443 0.12839506172839507
10 0.9354166666666666 0.8407407407407408 0.10694444444444443 0.1259259259259258
51 0.3138888888888889 0.2024691358024691 0.1055555555555555 0.12345679012345676
51 0.7256944444444445 0.7111111111111111 0.10416666666666671 0.11851851851851848
51 0.10694444444444443 0.9506172839506172 0.10833333333333332 0.08888888888888871
11 0.4770833333333336 0.46296296296296174 0.35416666666666713 0.13086419753086392
30 0.10277777777777775 0.1962962962962963 0.10833333333333331 0.13086419753086417
30 0.83125 0.8395061728395062 0.10694444444444429 0.1234567901234567
47 0.21180555555555558 0.3320987654320987 0.10972222222222223 0.12592592592592589
47 0.025694444444444443 0.8481481481481481 0.05138888888888889 0.12098765432098774
26 0.02361111111111111 0.3271604938271605 0.04722222222222222 0.13580246913580246
26 0.9451388888888889 0.2024691358024691 0.1097222222222218 0.12345679012345671
20 0.7291666666666667 0.20617283950617285 0.10277777777777772 0.12098765432098768
20 0.21319444444444444 0.5851851851851854 0.10416666666666669 0.1185185185185185
63 0.10902777777777778 0.7111111111111111 0.10972222222222222 0.11358024691358025
63 0.625 0.34197530864197534 0.10000000000000007 0.12098765432098763
57 0.83125 0.5876543209876544 0.10138888888888886 0.12345679012345677
57 0.21875 0.8333333333333335 0.11250000000000003 0.13086419753086417
22 0.8347222222222223 0.33333333333333315 0.10555555555555557 0.12839506172839507
72 0.9368055555555556 0.7123456790123457 0.10694444444444456 0.1259259259259261
72 0.025694444444444443 0.5876543209876544 0.05138888888888889 0.13333333333333328
72 0.31875 0.9506172839506172 0.1125 0.09876543209876544
