81 0.5511704424357503 0.4357379883935933 0.0695483638748206 0.07619769065355037
73 0.5531921971995533 0.6003537540507915 0.07197446959138418 0.07188461382410409
73 0.948243078046645 0.36025914387828395 0.06469615244169376 0.07475999837706816
5 0.6906715211381521 0.4400510652230395 0.06712225815825733 0.07332230610058608
10 0.9494561309049269 0.7369345203165892 0.06873966196929943 0.06613384471817582
10 0.9474343761411238 0.4378945268083163 0.06469615244169347 0.07475999837706816
10 0.883951276557712 0.36241568229300714 0.06227004672513019 0.07044692154762189
10 0.6211231572633316 0.36025914387828395 0.07035706578034187 0.08051076748299657
10 0.6684322187363193 0.2826237609482511 0.08895720960732896 0.07475999837706812
10 0.6259753686964585 0.6758325985661007 0.07035706578034187 0.07332230610058615
80 0.6275927725075009 0.5967595233595863 0.07035706578034187 0.07332230610058624
74 0.550361740530229 0.3552272209105967 0.0727831714969053 0.0790730752065144
74 0.8819295217939092 0.5895710619771759 0.06469615244169362 0.07332230610058608
11 0.7226152464062383 0.5176864481530719 0.24261057165635108 0.07907307520651435
34 0.5548096010105954 0.6837399060867518 0.06873966196929956 0.07763538293003283
34 0.6951193816185187 0.36169683615476605 0.07440057530794761 0.07763538293003236
34 0.8815251708411483 0.43717568067007534 0.06550485434721494 0.07619769065355023
18 0.6227405610743739 0.4386133729465574 0.0671222581582571 0.07619769065355023
18 0.948243078046645 0.665049906492485 0.06793096006377837 0.0805107674829965
48 0.8172333693522154 0.36169683615476605 0.06631355625273613 0.07763538293003236
