81 0.5333790005142846 0.6791392908020094 0.05984394100856647 0.06325846016521154
81 0.5325702986087634 0.5411208322597297 0.05984394100856647 0.07188461382410409
81 0.6498320749093331 0.5411208322597297 0.05660913338648186 0.06325846016521154
81 0.5313572457504816 0.4023835275792089 0.06227004672513004 0.06469615244169362
81 0.530952894797721 0.2679592997281343 0.05822653719752438 0.0575076910592832
81 0.6486190220510513 0.26867814586637534 0.0558004314809608 0.06182076788872956
81 0.8653511327307251 0.27299122269582166 0.05580043148096067 0.07044692154762199
81 0.7581981302491698 0.2737100688340627 0.051756921953354865 0.06325846016521154
81 0.9745258899760826 0.27299122269582143 0.050948220047833476 0.06757153699465777
81 0.9720997842595193 0.40813429668513707 0.0558004314809608 0.07332230610058606
81 0.9712910823539983 0.5404019861214887 0.05580043148096081 0.06469615244169362
81 0.9712910823539983 0.6741073678343221 0.05741783529200333 0.06469615244169362
81 0.8633293779669222 0.5396831399832476 0.05337432576439724 0.0575076910592832
62 0.7028020497209697 0.2708346842810985 0.05418302766991843 0.06325846016521158
62 0.9215559151644465 0.2722723765575806 0.05499172957543962 0.07188461382410406
62 0.6486190220510514 0.4728304491268308 0.05418302766991829 0.06757153699465782
62 0.8633293779669222 0.4778623720945182 0.051756921953354865 0.06613384471817568
62 0.9712910823539983 0.6072546769779055 0.05580043148096081 0.06613384471817575
62 0.532974649561524 0.6101300615308696 0.062270046725130326 0.06613384471817568
5 0.5928185905700906 0.7294585204788823 0.05580043148096074 0.04888153740039072
5 0.9158950018257981 0.7323339050318464 0.0533743257643971 0.054632306506319
5 0.9211515642116851 0.34128160582871997 0.05418302766991792 0.06325846016521147
5 0.5903924848535271 0.33553083672279216 0.05903523910304543 0.06900922927113996
73 0.9167037037313193 0.4778623720945181 0.05175692195335472 0.06325846016521161
73 0.8123811579190883 0.3434381442434436 0.051756921953354865 0.06469615244169365
73 0.5928185905700907 0.47354929526507195 0.05741783529200305 0.06613384471817575
81 0.862520676061401 0.670513137143117 0.0533743257643971 0.06325846016521154
11 0.7816504855092817 0.40885314282337676 0.16982740015944414 0.06613384471817507
10 0.9158950018257983 0.6050981385631823 0.051756921953354865 0.06182076788872948
10 0.9183211075423617 0.40885314282337826 0.051756921953355 0.06613384471817568
10 0.7028020497209694 0.3398439135522382 0.05580043148096065 0.06613384471817575
10 0.6482146710982907 0.40382121985569097 0.058226537197524235 0.07332230610058608
10 0.5920098886645694 0.6065358308396643 0.05741783529200319 0.06469615244169369
17 0.9708867314012377 0.7308962127553644 0.056609133386482 0.051756921953354865
17 0.9720997842595196 0.4764246798180361 0.05418302766991829 0.06325846016521154
17 0.860498921297598 0.6050981385631823 0.05418302766991843 0.06182076788872948
17 0.8119768069663277 0.27802314566350894 0.054183027669918574 0.06325846016521158
17 0.5891794319952453 0.2722723765575806 0.058226537197524235 0.06325846016521151
17 0.5325702986087634 0.47283044912683087 0.058226537197524096 0.07044692154762203
82 0.9150862999202769 0.5396831399832476 0.05499172957543948 0.06613384471817575
82 0.974525889976083 0.3391250674139974 0.050948220047833816 0.06469615244169369
82 0.5301441928921998 0.3312177598933459 0.05984394100856662 0.06900922927113992
82 0.5916055377118088 0.6755450601108044 0.056609133386482 0.06469615244169362
87 0.8645424308252038 0.3420004519669615 0.05256562385887619 0.06469615244169362
87 0.6474059691927695 0.33481199058455113 0.05337432576439724 0.06469615244169362
87 0.5932229415228513 0.5375266015685246 0.05660913338648193 0.058945383335765274
87 0.5341877024198058 0.7373658279995337 0.061461344819608923 0.04456846057094438
87 0.9150862999202771 0.669794291004876 0.051756921953355 0.06757153699465782
10 0.8091463502970038 0.474986987541554 0.05013951814231277 0.06325846016521154
17 0.6510451277676148 0.6058169847014233 0.05580043148096095 0.06038307561224748
