81 0.5247364706418052 0.605403311013128 0.04553423035767139 0.08432264881050272
81 0.523313525943128 0.44097414583264816 0.046482860156789485 0.08938200773913266
81 0.5223648961440098 0.27485852767595825 0.04458560055855323 0.07083102500082213
81 0.6490069743262832 0.2773882071402733 0.06450682634003442 0.08600910178671253
81 0.9146233180793658 0.28582047202132344 0.06830134553650682 0.07589038392945222
81 0.9136746882802481 0.6096194434536533 0.06640408593827075 0.07926328988187244
81 0.6523271786231968 0.6087762169655483 0.06924997533562519 0.07757683690566246
62 0.523313525943128 0.6922556392879458 0.046482860156789485 0.07926328988187223
62 0.6509042339245196 0.5252967946431507 0.06450682634003435 0.08263619583429233
62 0.9127260584811299 0.5278264741074657 0.06640408593827075 0.07757683690566225
62 0.9743869954238099 0.2824475660689034 0.05122600915238038 0.08263619583429244
62 0.7163596900636715 0.27991788660458833 0.06640408593827066 0.0876955547629227
81 0.7827637760019428 0.2807611130926934 0.06450682634003471 0.0826361958342925
5 0.5797569989906581 0.3558082705340406 0.07019860513474327 0.08769555476292265
5 0.9748613103233689 0.36339730892698585 0.050277379353262146 0.07926328988187237
73 0.8482192321410955 0.366770214879406 0.06450682634003456 0.07589038392945227
73 0.5816542585888943 0.5278264741074657 0.06830134553650702 0.07420393095324229
73 0.9743869954238099 0.5303561535717808 0.05122600915238038 0.07926328988187237
10 0.9734383656246917 0.6939420922641557 0.05312326875061658 0.08263619583429233
10 0.9743869954238099 0.4460335047612783 0.05122600915238038 0.08600910178671256
10 0.8448990278441818 0.5269832476193608 0.06735271573738899 0.07589038392945234
10 0.6485326594267242 0.4392876928564381 0.06735271573738892 0.08600910178671256
10 0.5807056287897763 0.6871962803593155 0.06830134553650702 0.08600910178671256
11 0.8074281507790149 0.4443470517850682 0.21628759419893895 0.08263619583429246
17 0.9132003733806888 0.6897259598236306 0.06545545613915252 0.08094974285808235
17 0.8482192321410955 0.28329079255700845 0.06640408593827046 0.08094974285808237
17 0.5811799436893353 0.2782314336283783 0.06735271573738885 0.08094974285808237
17 0.5247364706418052 0.5261400211312557 0.04932874955414391 0.08094974285808235
17 0.6513785488240786 0.6888827333355256 0.07304449453209777 0.08263619583429233
82 0.9739126805242507 0.6096194434536532 0.05217463895149848 0.08263619583429246
82 0.523787840842687 0.3541218175578306 0.04932874955414391 0.08432264881050248
87 0.5826028883880126 0.6062465375012331 0.07019860513474335 0.08263619583429253
87 0.6494812892258424 0.3633973089269859 0.0692499753356251 0.08263619583429246
87 0.913674688280248 0.36339730892698585 0.06830134553650709 0.07589038392945227
10 0.7215771539588218 0.36508376190319597 0.07114723493386137 0.07926328988187244
