81 0.03888888888888888 0.2518518518518518 0.07777777777777777 0.11358024691358025
81 0.22777777777777777 0.254320987654321 0.09722222222222221 0.10864197530864196
81 0.043055555555555555 0.4901234567901234 0.08611111111111111 0.12098765432098765
81 0.043055555555555555 0.7197530864197532 0.08611111111111111 0.11111111111111129
81 0.043055555555555555 0.9530864197530857 0.08611111111111111 0.09382716049382706
81 0.23125 0.9493827160493828 0.09583333333333335 0.10123456790123456
81 0.41875 0.2617283950617284 0.09305555555555557 0.11851851851851851
81 0.7909722222222223 0.2580246913580247 0.09305555555555557 0.10617283950617284
81 0.9715277777777778 0.2604938271604938 0.05694444444444443 0.1111111111111111
81 0.9673611111111111 0.4901234567901234 0.06527777777777771 0.11604938271604943
81 0.9666666666666666 0.7234567901234567 0.06666666666666671 0.11358024691358025
81 0.9652777777777777 0.945679012345679 0.06944444444444443 0.10864197530864189
81 0.7881944444444445 0.9432098765432099 0.09583333333333328 0.11358024691358025
81 0.7875 0.719753086419753 0.09444444444444443 0.10617283950617291
81 0.7902777777777777 0.4925925925925926 0.09444444444444443 0.11604938271604937
5 0.13125 0.3728395061728395 0.0986111111111111 0.11851851851851844
5 0.8847222222222223 0.606172839506173 0.09722222222222214 0.11111111111111122
73 0.13402777777777777 0.6012345679012345 0.0986111111111111 0.11604938271604937
73 0.5104166666666667 0.38148148148148153 0.09583333333333335 0.10617283950617284
73 0.6923611111111111 0.6061728395061727 0.09583333333333342 0.12098765432098751
73 0.8819444444444445 0.9493827160493828 0.09444444444444443 0.10123456790123456
10 0.13472222222222222 0.8370370370370369 0.09722222222222221 0.1135802469135804
10 0.23125 0.4876543209876543 0.09861111111111115 0.12592592592592589
10 0.32430555555555557 0.37407407407407406 0.09583333333333333 0.11604938271604937
10 0.375 0.07160493827160494 0.15555555555555556 0.14320987654320988
10 0.8868055555555556 0.3691358024691358 0.10138888888888886 0.1160493827160494
10 0.8833333333333334 0.8345679012345678 0.09722222222222214 0.10370370370370381
10 0.3284722222222222 0.828395061728395 0.09305555555555557 0.10123456790123442
51 0.3222222222222223 0.2617283950617284 0.09722222222222221 0.11851851851851851
51 0.13541666666666666 0.9469135802469136 0.09583333333333333 0.10617283950617278
30 0.12916666666666668 0.2530864197530864 0.09722222222222224 0.1160493827160494
30 0.7868055555555555 0.8320987654320987 0.09583333333333342 0.11358024691358011
30 0.9680555555555556 0.37160493827160496 0.05833333333333343 0.11111111111111115
47 0.22777777777777777 0.3740740740740741 0.09722222222222221 0.12098765432098763
47 0.04375 0.8407407407407408 0.0875 0.1160493827160497
26 0.03958333333333333 0.3728395061728395 0.07916666666666666 0.11358024691358025
26 0.8895833333333334 0.25925925925925924 0.098611111111111 0.11358024691358022
20 0.6972222222222223 0.2617283950617284 0.09444444444444443 0.11851851851851851
63 0.13402777777777777 0.7209876543209875 0.0986111111111111 0.10864197530864217
63 0.9673611111111111 0.6037037037037036 0.06527777777777771 0.11111111111111108
63 0.9652777777777777 0.8382716049382717 0.06944444444444443 0.11111111111111129
57 0.7875 0.6049382716049382 0.09444444444444443 0.11851851851851841
57 0.4173611111111111 0.37654320987654316 0.09305555555555557 0.10617283950617284
57 0.23194444444444443 0.8333333333333335 0.09722222222222225 0.111111111111111
22 0.325 0.7160493827160493 0.08888888888888885 0.11358024691358025
22 0.7909722222222223 0.3790123456790123 0.09583333333333328 0.10617283950617278
72 0.8840277777777777 0.7259259259259259 0.09583333333333328 0.11358024691358011
72 0.5097222222222223 0.2641975308641975 0.08888888888888893 0.11358024691358025
72 0.04166666666666666 0.6037037037037036 0.08333333333333331 0.11111111111111108
72 0.3284722222222222 0.9432098765432099 0.09583333333333328 0.10864197530864203
81 0.6027777777777777 0.2654320987654321 0.09166666666666672 0.11111111111111115
