81 0.08194444444444444 0.14074074074074075 0.11111111111111112 0.1432098765432099
81 0.19583333333333336 0.2716049382716049 0.1111111111111111 0.12345679012345677
81 0.6305555555555555 0.27530864197530863 0.10555555555555557 0.12098765432098765
81 0.85625 0.5469135802469135 0.11805555555555543 0.14074074074074075
81 0.19791666666666669 0.7790123456790125 0.10416666666666666 0.12098765432098744
81 0.09097222222222222 0.6530864197530863 0.10416666666666666 0.111111111111111
81 0.3034722222222222 0.9037037037037037 0.10694444444444441 0.12839506172839527
5 0.4097222222222222 0.28148148148148144 0.10555555555555557 0.12345679012345681
73 0.8631944444444446 0.13580246913580246 0.11805555555555557 0.12839506172839507
73 0.19791666666666669 0.5296296296296297 0.10972222222222223 0.12098765432098774
10 0.08958333333333333 0.9049382716049382 0.10138888888888889 0.11604938271604937
10 0.8520833333333327 0.8111111111111109 0.1208333333333334 0.14074074074074047
10 0.8583333333333333 0.2728395061728395 0.11666666666666657 0.12592592592592594
10 0.7388888888888888 0.4074074074074074 0.10833333333333328 0.14320987654320988
10 0.7444444444444445 0.14320987654320988 0.11111111111111115 0.12839506172839507
10 0.3 0.14938271604938272 0.10555555555555557 0.1308641975308642
10 0.3798611111111111 0.043209876543209874 0.11805555555555561 0.08641975308641975
10 0.19652777777777777 0.4024691358024691 0.10694444444444445 0.128395061728395
10 0.3055555555555556 0.6567901234567901 0.10000000000000003 0.12839506172839507
71 0.8541666666666665 0.6802469135802469 0.11666666666666671 0.12098765432098765
71 0.7409722222222221 0.2753086419753087 0.11527777777777795 0.12592592592592594
71 0.3041666666666666 0.2753086419753087 0.10555555555555554 0.12592592592592594
11 0.46597222222222223 0.40617283950617294 0.3680555555555556 0.13580246913580246
8 0.09305555555555556 0.7790123456790125 0.10833333333333334 0.12098765432098744
8 0.30625 0.5358024691358024 0.10972222222222218 0.12839506172839507
8 0.40902777777777777 0.1469135802469136 0.10416666666666671 0.1308641975308642
8 0.7361111111111112 0.545679012345679 0.11666666666666657 0.12839506172839507
83 0.08958333333333332 0.5259259259259259 0.10416666666666666 0.12839506172839507
83 0.19166666666666668 0.14814814814814817 0.10833333333333331 0.12839506172839507
83 0.6291666666666665 0.1469135802469136 0.10833333333333335 0.12592592592592589
28 0.8534722222222222 0.9469135802469136 0.12361111111111114 0.10617283950617278
28 0.08611111111111111 0.2728395061728395 0.1111111111111111 0.12592592592592594
81 0.736805555555555 0.9407407407407404 0.10972222222222217 0.11851851851851833
