81 0.03958333333333333 0.8716049382716049 0.07916666666666666 0.14814814814814808
81 0.2548611111111111 0.5888888888888889 0.11527777777777778 0.14074074074074075
81 0.03680555555555556 0.5864197530864197 0.07361111111111111 0.1555555555555555
81 0.034027777777777775 0.2975308641975309 0.06805555555555555 0.14074074074074075
81 0.03125 0.02962962962962963 0.0625 0.05925925925925926
81 0.24930555555555556 0.03580246913580247 0.1236111111111111 0.07160493827160494
81 0.48472222222222217 0.03827160493827161 0.11944444444444442 0.0765432098765432
81 0.7236111111111111 0.0345679012345679 0.11666666666666671 0.0691358024691358
81 0.9541666666666666 0.025925925925925925 0.09166666666666672 0.05185185185185185
81 0.9486111111111112 0.28518518518518515 0.10277777777777772 0.15061728395061727
81 0.9486111111111112 0.5839506172839506 0.10277777777777772 0.14567901234567907
81 0.9486111111111112 0.8666666666666666 0.10277777777777772 0.13333333333333328
81 0.7173611111111111 0.5802469135802469 0.12083333333333343 0.12345679012345684
5 0.8319444444444444 0.9679012345679012 0.125 0.0641975308641976
5 0.14027777777777778 0.9703703703703703 0.11666666666666665 0.05925925925925924
5 0.37083333333333335 0.43827160493827155 0.11944444444444446 0.14567901234567898
5 0.12430555555555553 0.1469135802469136 0.12083333333333332 0.15061728395061727
5 0.84375 0.145679012345679 0.12083333333333343 0.1382716049382716
73 0.8395833333333335 0.437037037037037 0.11805555555555557 0.14814814814814808
73 0.6020833333333333 0.15061728395061727 0.12083333333333336 0.14320987654320988
73 0.1277777777777778 0.43827160493827155 0.11666666666666665 0.14567901234567898
10 0.1388888888888889 0.7222222222222223 0.11944444444444445 0.15061728395061735
10 0.25069444444444444 0.30246913580246915 0.1236111111111111 0.15061728395061727
10 0.36319444444444443 0.15308641975308643 0.11249999999999996 0.14814814814814817
10 0.8347222222222223 0.7222222222222223 0.11666666666666671 0.14567901234567912
10 0.8375 0.2901234567901234 0.11111111111111115 0.14074074074074072
11 0.5506944444444446 0.29753086419753083 0.36805555555555586 0.13086419753086417
45 0.8319444444444446 0.8592592592592593 0.11944444444444442 0.14814814814814808
45 0.7194444444444444 0.14938271604938272 0.11388888888888886 0.1308641975308642
45 0.24791666666666667 0.15185185185185185 0.12083333333333336 0.145679012345679
45 0.1361111111111111 0.5839506172839506 0.11944444444444442 0.13580246913580254
46 0.7159722222222222 0.4419753086419753 0.11527777777777785 0.1382716049382716
46 0.9486111111111112 0.7222222222222223 0.10277777777777772 0.1358024691358024
46 0.25277777777777777 0.4395061728395062 0.11666666666666664 0.13333333333333336
46 0.03888888888888889 0.7308641975308642 0.07777777777777778 0.14320987654320988
46 0.6034722222222222 0.037037037037037035 0.12083333333333336 0.07407407407407407
46 0.12291666666666662 0.03580246913580247 0.12083333333333329 0.07160493827160494
66 0.9506944444444444 0.43456790123456784 0.09861111111111115 0.1530864197530864
66 0.25625 0.7271604938271605 0.11527777777777778 0.14074074074074075
66 0.034027777777777775 0.4345679012345679 0.06805555555555555 0.14320987654320988
66 0.8458333333333333 0.03333333333333333 0.1277777777777777 0.06666666666666667
66 0.3652777777777778 0.03580246913580247 0.11666666666666661 0.07160493827160494
23 0.8368055555555557 0.5802469135802468 0.11805555555555557 0.1382716049382716
23 0.9555555555555556 0.14074074074074072 0.08888888888888885 0.14814814814814814
23 0.02916666666666666 0.145679012345679 0.05833333333333332 0.14814814814814814
