81 0.05138888888888889 0.708641975308642 0.10277777777777777 0.1580246913580247
81 0.05 0.06296296296296296 0.1 0.1259259259259259
81 0.30694444444444446 0.06666666666666667 0.13333333333333336 0.13333333333333333
81 0.83125 0.07530864197530866 0.14027777777777772 0.15061728395061733
81 0.5701388888888889 0.07283950617283949 0.12916666666666665 0.14567901234567898
81 0.8298611111111112 0.7111111111111111 0.13194444444444456 0.1580246913580247
81 0.30763888888888885 0.7061728395061728 0.13749999999999996 0.1679012345679012
62 0.43819444444444444 0.07037037037037036 0.12916666666666665 0.14074074074074072
62 0.9513888888888888 0.07160493827160494 0.09722222222222214 0.14320987654320988
62 0.8270833333333333 0.5506172839506173 0.1347222222222223 0.1580246913580247
62 0.3076388888888889 0.5432098765432098 0.13194444444444448 0.1580246913580247
62 0.049305555555555554 0.8666666666666666 0.09861111111111111 0.1580246913580247
5 0.16874999999999996 0.2160493827160494 0.13472222222222227 0.17037037037037045
5 0.95 0.2222222222222222 0.1 0.16296296296296298
73 0.6979166666666665 0.22592592592592592 0.1291666666666667 0.15555555555555556
73 0.9493055555555556 0.5530864197530864 0.10138888888888886 0.15308641975308646
73 0.17152777777777778 0.5407407407407407 0.13472222222222222 0.16296296296296298
10 0.9472222222222223 0.8777777777777778 0.10555555555555557 0.1604938271604938
10 0.6944444444444444 0.545679012345679 0.125 0.1580246913580247
10 0.9493055555555556 0.3901234567901234 0.10138888888888886 0.17283950617283947
10 0.30625 0.3827160493827161 0.13472222222222224 0.15802469135802472
10 0.43680555555555556 0.2222222222222222 0.12916666666666665 0.15308641975308646
10 0.1729166666666667 0.8691358024691358 0.13472222222222224 0.15308641975308632
11 0.6166666666666667 0.3901234567901234 0.4361111111111111 0.15802469135802466
17 0.8270833333333334 0.8691358024691358 0.13194444444444442 0.16296296296296306
17 0.6979166666666665 0.07037037037037037 0.13194444444444442 0.14074074074074075
17 0.1701388888888889 0.0691358024691358 0.13472222222222224 0.1382716049382716
17 0.05208333333333334 0.5432098765432098 0.10416666666666669 0.14814814814814817
82 0.95 0.7160493827160493 0.1 0.1580246913580247
82 0.05 0.21234567901234566 0.1 0.15802469135802466
87 0.6944444444444444 0.7049382716049383 0.13333333333333336 0.15555555555555536
87 0.83125 0.22345679012345682 0.13472222222222222 0.1604938271604938
87 0.30486111111111114 0.2222222222222222 0.13194444444444448 0.14814814814814814
87 0.17152777777777778 0.7061728395061729 0.13472222222222222 0.1580246913580246
