81 0.5204397700259459 0.6061045231567198 0.038817691465016325 0.08051076748299657
81 0.6429581087124031 0.6032291386037556 0.06550485434721473 0.07763538293003243
81 0.7747765193123538 0.6017914463272735 0.06388745053617229 0.07763538293003243
81 0.9057862280067834 0.6046668308802378 0.06873966196929943 0.08051076748299657
81 0.9102340884871499 0.27759183798056436 0.06469615244169347 0.08194845975947856
81 0.7763939231233963 0.2768729918423234 0.0655048543472148 0.08051076748299653
81 0.6433624596651636 0.2761541457040822 0.06631355625273626 0.07907307520651442
81 0.519226717167664 0.27327876115111815 0.03800898955949499 0.06757153699465786
81 0.519226717167664 0.4343002961171112 0.0396263933705373 0.08194845975947863
62 0.9712910823539983 0.2804672225335285 0.05741783529200333 0.08194845975947863
62 0.9086166846761076 0.5255937556737232 0.06793096006377823 0.08051076748299643
62 0.7743721683595933 0.6830210599485111 0.06469615244169362 0.07907307520651444
62 0.5204397700259458 0.6887718290544395 0.04205249908710087 0.0848238443124427
62 0.709271664965139 0.2783106841188054 0.06550485434721466 0.0805107674829965
62 0.6445755125234452 0.522718371120759 0.06873966196929954 0.0833861520359606
5 0.7100803668706603 0.5234372172590003 0.06227004672513004 0.0761976906535503
5 0.5742184467431036 0.35594606704883774 0.07035706578034187 0.08338615203596071
5 0.9712910823539983 0.36241568229300714 0.05741783529200333 0.0761976906535503
5 0.84109007556509 0.7462795201137227 0.0655048543472148 0.04169307601798039
73 0.5754314996013854 0.520561832706036 0.0679309600637783 0.07907307520651435
73 0.841898777470611 0.36241568229300714 0.0655048543472148 0.0761976906535503
73 0.9725041352122801 0.5255937556737232 0.05499172957543962 0.07475999837706823
10 0.8406857246123295 0.6830210599485111 0.06469615244169362 0.07332230610058615
10 0.7104847178234209 0.6815833676720291 0.06307874863065109 0.07907307520651428
10 0.5750271486486248 0.6851775983632342 0.0687396619692995 0.0805107674829965
10 0.6441711615706849 0.4400510652230395 0.06954836387482083 0.08482384431244278
10 0.8414944265178502 0.520561832706036 0.06631355625273627 0.0761976906535503
10 0.7116977706817028 0.36097799001652503 0.06550485434721466 0.0819484597594787
11 0.808741999344243 0.4414887574995216 0.21592340877415253 0.07907307520651444
17 0.907403631817826 0.6837399060867523 0.06712225815825718 0.08338615203596063
17 0.6429581087124031 0.6851775983632342 0.06550485434721473 0.07475999837706823
17 0.5200354190731852 0.5176864481530719 0.03800898955949499 0.08769922886540699
17 0.5730053938848211 0.2783106841188053 0.07116576768586291 0.07475999837706812
17 0.8435161812816534 0.2797483763952875 0.06712225815825718 0.07763538293003233
17 0.7747765193123538 0.5234372172590002 0.06388745053617229 0.07907307520651444
82 0.7096760159178995 0.6017914463272735 0.06469615244169362 0.07763538293003243
82 0.520844120978706 0.35450837477235564 0.039626393370537326 0.08338615203596073
82 0.7767982740761568 0.36097799001652503 0.066313556252736 0.0848238443124428
87 0.5750271486486248 0.6039479847419967 0.0687396619692995 0.0790730752065145
87 0.8406857246123294 0.6025102924655147 0.06631355625273613 0.08194845975947856
87 0.6437668106179243 0.35810260546356093 0.0687396619692995 0.08194845975947856
87 0.9086166846761072 0.36241568229300714 0.06631355625273552 0.07907307520651438
