81 0.5722775621698527 0.6703693679154688 0.056609133386482 0.06182076788872948
81 0.5682340526422469 0.2721286073299323 0.05984394100856655 0.05894538333576531
81 0.5710645093115708 0.4036774506280427 0.06227004672513012 0.07188461382410395
81 0.5734906150281344 0.5395393707555993 0.05741783529200319 0.06757153699465782
81 0.6818566703679713 0.5388205246173584 0.05256562385887605 0.06613384471817589
81 0.6830697232262531 0.6703693679154688 0.05499172957543962 0.06469615244169354
81 0.6814523194152108 0.27356629960641443 0.05499172957543962 0.06757153699465775
81 0.9010148867642084 0.2721286073299323 0.05580043148096081 0.06757153699465779
81 0.791031427613329 0.27212860732993227 0.052565623858876066 0.07044692154762193
62 0.5726819131226132 0.6071109077502572 0.05580043148096095 0.06182076788872948
62 0.6822610213207319 0.4734055260374236 0.05499172957543963 0.06469615244169359
62 0.5197119383109766 0.26997206891520925 0.03881769146501618 0.06325846016521154
62 0.6834740741790136 0.7314712896659572 0.05741783529200319 0.051756921953355
62 0.7360396980378897 0.2728474534681734 0.05256562385887591 0.06900922927113985
62 0.9564109672924082 0.2728474534681731 0.053374325764395936 0.06613384471817554
5 0.7360396980378897 0.4734055260374237 0.04933081623679143 0.06469615244169362
5 0.951154404906521 0.3411378366010722 0.046096008614706675 0.07044692154762199
5 0.6260562388870106 0.33898129818634914 0.054183027669918504 0.0661338447181758
5 0.52213804402754 0.6703693679154688 0.04366990289814318 0.06757153699465795
5 0.6268649407925317 0.730033597389475 0.05256562385887612 0.05463230650631914
73 0.6272692917452923 0.4734055260374237 0.05337432576439717 0.06469615244169362
73 0.5189032364054554 0.33538706749514396 0.04043509527605856 0.06469615244169365
73 0.5217336930747796 0.7314712896659572 0.04286120099262199 0.051756921953355
73 0.9479195972844363 0.47628091059038785 0.046096008614706675 0.06757153699465775
10 0.9483239482371971 0.6114239845797035 0.051756921953354865 0.06469615244169376
10 0.9539848615758452 0.40870937359573006 0.0533743257643971 0.06757153699465782
10 0.7352309961323685 0.33970014432459017 0.05094822004783367 0.06469615244169372
10 0.6280779936508135 0.603516677059052 0.054991729575439546 0.06613384471817561
10 0.5225423949803008 0.6056732154737752 0.04286120099262199 0.06757153699465761
10 0.5209249911692584 0.47124898762270034 0.041243797181579674 0.06900922927113984
10 0.6822610213207319 0.40870937359573006 0.05337432576439724 0.06469615244169362
11 0.8241882057396954 0.4072716813192466 0.19489715923060127 0.06757153699465737
17 0.6814523194152108 0.6020789847825699 0.05337432576439724 0.06325846016521154
17 0.5722775621698527 0.4734055260374237 0.056609133386482 0.06757153699465789
17 0.6252475369814894 0.2706909150534503 0.054183027669918504 0.06757153699465779
17 0.8456188062360084 0.2742851457446555 0.05337432576439724 0.06900922927113985
17 0.7898183747550475 0.4748432183139058 0.05660913338648186 0.06469615244169362
82 0.6276736426980528 0.6689316756389867 0.05418302766991836 0.06182076788872941
82 0.52213804402754 0.5424147553085636 0.04366990289814318 0.06469615244169369
82 0.5694471055005278 0.3353870674951429 0.05741783529200182 0.07044692154762171
82 0.7902227257078082 0.3425755288775544 0.05418302766991829 0.06182076788872951
82 0.9495370010954787 0.5452901398615277 0.04933081623679143 0.06757153699465768
82 0.7356353470851292 0.5395393707555993 0.051756921953354865 0.06757153699465782
87 0.5730862640753738 0.7314712896659572 0.056609133386482 0.048881537400390584
87 0.628482344603574 0.5388205246173584 0.054183027669918504 0.06325846016521154
87 0.6814523194152108 0.3404189904628312 0.05337432576439724 0.06900922927113992
62 0.8969713772366026 0.478437449005111 0.05580043148096067 0.06325846016521154
