81 0.5226667328982748 0.6034868871765259 0.045706708502965585 0.08278950974122054
81 0.5213731468085682 0.274628556815566 0.04311953632355248 0.07205753625624765
81 0.5230979282615102 0.43637472862480275 0.048293880682378686 0.08278950974122068
81 0.6507317557792254 0.601953748107244 0.07071603957062593 0.08892206601834822
81 0.649438169689519 0.28076111309269347 0.06640408593827068 0.07512381439481132
81 0.9176416856220149 0.2776948349541298 0.06640408593827075 0.07512381439481132
81 0.7822463415660604 0.27999454355805253 0.06467930448532869 0.08278950974122068
81 0.9120361458999531 0.6034868871765259 0.06726647666474178 0.08892206601834808
62 0.5222355375350393 0.6862763969177464 0.04311953632355248 0.08278950974122083
62 0.9128985366264243 0.5229970860392279 0.06381691375885751 0.08432264881050251
62 0.9749906689323395 0.28152768262733446 0.050018662135320684 0.07972323160265692
62 0.7158422556277896 0.27999454355805253 0.06295452303238648 0.07972323160265687
5 0.5800157162085995 0.35588492748750483 0.06899125811768386 0.08432264881050251
5 0.9745594735691041 0.36431719236855514 0.05088105286179172 0.07665695346409322
73 0.5821716930247771 0.5222305165045872 0.06985364884415489 0.07972323160265696
73 0.846925646051389 0.36125091422999134 0.06467930448532855 0.07665695346409322
73 0.9736970828426331 0.5245302251085099 0.052605834314733924 0.08432264881050258
10 0.5795845208453639 0.6855098273831056 0.06640408593827075 0.07512381439481146
10 0.9741282782058686 0.691642383660233 0.05174344358826289 0.08125637067193878
10 0.8473568414146245 0.5214639469699462 0.06209213230591544 0.07819009253337506
10 0.7141174741748475 0.35741806655678665 0.061229741579444406 0.07819009253337508
10 0.6503005604159899 0.4371412981594436 0.06467930448532862 0.08125637067193886
62 0.651162951142461 0.5199308079006643 0.06640408593827068 0.07512381439481132
11 0.8128612123557827 0.44097414583264827 0.21214811871187791 0.08278950974122068
17 0.9111737551734822 0.6855098273831056 0.06554169521179987 0.07512381439481146
17 0.8486504275043311 0.28229425216197535 0.06122974157944427 0.07512381439481132
17 0.5800157162085995 0.27616169588484785 0.06899125811768386 0.07205753625624756
17 0.5230979282615102 0.5229970860392279 0.04656909922943662 0.08125637067193871
17 0.6515941465056965 0.6839766883138237 0.07071603957062585 0.07512381439481118
82 0.9732658874793976 0.6042534567111669 0.05346822504120482 0.08432264881050258
82 0.5222355375350393 0.353585218883582 0.04656909922943662 0.07972323160265687
87 0.581309302298306 0.6027203176418849 0.06812886739121282 0.07819009253337512
87 0.9150545134426018 0.3620174837646323 0.06467930448532855 0.08125637067193886
87 0.6481445835998123 0.3589512056260686 0.06554169521179971 0.08432264881050248
10 0.9736970828426331 0.4425072849019302 0.052605834314733924 0.08892206601834815
