81 0.9570200573065902 0.854504934734161 0.0859598853868195 0.1298949379178606
81 0.7478510028653296 0.848137535816619 0.11174785100286541 0.12225405921681003
81 0.7514326647564471 0.5845272206303725 0.10458452722063029 0.12480101878382684
81 0.9584527220630372 0.5883476599808978 0.08309455587392549 0.12225405921680994
81 0.9613180515759313 0.31709646609360076 0.07736389684813744 0.1451766953199618
81 0.9641833810888252 0.05858007004138809 0.07163323782234954 0.11716014008277618
81 0.7614613180515759 0.05985354982489653 0.10744985673352431 0.11970709964979306
81 0.5429799426934098 0.061127029608404965 0.10315186246418336 0.12225405921680993
81 0.3252148997134671 0.05858007004138809 0.11174785100286534 0.11716014008277618
81 0.0995702005730659 0.05221267112384591 0.11604584527220631 0.10442534224769182
81 0.10386819484240689 0.3145495065265839 0.1189111747851003 0.14008277618592804
81 0.10386819484240688 0.583253740846864 0.11318051575931232 0.13244189748487742
81 0.328080229226361 0.5845272206303725 0.10888252148997132 0.12480101878382684
62 0.10530085959885387 0.714422158548233 0.11031518624641834 0.1298949379178606
62 0.4362464183381089 0.06240050939191341 0.11031518624641834 0.12480101878382682
62 0.754297994269341 0.4533588029290035 0.10458452722063029 0.13244189748487742
62 0.8732091690544413 0.05730659025787966 0.11318051575931222 0.11461318051575932
62 0.33094555873925524 0.44571792422795214 0.10888252148997166 0.14262973575294477
62 0.9598853868194843 0.7207895574657752 0.08022922636103147 0.1273479783508438
62 0.75 0.9584527220630372 0.11318051575931236 0.08309455587392549
5 0.2184813753581662 0.9559057624960203 0.1189111747851003 0.08818847500795926
5 0.8610315186246419 0.9635466411970711 0.11174785100286541 0.07290671760585794
5 0.8703438395415474 0.18592804839223176 0.10744985673352431 0.1273479783508437
5 0.2163323782234957 0.18083412925819803 0.11461318051575933 0.13244189748487745
5 0.023638968481375356 0.8506844953836358 0.04727793696275071 0.13753581661891118
73 0.8646131805157594 0.4571792422795288 0.10744985673352446 0.12989493791786053
73 0.6518624641833811 0.19484240687679083 0.1060171919770773 0.13498885705189434
73 0.019340974212034383 0.17191977077363896 0.03868194842406877 0.1248010187838268
73 0.2191977077363897 0.452085323145495 0.11461318051575929 0.1349888570518943
10 0.862464183381089 0.7220630372492838 0.11174785100286541 0.12480101878382684
10 0.8660458452722064 0.31964342566061765 0.10744985673352431 0.1451766953199618
10 0.43553008595988546 0.19102196752626555 0.10888252148997132 0.1273479783508437
10 0.32879656160458454 0.31709646609360076 0.1045845272206304 0.14008277618592804
10 0.2191977077363897 0.7118751989812162 0.10888252148997132 0.13498885705189437
10 0.02148997134670487 0.4469914040114613 0.04297994269340974 0.1298949379178606
10 0.022922636103151862 0.7156956383317414 0.045845272206303724 0.13244189748487742
10 0.6454154727793697 0.4533588029290035 0.10744985673352439 0.13244189748487742
11 0.579512893982808 0.31709646609360076 0.3538681948424069 0.13498885705189426
17 0.9577363896848138 0.9597262018465458 0.08452722063037257 0.08054759630690868
17 0.9584527220630372 0.4571792422795288 0.08309455587392549 0.140082776185928
17 0.7514326647564471 0.714422158548233 0.10744985673352417 0.11461318051575944
17 0.6504297994269342 0.05730659025787966 0.10315186246418342 0.11461318051575932
17 0.21418338108882523 0.05730659025787966 0.11318051575931236 0.11461318051575932
17 0.10386819484240689 0.44699140401146126 0.11604584527220632 0.1349888570518943
82 0.8615524876269862 0.5841799079621429 0.10940349049231557 0.131978813927238
82 0.9641833810888252 0.18210760904170648 0.07163323782234954 0.1349888570518943
82 0.10100286532951287 0.17828716969118116 0.1160458452722063 0.12734797835084366
82 0.027220630372492834 0.5819802610633557 0.051575931232091685 0.12480101878382677
87 0.8595988538681948 0.8468640560331104 0.10601719197707724 0.13498885705189437
87 0.7564469914040114 0.1872015281757402 0.10888252148997125 0.1349888570518943
87 0.32664756446991405 0.18592804839223176 0.11174785100286527 0.13244189748487742
87 0.2191977077363897 0.5807067812798472 0.10888252148997132 0.12225405921680994
87 0.10601719197707737 0.9597262018465458 0.11174785100286534 0.08054759630690868
