81 0.5232702266952698 0.6061045231567198 0.04447860480366437 0.08051076748299657
81 0.6486190220510514 0.6053856770184788 0.06712225815825718 0.08194845975947863
81 0.779628730745481 0.6046668308802378 0.06388745053617256 0.07763538293003243
81 0.9102340884871496 0.6082610615714427 0.06793096006377838 0.07907307520651409
81 0.9150862999202771 0.28334260708649267 0.06793096006377823 0.08194845975947856
81 0.7816504855092838 0.2811860686717696 0.06469615244169362 0.0805107674829965
81 0.6482146710982909 0.2797483763952875 0.066313556252736 0.07763538293003233
81 0.5228658757425093 0.27759183798056436 0.04366990289814332 0.07619769065355034
81 0.5236745776480305 0.4400510652230395 0.04528730670918556 0.0876992288654069
62 0.5216528228842275 0.6902095213309215 0.04447860480366444 0.08482384431244284
62 0.779628730745481 0.6873341367779574 0.06712225815825718 0.08194845975947856
62 0.6474059691927695 0.5219995249825181 0.06793096006377837 0.08194845975947856
62 0.9749302409288438 0.28190491481001057 0.05013951814231248 0.08482384431244278
62 0.9118514922981924 0.5263126018119643 0.06793096006377837 0.0761976906535503
62 0.715336929256547 0.2811860686717696 0.06469615244169338 0.08626153658892476
5 0.9741215390233225 0.36385337456948924 0.05175692195335515 0.0761976906535503
5 0.7153369292565479 0.5248749095354823 0.06307874863065109 0.07907307520651435
5 0.5802837110345125 0.35882145160180196 0.07116576768586291 0.08051076748299653
73 0.9729084861650408 0.5277502940884464 0.05418302766991843 0.07907307520651444
73 0.8463466379509776 0.3645722207077302 0.06469615244169362 0.0805107674829965
73 0.5794750091289913 0.5219995249825182 0.06631355625273606 0.0790730752065145
10 0.9729084861650408 0.6938037520221267 0.05418302766991843 0.08626153658892491
10 0.8447292341399353 0.6873341367779574 0.06307874863065123 0.07907307520651444
10 0.713315174492745 0.6851775983632342 0.0655048543472148 0.07475999837706823
10 0.5782619562707096 0.6887718290544396 0.0687396619692995 0.0819484597594787
10 0.8447292341399353 0.5291879863649285 0.06307874863065123 0.07907307520651444
10 0.9725041352122801 0.44652068046720883 0.05499172957543962 0.08626153658892484
10 0.7137195254455055 0.36241568229300714 0.06631355625273586 0.08482384431244278
10 0.6478103201455302 0.44364529591424473 0.0655048543472148 0.08338615203596071
11 0.812785508871847 0.44652068046720833 0.20298417828581278 0.07763538293003176
17 0.9114471413454318 0.6887718290544395 0.06712225815825718 0.0848238443124427
17 0.6482146710982909 0.6887718290544395 0.066313556252736 0.0761976906535503
17 0.7792243797927203 0.5277502940884464 0.06469615244169376 0.07907307520651444
17 0.8479640417620199 0.28406145322473375 0.06631355625273613 0.08338615203596071
17 0.5802837110345125 0.2797483763952875 0.07116576768586291 0.07475999837706823
17 0.5224615247897488 0.5227183711207591 0.04447860480366444 0.08338615203596063
82 0.9729084861650408 0.608261061571443 0.05418302766991843 0.07907307520651444
82 0.7153369292565479 0.6061045231567198 0.06469615244169347 0.08051076748299657
82 0.7812461345565234 0.3638533745694892 0.06388745053617242 0.0790730752065145
82 0.5216528228842274 0.3573837593253198 0.042861200992622035 0.08626153658892481
87 0.5798793600817518 0.6053856770184788 0.06712225815825718 0.08482384431244278
87 0.843920532234414 0.6061045231567198 0.06307874863065152 0.07475999837706823
87 0.9134688961092345 0.3667287591224533 0.06793096006377837 0.07619769065355023
87 0.6478103201455302 0.36025914387828395 0.0655048543472148 0.08051076748299657
5 0.8455379360454564 0.7419664432842765 0.06469615244169362 0.02731615325315957
