81 0.1125 0.6975308641975309 0.14166666666666666 0.15555555555555564
81 0.10486111111111111 0.35555555555555557 0.14305555555555555 0.1679012345679012
81 0.38680555555555557 0.36296296296296293 0.13750000000000004 0.1530864197530864
81 0.6527777777777779 0.3567901234567901 0.14166666666666664 0.16049382716049387
81 0.9347222222222222 0.3530864197530864 0.13055555555555556 0.15308641975308643
81 0.9298611111111111 0.04814814814814815 0.1347222222222223 0.0962962962962963
81 0.93125 0.6864197530864198 0.1375 0.1679012345679012
5 0.7888888888888889 0.854320987654321 0.13611111111111115 0.1629629629629629
5 0.24791666666666665 0.1950617283950617 0.14027777777777775 0.16790123456790124
73 0.01458333333333333 0.18395061728395062 0.02916666666666666 0.1703703703703704
73 0.7965277777777777 0.1876543209876543 0.13750000000000015 0.16790123456790124
10 0.7944444444444444 0.5271604938271605 0.13888888888888887 0.1703703703703704
10 0.25069444444444444 0.5308641975308642 0.1375 0.1679012345679012
10 0.24791666666666665 0.8641975308641976 0.12916666666666668 0.1728395061728395
10 0.10555555555555557 0.05308641975308642 0.12500000000000003 0.10617283950617284
10 0.7902777777777777 0.05308641975308642 0.138888888888889 0.10123456790123457
11 0.45277777777777783 0.05308641975308642 0.4416666666666667 0.10617283950617284
44 0.93125 0.8617283950617284 0.1375 0.16790123456790113
44 0.7902777777777777 0.6975308641975309 0.138888888888889 0.15555555555555564
44 0.6520833333333335 0.5296296296296297 0.13472222222222213 0.16543209876543208
44 0.9333333333333335 0.18395061728395062 0.13333333333333328 0.1703703703703704
44 0.3861111111111111 0.19506172839506175 0.13333333333333336 0.1580246913580247
44 0.015277777777777777 0.35432098765432096 0.030555555555555555 0.15555555555555553
44 0.2513888888888889 0.6901234567901234 0.1361111111111111 0.13580246913580246
44 0.11041666666666665 0.5296296296296297 0.14027777777777775 0.1604938271604938
86 0.1111111111111111 0.8654320987654321 0.13333333333333333 0.1604938271604938
86 0.24861111111111112 0.3617283950617283 0.13888888888888887 0.15061728395061727
86 0.6513888888888889 0.1925925925925926 0.14444444444444443 0.1679012345679012
86 0.9319444444444446 0.5234567901234568 0.13611111111111115 0.15802469135802472
86 0.25069444444444444 0.35802469135802467 0.1375 0.16296296296296295
86 0.11041666666666665 0.8641975308641974 0.13749999999999996 0.16296296296296306
32 0.10763888888888888 0.1851851851851852 0.14583333333333331 0.1728395061728395
32 0.7972222222222223 0.35802469135802467 0.14444444444444443 0.16296296296296295
16 0.020138888888888894 0.6938271604938272 0.04027777777777779 0.16790123456790135
16 0.3909722222222222 0.5333333333333333 0.1375 0.1530864197530864
