81 0.5280370751494808 0.6120585283366015 0.0548794098663393 0.08501953020563058
81 0.6589636672591763 0.6106647655463453 0.06899125811768386 0.07944447904460566
81 0.6570036883353785 0.28103986565074474 0.06663928340912648 0.08362576741537438
81 0.5264690920104426 0.28034298425561655 0.05174344358826282 0.07944447904460566
81 0.7891062677993526 0.2866149168117696 0.0642873087005691 0.08362576741537435
81 0.9227768304023652 0.2859180354166415 0.06663928340912648 0.09059458136665555
81 0.9204248556938077 0.6113616469414734 0.06820726654816454 0.08362576741537431
62 0.5268610877952021 0.6921998887763354 0.052527435157781854 0.08362576741537438
62 0.7252109548835429 0.28313050983612903 0.06663928340912648 0.08223200462511818
62 0.9792242234077427 0.28452427262638524 0.04155155318451416 0.0794444790446056
62 0.9204248556938077 0.527735879526099 0.06663928340912648 0.08920081857639922
5 0.5887964217872137 0.36257498888073464 0.07134323282624137 0.08780705578614313
5 0.9784402318382237 0.36466563306611904 0.04311953632355241 0.08083824183486187
62 0.6585716714744168 0.5284327609212273 0.06977524968720303 0.08501953020563058
81 0.5288210667189999 0.4482914004814934 0.0548794098663393 0.08362576741537438
73 0.9780482360534642 0.5333109306871241 0.04390352789307159 0.07805071625434927
73 0.8545695638542002 0.3688469214368878 0.06663928340912634 0.08641329299588683
73 0.5899724091414924 0.5291296423163553 0.07055924125672206 0.07805071625434934
10 0.5887964217872137 0.6915030073812072 0.06507130027008827 0.08223200462511812
10 0.8541775680694408 0.5298265237114834 0.06585529183960731 0.0794444790446056
10 0.9768722486991854 0.45107892606200595 0.046255502601629105 0.08641329299588683
10 0.6573956841201379 0.44411011211072476 0.0674232749786455 0.08362576741537431
10 0.587620434432935 0.690806125986079 0.06742327497864566 0.08083824183486187
11 0.8196819390105989 0.4496851632717497 0.203837808074975 0.0864132929958869
17 0.9208168514785672 0.6942905329617196 0.0674232749786455 0.07944447904460575
17 0.8561375469932386 0.28731179820689773 0.06507130027008813 0.0794444790446057
17 0.5880124302176946 0.2845242726263853 0.0697752496872031 0.07944447904460564
17 0.5272530835799617 0.5277358795260991 0.05331142672730103 0.07805071625434941
17 0.6550437094115806 0.690806125986079 0.06428730870056903 0.07805071625434934
10 0.9776562402687046 0.6984718213324885 0.04468751946259076 0.08223200462511798
82 0.9768722486991854 0.6113616469414734 0.046255502601629105 0.07805071625434948
82 0.5276450793647212 0.3604843446953504 0.055663401435858545 0.08641329299588683
10 0.7228589801749856 0.3667562772515034 0.06350331713104992 0.0794444790446056
87 0.9227768304023652 0.3667562772515035 0.06820726654816482 0.08223200462511819
87 0.6570036883353785 0.3667562772515034 0.06507130027008827 0.0794444790446056
87 0.5884044260024541 0.6078772399658328 0.06742327497864543 0.08501953020563065
