81 0.20277777777777778 0.13209876543209875 0.1305555555555555 0.15061728395061727
81 0.45694444444444443 0.1419753086419753 0.12222222222222229 0.15555555555555553
81 0.7111111111111111 0.14074074074074075 0.125 0.1432098765432099
81 0.9534722222222223 0.12469135802469136 0.09027777777777786 0.15555555555555556
81 0.95 0.44320987654320987 0.1 0.15061728395061721
81 0.95 0.7567901234567901 0.1 0.15555555555555556
5 0.8361111111111111 0.2876543209876543 0.13055555555555542 0.14567901234567898
5 0.07083333333333333 0.28641975308641976 0.14166666666666666 0.1580246913580247
73 0.8361111111111111 0.5975308641975309 0.13055555555555542 0.14814814814814808
73 0.5819444444444444 0.29259259259259257 0.12222222222222222 0.145679012345679
73 0.07569444444444444 0.6074074074074073 0.13472222222222222 0.15802469135802474
10 0.8395833333333336 0.9148148148148149 0.12916666666666674 0.15555555555555567
10 0.8340277777777778 0.44074074074074077 0.12638888888888886 0.1555555555555555
10 0.2020833333333333 0.4469135802469135 0.12083333333333333 0.1629629629629629
10 0.33194444444444443 0.2938271604938272 0.13055555555555554 0.1580246913580247
71 0.5826388888888889 0.13333333333333333 0.12083333333333329 0.1530864197530864
71 0.2041666666666667 0.291358024691358 0.12500000000000003 0.14814814814814814
11 0.5277777777777778 0.4481481481481482 0.3833333333333333 0.16543209876543216
35 0.7076388888888888 0.29506172839506173 0.12083333333333329 0.15061728395061733
8 0.06875 0.13333333333333333 0.13472222222222222 0.14814814814814814
8 0.7069444444444444 0.6049382716049384 0.125 0.14814814814814817
4 0.9520833333333332 0.9172839506172834 0.09583333333333308 0.16543209876543064
4 0.9541666666666666 0.28888888888888886 0.0916666666666667 0.1481481481481481
4 0.19930555555555554 0.9111111111111111 0.11527777777777777 0.16790123456790113
67 0.8340277777777777 0.7555555555555554 0.1291666666666667 0.1629629629629629
67 0.8402777777777777 0.12962962962962962 0.12777777777777785 0.15555555555555556
53 0.32986111111111116 0.13827160493827162 0.12638888888888888 0.15308641975308643
53 0.9520833333333334 0.5987654320987655 0.09583333333333328 0.15555555555555556
10 0.5854166666666665 0.5987654320987653 0.11250000000000002 0.15555555555555567
