81 0.1701388888888889 0.7160493827160493 0.10972222222222222 0.12839506172839493
81 0.06180555555555555 0.8506172839506172 0.1125 0.12098765432098774
81 0.28055555555555556 0.5864197530864197 0.1055555555555555 0.1259259259259258
81 0.05694444444444444 0.3098765432098765 0.11388888888888889 0.14074074074074072
81 0.1638888888888889 0.17530864197530863 0.11388888888888887 0.12839506172839507
81 0.27708333333333335 0.05555555555555555 0.10694444444444447 0.1111111111111111
81 0.6090277777777777 0.1802469135802469 0.11249999999999993 0.12839506172839504
81 0.7229166666666665 0.05308641975308642 0.11250000000000014 0.10617283950617284
81 0.942361111111111 0.31234567901234567 0.11527777777777784 0.13580246913580246
81 0.8277777777777777 0.45308641975308644 0.111111111111111 0.1308641975308641
81 0.9374999999999999 0.8580246913580251 0.11666666666666653 0.12098765432098749
56 0.8229166666666665 0.8543209876543209 0.11527777777777785 0.13333333333333336
56 0.7152777777777777 0.454320987654321 0.10833333333333328 0.13333333333333336
56 0.3875 0.056790123456790124 0.10833333333333335 0.11358024691358025
56 0.05833333333333333 0.7148148148148147 0.11666666666666665 0.1358024691358024
5 0.8375000000000002 0.17901234567901242 0.11666666666666634 0.13580246913580252
5 0.05763888888888889 0.5839506172839506 0.1125 0.13580246913580254
73 0.4986111111111111 0.05432098765432099 0.10833333333333335 0.10864197530864197
85 0.9423611111111111 0.5901234567901235 0.11527777777777785 0.1382716049382715
85 0.2791666666666666 0.4518518518518519 0.10555555555555554 0.13827160493827173
81 0.8236111111111112 0.9679012345679012 0.11388888888888886 0.0641975308641976
10 0.9361111111111111 0.9592592592592593 0.11388888888888886 0.08148148148148153
10 0.9423611111111111 0.4518518518518519 0.11527777777777785 0.13827160493827173
10 0.8305555555555556 0.3160493827160494 0.11111111111111115 0.13827160493827162
10 0.9486111111111112 0.04938271604938272 0.10277777777777772 0.09876543209876544
10 0.7201388888888889 0.17777777777777778 0.1125 0.13333333333333333
10 0.3875 0.1802469135802469 0.10833333333333335 0.13333333333333333
10 0.1638888888888889 0.05555555555555555 0.11666666666666665 0.1111111111111111
10 0.05347222222222223 0.17160493827160495 0.10694444444444445 0.13580246913580246
10 0.1673611111111111 0.4444444444444444 0.1125 0.13333333333333328
10 0.27847222222222223 0.3148148148148148 0.11527777777777783 0.14074074074074083
10 0.27569444444444446 0.7148148148148149 0.10138888888888893 0.12592592592592594
10 0.1763888888888889 0.954320987654321 0.11111111111111112 0.09135802469135797
13 0.9416666666666665 0.7222222222222223 0.11666666666666671 0.1358024691358024
13 0.9465277777777775 0.17160493827160495 0.10694444444444437 0.13580246913580243
13 0.05138888888888889 0.05185185185185185 0.10277777777777777 0.1037037037037037
13 0.06319444444444444 0.9580246913580247 0.11527777777777778 0.08395061728395063
71 0.8395833333333335 0.05432098765432099 0.11805555555555557 0.10864197530864197
11 0.5486111111111112 0.3185185185185185 0.3416666666666666 0.14320987654320982
61 0.8270833333333334 0.5851851851851851 0.10972222222222214 0.13827160493827165
61 0.2756944444444444 0.1728395061728395 0.10972222222222225 0.13827160493827162
61 0.05625 0.4481481481481481 0.1125 0.12592592592592589
15 0.16944444444444443 0.5814814814814815 0.11388888888888889 0.12592592592592594
15 0.17152777777777778 0.845679012345679 0.10972222222222223 0.1358024691358024
15 0.8270833333333333 0.7209876543209875 0.11527777777777772 0.1382716049382715
15 0.6090277777777776 0.05802469135802468 0.10972222222222211 0.11604938271604937
