81 0.20694444444444443 0.7580246913580249 0.12777777777777777 0.14814814814814825
81 0.2 0.13333333333333336 0.13055555555555556 0.15802469135802472
81 0.45694444444444443 0.13580246913580246 0.12500000000000008 0.14814814814814814
81 0.7097222222222223 0.13580246913580246 0.12222222222222229 0.14814814814814814
81 0.9534722222222223 0.12716049382716046 0.09027777777777786 0.15555555555555553
81 0.9506944444444444 0.44320987654320987 0.09861111111111115 0.16049382716049387
81 0.9513888888888888 0.7592592592592592 0.09722222222222214 0.15555555555555542
5 0.3340277777777778 0.6 0.12083333333333329 0.14814814814814817
5 0.07083333333333335 0.28395061728395066 0.1388888888888889 0.16296296296296295
5 0.8368055555555556 0.2888888888888889 0.12916666666666657 0.1530864197530864
73 0.075 0.6074074074074075 0.13333333333333333 0.1530864197530864
73 0.8368055555555556 0.6037037037037034 0.12638888888888886 0.15061728395061733
10 0.20555555555555557 0.44691358024691363 0.13055555555555554 0.15308641975308646
10 0.33194444444444443 0.29012345679012347 0.12777777777777774 0.16049382716049387
10 0.3375 0.908641975308642 0.1277777777777778 0.15308641975308632
10 0.07222222222222223 0.9209876543209876 0.13055555555555556 0.14814814814814808
10 0.8347222222222223 0.44567901234567897 0.1277777777777777 0.16543209876543202
71 0.20555555555555557 0.2962962962962963 0.13055555555555554 0.15308641975308643
71 0.5833333333333335 0.137037037037037 0.12500000000000008 0.14567901234567898
11 0.513888888888889 0.44567901234567914 0.3861111111111111 0.15555555555555578
35 0.2048611111111111 0.5987654320987654 0.12361111111111113 0.15061728395061721
35 0.7069444444444446 0.29259259259259257 0.12777777777777793 0.15555555555555556
8 0.07152777777777782 0.760493827160494 0.13750000000000007 0.15308641975308637
8 0.06944444444444445 0.12962962962962965 0.1388888888888889 0.16543209876543213
4 0.20555555555555557 0.9111111111111111 0.13055555555555554 0.14814814814814825
4 0.4576388888888889 0.6012345679012345 0.12638888888888894 0.16543209876543216
4 0.9506944444444444 0.9172839506172841 0.09861111111111115 0.16543209876543202
4 0.9513888888888888 0.282716049382716 0.09722222222222214 0.15555555555555553
67 0.45694444444444443 0.29506172839506173 0.1194444444444445 0.14567901234567907
67 0.8381944444444446 0.12962962962962962 0.13194444444444442 0.15061728395061727
53 0.9520833333333334 0.6012345679012346 0.09583333333333328 0.15555555555555556
53 0.32986111111111116 0.13827160493827162 0.12638888888888888 0.1580246913580247
53 0.3354166666666667 0.7530864197530864 0.12638888888888894 0.14814814814814808
