81 0.5527684455697662 0.378362520123092 0.04490133534518684 0.05194934036409627
81 0.6390075182168711 0.37836252012309196 0.04062501769326417 0.04688111203589173
81 0.8061402664461775 0.38406427699232204 0.04276317651922554 0.04814816911794281
81 0.8913102596803018 0.3802631057461687 0.0420504569105718 0.05068228328204512
81 0.978974771544714 0.3777289915820664 0.0420504569105718 0.04561405495384065
81 0.9771929725230797 0.48479531501538664 0.04418861573653302 0.0519493403640962
81 0.8898848204629942 0.48479531501538664 0.04347589612787942 0.044346997871789424
81 0.8881030214413599 0.5848928244974256 0.0413377373019182 0.049415226199993896
81 0.976480252914426 0.587426938661528 0.0427631765192254 0.05194934036409613
81 0.976480252914426 0.6881579766845926 0.04703949417114814 0.05068228328204512
81 0.887746661637033 0.6856238625204903 0.04205045691057194 0.04561405495384065
81 0.5538375249827469 0.4816276723102588 0.04418861573653309 0.05068228328204505
81 0.5559756838087081 0.5823587103333234 0.04276317651922547 0.05194934036409627
81 0.5570447632216888 0.6868909196025413 0.043475896127879284 0.04561405495384051
81 0.6418583966514863 0.5848928244974256 0.0420504569105718 0.04434699787178957
81 0.6400765976298518 0.6843568054384391 0.04276317651922554 0.04814816911794296
5 0.5955316220889918 0.4296783319461626 0.04347589612787942 0.04814816911794281
5 0.8460525645307879 0.4347465602743671 0.04133773730191805 0.05068228328204505
5 0.9326479969822198 0.5354775982974317 0.04490133534518691 0.05194934036409613
5 0.5990952201322606 0.7312379174743308 0.04347589612787935 0.03801171246153388
5 0.517845184745732 0.691959147930746 0.030646943172111706 0.04307994078973834
5 0.8467652841394419 0.732504974556382 0.038486858867302944 0.03801171246153373
73 0.9312225577649121 0.6913256193897204 0.0420504569105718 0.04688111203589173
73 0.8460525645307881 0.533577012674355 0.0427631765192254 0.04814816911794274
73 0.5987388603279337 0.5348440697564061 0.04276317651922554 0.04814816911794274
73 0.5171324651370783 0.7350390887204843 0.03207238238941926 0.03801171246153388
73 0.5146379465067902 0.4303118604871882 0.029934223563457964 0.04688111203589166
10 0.6821270545404235 0.433479503192316 0.04276317651922554 0.04814816911794281
10 0.9347861558081811 0.4309453890282138 0.04490133534518691 0.05068228328204512
10 0.8478343635524225 0.48606237209743774 0.04062501769326417 0.0519493403640962
10 0.6390075182168711 0.48289472939231004 0.04062501769326417 0.053216397446147354
10 0.5185579043543858 0.5342105412153806 0.03207238238941919 0.044346997871789424
10 0.5178451847457324 0.6393762790256241 0.0320723823894194 0.049415226199993965
10 0.5990952201322606 0.6355751077794708 0.04347589612787935 0.05194934036409635
10 0.8485470831610762 0.6349415792384453 0.0377741392586492 0.05575051161024959
10 0.9312225577649125 0.6387427504845984 0.04062501769326417 0.048148169117943056
10 0.9308661979605855 0.731237917474331 0.0427631765192254 0.04561405495384051
51 0.5998079397409143 0.6875244481435671 0.043475896127879284 0.0519493403640962
51 0.680701615323116 0.38216369136924533 0.04133773730191805 0.0519493403640962
51 0.8460525645307881 0.5836257674153745 0.0427631765192254 0.049415226199994035
11 0.7391446232327241 0.4860623720974378 0.1582237531211345 0.05955168285640298
30 0.5955316220889918 0.37836252012309196 0.04062501769326431 0.049415226199993896
30 0.9782620519360603 0.4309453890282138 0.043475896127879284 0.04814816911794281
30 0.8873903018327062 0.6362086363204963 0.03991229808461057 0.04814816911794288
47 0.6397202378255248 0.4309453890282138 0.04062501769326417 0.05068228328204512
47 0.5556193240043812 0.6355751077794707 0.04205045691057172 0.0443469978717895
26 0.5520557259611124 0.4303118604871882 0.043475896127879284 0.049415226199993965
26 0.8456962047264612 0.6862573910615157 0.04205045691057165 0.05194934036409606
26 0.935142515612508 0.3815301628282198 0.04418861573653331 0.05068228328204512
20 0.5559756838087081 0.7337720316384332 0.04276317651922547 0.03801171246153373
20 0.6418583966514863 0.5329434841333295 0.0420504569105718 0.049415226199993896
20 0.8496161625740567 0.38026310574616873 0.04276317651922554 0.04814816911794288
63 0.8043584674245432 0.4290448034051371 0.0420504569105718 0.0443469978717895
63 0.5994515799365874 0.5836257674153745 0.04418861573653309 0.044346997871789424
63 0.9757675333057722 0.6374756934025474 0.04561405495384065 0.04814816911794303
63 0.887746661637033 0.7337720316384332 0.04062501769326431 0.03801171246153373
57 0.8888157410500136 0.533577012674355 0.04276317651922554 0.04814816911794274
57 0.6436401956731206 0.6349415792384453 0.04846493338845562 0.04814816911794288
57 0.5167761053327514 0.5836257674153745 0.03135966278076552 0.049415226199994035
22 0.8909075731014123 0.4342716834349922 0.040532364144139306 0.049060450217019706
22 0.514905216360035 0.37601239880228127 0.02673411252060248 0.052126728355583365
22 0.9757675333057722 0.7336075837841607 0.04561405495384051 0.04307994078973849
72 0.5552629642000543 0.5334125648200825 0.04276317651922554 0.04814816911794281
72 0.931578917569239 0.5853619051841787 0.04276317651922554 0.04814816911794281
