81 0.5166691973914532 0.7013987231920266 0.029007688072207997 0.06968813951281205
81 0.6248600339850939 0.5487816976589683 0.06036735085297337 0.06829437672255566
81 0.5143172226828959 0.5501754604492245 0.029007688072207997 0.0710819023030681
81 0.5119652479743385 0.39895219770642254 0.025871721794131587 0.08083824183486193
81 0.6181961056441813 0.26166656286618295 0.06115134242249241 0.03205654417589351
81 0.7463787272605593 0.2595759186807985 0.06036735085297363 0.03902535812717482
81 0.8745613488769383 0.2595759186807986 0.06271932556153076 0.041812883707687154
81 0.9835361770400981 0.39268026515026944 0.03292764591980386 0.0794444790446056
81 0.9843201686096172 0.5487816976589683 0.03135966278076552 0.07665695346409308
81 0.9831441812553385 0.7000049604017703 0.0337116374893229 0.07526319067383697
81 0.8706413910293427 0.5494785790540964 0.06271932556153104 0.07247566509332451
81 0.6276040044784109 0.6972174348212578 0.0642873087005691 0.06968813951281191
5 0.6879713553313843 0.4728216255900033 0.0642873087005691 0.07805071625434927
73 0.8087060570373309 0.32229524424232936 0.06115134242249241 0.08083824183486187
73 0.561356716854044 0.47560915117051566 0.06350331713104992 0.07526319067383688
10 0.5625327042083227 0.6240448883328052 0.06428730870056895 0.07108190230306839
10 0.9329687208061139 0.6240448883328052 0.06663928340912648 0.07108190230306839
10 0.9353206955146711 0.3947709093356538 0.06193533399201172 0.08083824183486193
10 0.6832674059142696 0.32090148145207315 0.061151342422492545 0.0808382418348619
10 0.6225080592765365 0.39895219770642254 0.06193533399201172 0.07526319067383688
5 0.5546927885131313 0.3174170744764325 0.0674232749786455 0.07944447904460566
5 0.9384566617927474 0.31532643029104807 0.06350331713105031 0.07247566509332425
73 0.9349286997299118 0.47212474419487505 0.06271932556153076 0.07108190230306817
45 0.9337527123756328 0.7007018417968984 0.06663928340912648 0.07665695346409322
45 0.5621407084235631 0.5480848162638402 0.0650713002700882 0.07805071625434948
45 0.6193720929984601 0.31602331168617626 0.06820726654816468 0.07944447904460566
45 0.8726013699531404 0.3209014814520731 0.06507130027008813 0.07805071625434941
46 0.8702493952445832 0.471427862799747 0.06350331713105006 0.07247566509332437
46 0.6236840466308152 0.4770029139607719 0.06115134242249262 0.07247566509332444
46 0.5543007927283717 0.26096968147105487 0.06350331713104986 0.027875255805124795
46 0.8090980528220905 0.26096968147105487 0.05879936771393503 0.03345030696614973
46 0.9839281728248577 0.6268324139133177 0.032143654350284837 0.07386942788358077
46 0.5162772016066937 0.6282261767035738 0.026655713363650548 0.07944447904460566
66 0.9851041601791364 0.4707309814046189 0.029791679641727173 0.07386942788358056
66 0.625644025554613 0.6254386511230614 0.06350331713104986 0.07108190230306825
66 0.5131412353286171 0.47212474419487505 0.026655713363650548 0.0794444790446056
23 0.5644926831321206 0.699308079006642 0.0650713002700882 0.07108190230306817
23 0.9858881517486554 0.31184202331540756 0.02822369650268911 0.07665695346409318
23 0.933752712375633 0.5473879348687121 0.06507130027008827 0.07665695346409322
23 0.5135332311133768 0.31811395587156066 0.022735755516055035 0.07805071625434945
11 0.7746024237632487 0.39895219770642254 0.19678188394930288 0.08362576741537431
