81 0.5230979282615102 0.6050200262458079 0.04656909922943662 0.08278950974122061
81 0.6515941465056966 0.6042534567111669 0.07244082102356814 0.07512381439481139
81 0.6490069743262833 0.27999454355805264 0.06554169521179964 0.07665695346409322
81 0.5226667328982747 0.27386198728092526 0.04225714559708137 0.07359067532552949
81 0.9159169041690728 0.27922797402341176 0.06467930448532855 0.08738892694906628
81 0.7831087322925313 0.27846140448877077 0.06640408593827075 0.07972323160265692
81 0.9120361458999531 0.603486887176526 0.06726647666474178 0.08278950974122083
62 0.5226667328982747 0.6878095359870285 0.043981927050023586 0.08278950974122068
62 0.7179982324439672 0.276161695884848 0.06554169521179957 0.07512381439481136
62 0.9749906689323395 0.2792279740234117 0.050018662135320684 0.07819009253337506
62 0.6515941465056965 0.5229970860392281 0.07071603957062585 0.07819009253337499
62 0.9128985366264242 0.5237636555738691 0.06554169521179971 0.07972323160265696
5 0.9754218642955752 0.3612509142299915 0.04915627140884965 0.07972323160265696
5 0.5808781069350705 0.355118357952864 0.070716039570626 0.08585578787978441
73 0.84778803677786 0.3597177751607096 0.06467930448532855 0.07665695346409322
73 0.5817404976615416 0.5229970860392281 0.06726647666474171 0.08125637067193886
73 0.9741282782058686 0.5245302251085099 0.05174344358826289 0.07512381439481132
81 0.5230979282615102 0.4394410067633665 0.048293880682378686 0.07972323160265703
10 0.580446911571835 0.6855098273831058 0.06640408593827075 0.08125637067193878
10 0.9741282782058686 0.6885761055216695 0.05174344358826289 0.08125637067193878
10 0.8456320599616824 0.5222305165045872 0.06554169521179957 0.07359067532552949
10 0.6498693650527546 0.4371412981594438 0.06554169521179973 0.08125637067193878
10 0.9741282782058686 0.4402075762980074 0.05174344358826289 0.08432264881050251
11 0.8176043613513733 0.44250728490193025 0.20611138362658082 0.08892206601834808
10 0.7175670370807317 0.3612509142299915 0.06640408593827075 0.07972323160265696
17 0.9133297319896597 0.6832101187791829 0.0664040859382709 0.07359067532552942
17 0.8482192321410956 0.28229425216197546 0.06899125811768386 0.07819009253337506
17 0.5821716930247771 0.27769483495412994 0.0733032117500391 0.06899125811768396
17 0.5230979282615102 0.5199308079006644 0.04656909922943662 0.07819009253337512
17 0.6468509975101057 0.6839766883138237 0.06467930448532869 0.08125637067193878
82 0.9732658874793976 0.6050200262458079 0.05346822504120482 0.08278950974122061
82 0.5226667328982748 0.35358521888358213 0.04743148995590765 0.08892206601834815
87 0.5813093022983061 0.6004206090379622 0.06985364884415496 0.07972323160265687
87 0.9146233180793664 0.3604843446953505 0.06554169521179957 0.07512381439481132
87 0.6485757789630477 0.35435178841822307 0.06640408593827075 0.08432264881050251
