81 0.5716710357407119 0.6696505217772281 0.05782218624476378 0.06167699866108123
81 0.5725606078367853 0.538389216934414 0.05604304205261713 0.058514075652820595
81 0.5707814636446387 0.4047557198354045 0.0596013304369103 0.06958430618173267
81 0.569002319452492 0.2679592997281345 0.057822186244763644 0.05535115264456017
81 0.6824227617018362 0.2750758764967208 0.05693261414869056 0.060095537156950984
81 0.7909505574227773 0.2750758764967208 0.053374325764397386 0.06325846016521154
81 0.9021470694319383 0.2719129534884602 0.056932614148690275 0.06958430618173267
81 0.9915490650873039 0.40712791209159993 0.01690186982539231 0.07432869069412362
81 0.9915490650873039 0.5447150629509352 0.01690186982539231 0.07116576768586291
81 0.9902147069431939 0.6759763677937493 0.019570586113612336 0.06483992166934172
81 0.8936961345192421 0.5447150629509351 0.05782218624476385 0.06167699866108109
81 0.6815331896057628 0.538389216934414 0.05515346995654383 0.058514075652820595
81 0.6824227617018362 0.6696505217772281 0.05159518157225079 0.06167699866108123
62 0.9581901114845556 0.26875003048019963 0.058711758340836875 0.06958430618173272
62 0.7357970874662336 0.2695407612322648 0.05515346995654383 0.06800284467760243
62 0.5191862820723879 0.2679592997281345 0.03825160013115138 0.06167699866108123
62 0.5721158217887486 0.604019869355821 0.05515346995654376 0.06325846016521161
62 0.6810884035577263 0.7289553281821138 0.05426389786047068 0.06009553715695091
62 0.8972544229035353 0.4767122182733327 0.05426389786047068 0.06483992166934194
62 0.6824227617018362 0.47275856451300696 0.0533743257643971 0.06642138317347225
5 0.6268245056972559 0.7313275204383092 0.05070560947617743 0.05218822963629961
5 0.5222997844086444 0.6712319832813585 0.04092031641937126 0.07116576768586307
5 0.9510735347159692 0.7360719049507 0.05871175834083701 0.04586238361977834
5 0.9568557533404456 0.3399157981660627 0.05604304205261713 0.07274722918999334
5 0.6263797196492191 0.3375436059098672 0.05515346995654383 0.06483992166934187
5 0.7371314456103435 0.4767122182733326 0.05248475366832395 0.06167699866108123
73 0.522744570456681 0.7329089819424397 0.04536817689973766 0.05218822963629933
73 0.6272692917452924 0.47275856451300696 0.05515346995654397 0.06642138317347225
73 0.5191862820723879 0.33438068290160666 0.040030744323297895 0.0680028446776025
73 0.9537422510041891 0.4767122182733327 0.056932614148690275 0.06483992166934194
10 0.9515183207640058 0.6087642538682119 0.05604304205261713 0.06325846016521147
10 0.6281588638413657 0.6048106001078861 0.05693261414869042 0.06483992166934179
10 0.5214102123125711 0.47275856451300696 0.04269946061151785 0.06325846016521154
10 0.5214102123125711 0.6063920616120164 0.04447860480366437 0.06800284467760236
10 0.7349075153701602 0.3438694519263884 0.05159518157225094 0.0648399216693419
10 0.6810884035577264 0.40791864284366514 0.05248475366832395 0.0695843061817326
10 0.9532974649561524 0.4095001043477954 0.05248475366832381 0.06642138317347204
11 0.8180825063530128 0.4110815658519257 0.17168741454214456 0.06642138317347218
17 0.9902147069431939 0.7329089819424397 0.019570586113612336 0.042699460611517706
17 0.991104279039267 0.4767122182733326 0.017791441921465746 0.0680028446776025
17 0.6837571198459463 0.6032291386037559 0.05604304205261713 0.06483992166934187
17 0.5716710357407119 0.47117710300887666 0.05782218624476378 0.07274722918999324
17 0.6254901475531459 0.2719129534884602 0.053374325764397386 0.06642138317347218
17 0.8447696692352114 0.2750758764967208 0.05604304205261713 0.06325846016521154
82 0.9528526789081159 0.5431336014468049 0.05515346995654369 0.0616769986610813
82 0.9928834232314138 0.3375436059098672 0.014233153537172426 0.06800284467760238
82 0.7362418735142703 0.5391799476864791 0.052484753668324086 0.06325846016521176
82 0.5214102123125712 0.5352262939261534 0.046257748995811025 0.06800284467760243
82 0.6286036498894024 0.6696505217772281 0.05426389786047061 0.06167699866108123
82 0.569002319452492 0.33438068290160655 0.0596013304369103 0.07116576768586307
87 0.6286036498894024 0.5368077554302837 0.05426389786047061 0.0680028446776025
87 0.6815331896057628 0.3399157981660626 0.05515346995654383 0.06642138317347225
87 0.8999231391917553 0.3430787211743232 0.05782218624476357 0.07274722918999331
87 0.9519631068120424 0.6783485600499446 0.05515346995654383 0.06325846016521154
87 0.5716710357407119 0.7281645974300488 0.054263897860470464 0.04269946061151785
82 0.7918401295188506 0.342287990422258 0.056932614148690275 0.06483992166934183
