81 0.5228392110435689 0.6045600845250231 0.041739711161198796 0.07926328988187244
81 0.5228392110435689 0.43675801339212306 0.04743148995590765 0.08094974285808249
81 0.5218905812444508 0.27485852767595825 0.04363697075943506 0.06745811904840199
81 0.6471097147280469 0.27570175416406323 0.07019860513474342 0.07589038392945223
81 0.9122517435815708 0.27570175416406323 0.06735271573738885 0.07926328988187233
81 0.9098801690837754 0.6045600845250231 0.06640408593827103 0.07926328988187244
81 0.6499556041254013 0.6003439520844978 0.06830134553650695 0.08432264881050258
62 0.5223648961440098 0.6829801479187904 0.04458560055855323 0.08432264881050258
62 0.6490069743262832 0.5193942092264154 0.06830134553650702 0.07757683690566225
62 0.9113031137824527 0.5227671151788357 0.06545545613915252 0.07757683690566225
62 0.9743869954238099 0.27907466011648335 0.05122600915238038 0.07589038392945227
62 0.7154110602645539 0.27654498065216826 0.06450682634003442 0.08094974285808242
81 0.7803922015041475 0.2773882071402733 0.06355819654091618 0.08600910178671253
5 0.579282684091099 0.3541218175578306 0.06924997533562503 0.08769555476292258
5 0.9724897358255735 0.3600244029745657 0.055020528348852904 0.0758903839294522
73 0.9724897358255735 0.5269832476193607 0.055020528348852904 0.08263619583429246
73 0.8458476576433 0.36171085595077584 0.06545545613915266 0.07589038392945234
73 0.5802313138902171 0.5202374357145204 0.06735271573738878 0.07926328988187244
10 0.9724897358255735 0.6880395068474204 0.055020528348852904 0.08432264881050258
10 0.5783340542919809 0.6846666008950004 0.06924997533562519 0.07757683690566239
10 0.714936745364995 0.3600244029745657 0.06545545613915252 0.08600910178671253
10 0.9729640507251327 0.4426605988088582 0.05407189854973481 0.08600910178671249
10 0.6494812892258424 0.43844446636833306 0.06735271573738885 0.08432264881050244
10 0.8463219725428591 0.5219238886907306 0.06260956674179795 0.0758903839294522
11 0.8121712997746056 0.4409741458326482 0.2068012962077573 0.0826361958342924
17 0.9089315392846565 0.685509827383105 0.07019860513474321 0.08600910178671206
17 0.8467962874424182 0.28076111309269336 0.06355819654091618 0.07926328988187233
17 0.5769111095933036 0.27907466011648335 0.07019860513474335 0.07589038392945227
17 0.5223648961440098 0.5210806622026256 0.046482860156789485 0.08432264881050258
17 0.6504299190249604 0.6863530538712106 0.07114723493386144 0.07757683690566225
82 0.9724897358255735 0.605403311013128 0.055020528348852904 0.08094974285808242
82 0.5218905812444508 0.35243536458162056 0.04363697075943506 0.08094974285808249
87 0.579756998990658 0.600343952084498 0.06830134553650695 0.07420393095324215
87 0.9127260584811299 0.3600244029745657 0.06450682634003442 0.08263619583429246
87 0.647584029627606 0.35749472351025063 0.06545545613915259 0.07757683690566232
