81 0.2451388888888889 0.5925925925925926 0.12361111111111114 0.14320987654320974
81 0.25 0.8851851851851852 0.1277777777777778 0.1308641975308643
81 0.030555555555555555 0.8901234567901234 0.06111111111111111 0.13580246913580254
81 0.02847222222222222 0.5938271604938271 0.05694444444444444 0.14567901234567884
81 0.025 0.2851851851851852 0.05 0.16049382716049382
81 0.23611111111111108 0.02469135802469136 0.13055555555555554 0.04938271604938272
81 0.48680555555555555 0.025925925925925925 0.12083333333333343 0.05185185185185185
81 0.7375 0.0271604938271605 0.13055555555555556 0.054320987654321
81 0.9604166666666666 0.27654320987654324 0.07916666666666672 0.15802469135802472
81 0.9611111111111111 0.591358024691358 0.07777777777777771 0.15061728395061721
81 0.9604166666666666 0.8913580246913579 0.07916666666666672 0.14814814814814825
81 0.7326388888888888 0.5901234567901235 0.12083333333333329 0.14814814814814808
5 0.8673611111111112 0.12962962962962965 0.12638888888888894 0.1555555555555556
5 0.1125 0.12962962962962962 0.1361111111111111 0.1604938271604938
5 0.3715277777777778 0.4456790123456792 0.13194444444444442 0.145679012345679
73 0.12013888888888889 0.4395061728395062 0.12916666666666665 0.1530864197530864
73 0.6090277777777778 0.13827160493827162 0.126388888888889 0.14814814814814817
73 0.8597222222222223 0.44074074074074077 0.125 0.14567901234567898
10 0.8590277777777777 0.7382716049382716 0.126388888888889 0.14814814814814825
10 0.8645833333333333 0.28518518518518515 0.12361111111111081 0.1506172839506173
10 0.24236111111111114 0.29506172839506173 0.12916666666666668 0.14567901234567907
10 0.3597222222222222 0.13827160493827162 0.11944444444444442 0.1580246913580247
10 0.12569444444444444 0.7432098765432099 0.1236111111111111 0.15308641975308646
11 0.5569444444444445 0.2950617283950618 0.40277777777777785 0.15061728395061744
45 0.7381944444444446 0.13703703703703707 0.12083333333333329 0.15061728395061733
45 0.23819444444444443 0.137037037037037 0.13194444444444442 0.15555555555555553
45 0.12152777777777779 0.5839506172839506 0.1236111111111111 0.15061728395061727
45 0.8583333333333334 0.8864197530864197 0.12777777777777785 0.14320987654320988
46 0.7340277777777777 0.4444444444444445 0.123611111111111 0.15308641975308646
46 0.9618055555555556 0.7382716049382716 0.07638888888888885 0.1580246913580247
46 0.6138888888888888 0.027160493827160494 0.12222222222222222 0.05432098765432099
46 0.10902777777777778 0.028395061728395052 0.12638888888888894 0.056790123456790104
46 0.029861111111111113 0.745679012345679 0.059722222222222225 0.15802469135802483
46 0.2472222222222222 0.4444444444444444 0.125 0.14814814814814808
66 0.9631944444444445 0.4395061728395062 0.07361111111111114 0.14814814814814817
66 0.24861111111111112 0.739506172839506 0.12222222222222222 0.14567901234567912
66 0.02847222222222222 0.43827160493827166 0.05694444444444444 0.15061728395061727
23 0.12708333333333333 0.8901234567901234 0.1236111111111111 0.14074074074074075
23 0.9673611111111111 0.1271604938271605 0.06527777777777771 0.16543209876543208
23 0.8597222222222223 0.5938271604938271 0.12222222222222215 0.14567901234567884
23 0.02430555555555556 0.137037037037037 0.04861111111111112 0.14074074074074072
