81 0.26736111111111116 0.8604938271604939 0.10694444444444447 0.13086419753086417
81 0.04722222222222222 0.8679012345679012 0.09444444444444444 0.1358024691358024
81 0.04513888888888888 0.5950617283950618 0.09027777777777776 0.1333333333333335
81 0.04166666666666666 0.30493827160493825 0.08333333333333331 0.15061728395061727
81 0.03819444444444444 0.04567901234567902 0.07638888888888888 0.09135802469135804
81 0.2534722222222222 0.04814814814814815 0.10972222222222225 0.0962962962962963
81 0.4847222222222222 0.05308641975308642 0.11944444444444442 0.10617283950617284
81 0.7152777777777777 0.04691358024691358 0.11666666666666671 0.09382716049382717
81 0.948611111111111 0.04814814814814812 0.10277777777777743 0.09629629629629624
81 0.9423611111111111 0.30617283950617286 0.11527777777777785 0.1432098765432099
81 0.9430555555555555 0.5839506172839506 0.11388888888888886 0.14074074074074075
81 0.9409722222222223 0.8654320987654321 0.11805555555555557 0.1358024691358024
81 0.7111111111111111 0.5851851851851851 0.11111111111111115 0.13333333333333341
5 0.8236111111111112 0.9641975308641973 0.12499999999999999 0.07160493827160486
5 0.8326388888888888 0.16543209876543208 0.11527777777777772 0.13333333333333333
5 0.1388888888888889 0.17407407407407408 0.11388888888888887 0.13580246913580246
5 0.15069444444444444 0.9691358024691357 0.1097222222222222 0.06172839506172849
73 0.8277777777777777 0.4481481481481481 0.111111111111111 0.13580246913580246
73 0.6006944444444444 0.17407407407407408 0.1125 0.13580246913580246
73 0.14444444444444446 0.454320987654321 0.11388888888888889 0.13333333333333336
5 0.37708333333333327 0.45308641975308644 0.12083333333333336 0.14074074074074083
10 0.8243055555555554 0.725925925925926 0.12083333333333329 0.13333333333333341
10 0.8277777777777777 0.3074074074074074 0.11388888888888872 0.145679012345679
10 0.37222222222222223 0.17530864197530863 0.10833333333333332 0.14814814814814814
10 0.25763888888888886 0.3135802469135803 0.11805555555555554 0.14320987654320988
10 0.15 0.7296296296296296 0.1166666666666667 0.1358024691358024
11 0.5465277777777778 0.31111111111111106 0.34583333333333327 0.14320987654320982
45 0.8270833333333334 0.8654320987654321 0.11805555555555557 0.1308641975308643
45 0.7131944444444445 0.1728395061728395 0.10972222222222229 0.13333333333333333
45 0.25486111111111115 0.1703703703703704 0.12083333333333332 0.14320987654320988
45 0.1451388888888889 0.5876543209876544 0.11527777777777778 0.13827160493827165
46 0.26458333333333334 0.9666666666666666 0.1125 0.06666666666666671
46 0.04583333333333333 0.7296296296296296 0.09166666666666666 0.14074074074074075
46 0.1361111111111111 0.050617283950617285 0.12222222222222222 0.10123456790123457
46 0.5986111111111111 0.04814814814814815 0.11111111111111122 0.0962962962962963
46 0.7118055555555556 0.45308641975308644 0.1125 0.14074074074074083
46 0.9416666666666665 0.7320987654320987 0.11666666666666671 0.14567901234567898
66 0.9430555555555555 0.9666666666666666 0.11388888888888886 0.06666666666666671
66 0.9444444444444444 0.4493827160493826 0.11111111111111115 0.1382716049382716
66 0.8354166666666667 0.044444444444444446 0.12361111111111114 0.08888888888888889
66 0.37013888888888885 0.04938271604938271 0.11249999999999996 0.09876543209876543
66 0.043055555555555555 0.45061728395061723 0.08611111111111111 0.13580246913580246
66 0.04652777777777778 0.9666666666666666 0.09305555555555556 0.06666666666666671
23 0.8256944444444444 0.5901234567901235 0.1125 0.1382716049382715
23 0.9472222222222223 0.16049382716049382 0.10555555555555557 0.1382716049382716
23 0.03888888888888889 0.17160493827160495 0.07777777777777778 0.13580246913580246
23 0.1527777777777778 0.8679012345679012 0.11388888888888887 0.13086419753086417
