81 0.5697705862627372 0.6752431447327432 0.05984394100856647 0.06325846016521154
81 0.5701749372154977 0.5393812246051864 0.05741783529200305 0.07044692154762196
81 0.6821801511301798 0.5408189168816686 0.05499172957543948 0.06469615244169354
81 0.680158396366377 0.674524298594502 0.05256562385887605 0.06469615244169376
81 0.6809670982718982 0.2741269995942425 0.05256562385887605 0.06038307561224737
81 0.5669401295934131 0.27125161504127837 0.0590352391030455 0.05750769105928327
81 0.7913549083755379 0.2741269995942425 0.05337432576439724 0.06038307561224737
81 0.9017427184791776 0.2748458457324836 0.055800431480960526 0.06182076788872951
81 0.8989122618098537 0.5444131475728737 0.0533743257643971 0.06613384471817568
81 0.990295577133746 0.6788373754239484 0.019408845732508128 0.06469615244169362
81 0.9915086299920276 0.5444131475728737 0.0169827400159447 0.06325846016521154
81 0.9931260338030701 0.40639468903059395 0.013747932393859798 0.07188461382410409
81 0.568961884357216 0.40280045833938877 0.05984394100856662 0.06757153699465775
62 0.6813714492246586 0.4739662260252516 0.05499172957543982 0.06613384471817584
62 0.5701749372154977 0.6076716077380854 0.05580043148096067 0.06613384471817582
62 0.519226717167664 0.2698139227647963 0.0396263933705373 0.05750769105928324
62 0.736767529752859 0.27053276890303735 0.054183027669918574 0.06469615244169358
62 0.9595649047239408 0.2719704611795194 0.05822653719752335 0.06757153699465772
62 0.8989122618098535 0.4775604567164571 0.05499172957543948 0.06469615244169369
5 0.6259753686964585 0.33666661362121303 0.05741783529200305 0.06757153699465779
5 0.7371718807056195 0.4754039183017339 0.05499172957543976 0.06900922927114003
5 0.6255710177436979 0.7298754512390622 0.05660913338648186 0.04888153740039072
5 0.5204397700259458 0.6781185292857073 0.04205249908710087 0.06613384471817568
5 0.9534996404325327 0.7349073742067495 0.05903523910304543 0.044568460570944664
5 0.957947500912899 0.34026084431241826 0.05822653719752438 0.0690092292711399
73 0.9551170442435749 0.47827930285469805 0.05741783529200319 0.06613384471817568
73 0.8459422869982169 0.3416985365889003 0.05580043148096081 0.06325846016521151
73 0.5180136643093823 0.33451007520648995 0.037200287653973804 0.06613384471817568
73 0.6263797196492191 0.47252853374876963 0.056609133386482 0.06613384471817561
73 0.519226717167664 0.7349073742067495 0.0396263933705373 0.04744384512390866
10 0.9539039913852931 0.40855122744531713 0.05337432576439724 0.06757153699465775
10 0.9534996404325327 0.6098281461528084 0.054183027669918574 0.06757153699465789
10 0.6809670982718982 0.407832381307076 0.05418302766991843 0.06613384471817561
10 0.7351501259418165 0.34026084431241826 0.050948220047833816 0.06613384471817571
10 0.6271884215547403 0.6062339154616033 0.05499172957543962 0.0690092292711399
10 0.5208441209787064 0.6091093000145674 0.04124379718157968 0.06900922927113996
10 0.5200354190731853 0.47324737988701066 0.039626393370537444 0.06469615244169362
11 0.815615965541173 0.40927007358355816 0.17306220778153034 0.07188461382410409
17 0.9915086299920276 0.7341885280685083 0.0169827400159447 0.0431307682944626
17 0.9919129809447882 0.4768416105782159 0.01617403811042351 0.07188461382410409
17 0.8455379360454564 0.27556469187072463 0.05499172957543962 0.06325846016521154
17 0.6259753686964585 0.2719704611795194 0.05580043148096081 0.06182076788872944
17 0.5697705862627371 0.4696531491958055 0.058226537197524235 0.06613384471817575
17 0.6821801511301798 0.6083904538763263 0.05660913338648186 0.06757153699465775
82 0.9534996404325327 0.5436943014346327 0.05580043148096081 0.07044692154762189
82 0.9931260338030699 0.338104305897695 0.01374793239385911 0.06757153699465783
82 0.7905462064700168 0.34241738272714145 0.056609133386482 0.06469615244169365
82 0.5685575334044554 0.335947767482972 0.05903523910304543 0.06900922927113981
82 0.5208441209787064 0.5429754552963917 0.04124379718157968 0.06613384471817561
82 0.6259753686964585 0.6752431447327432 0.05418302766991843 0.06900922927113981
87 0.5689618843572161 0.7327508357920263 0.058226537197524096 0.04600615284742659
87 0.9530952894797722 0.6773996831474662 0.05822653719752438 0.06757153699465775
87 0.9009340165736566 0.34241738272714145 0.05256562385887619 0.06469615244169365
87 0.6821801511301798 0.34026084431241826 0.05499172957543948 0.0690092292711399
87 0.6263797196492191 0.5372246861904634 0.056609133386482 0.06900922927113996
