81 0.1076388888888889 0.3567901234567901 0.14583333333333331 0.1703703703703704
81 0.11180555555555553 0.6987654320987653 0.14305555555555555 0.1629629629629629
81 0.3909722222222222 0.36666666666666664 0.14861111111111114 0.17037037037037034
81 0.6583333333333333 0.36172839506172844 0.13333333333333336 0.16049382716049382
81 0.9340277777777777 0.35555555555555557 0.13194444444444442 0.1679012345679012
81 0.9305555555555556 0.6876543209876543 0.13888888888888887 0.16543209876543208
81 0.9319444444444446 0.04567901234567901 0.13333333333333328 0.09135802469135802
5 0.24583333333333335 0.1925925925925926 0.1388888888888889 0.1679012345679012
5 0.7930555555555556 0.8530864197530863 0.13333333333333341 0.16543209876543202
73 0.7958333333333333 0.19135802469135804 0.13611111111111115 0.16049382716049382
73 0.016666666666666666 0.18395061728395068 0.030555555555555555 0.17530864197530868
10 0.7937499999999997 0.5234567901234568 0.13472222222222227 0.16790123456790146
10 0.2513888888888889 0.5320987654320988 0.13888888888888892 0.16543209876543208
10 0.24375 0.8666666666666666 0.12638888888888894 0.1580246913580247
10 0.10138888888888889 0.05185185185185185 0.13333333333333336 0.1037037037037037
10 0.7979166666666668 0.05679012345679012 0.126388888888889 0.10864197530864196
11 0.45347222222222205 0.05802469135802471 0.4291666666666665 0.11604938271604942
44 0.9298611111111111 0.8592592592592593 0.14027777777777772 0.1728395061728395
44 0.7930555555555556 0.6938271604938272 0.13333333333333341 0.14814814814814817
44 0.6555555555555556 0.5259259259259259 0.1305555555555555 0.15308641975308646
44 0.9333333333333335 0.18641975308641975 0.13333333333333328 0.16543209876543213
44 0.39166666666666666 0.19753086419753085 0.15 0.15802469135802466
44 0.10972222222222222 0.5320987654320988 0.1388888888888889 0.16049382716049387
44 0.015277777777777777 0.3592592592592592 0.030555555555555555 0.16543209876543213
44 0.2534722222222222 0.6962962962962963 0.1375 0.1530864197530864
86 0.1125 0.8629629629629629 0.13888888888888887 0.15061728395061721
86 0.24861111111111112 0.36666666666666664 0.13888888888888887 0.17037037037037034
86 0.6597222222222223 0.1950617283950617 0.13333333333333328 0.1728395061728395
86 0.9326388888888889 0.5222222222222223 0.13472222222222213 0.16543209876543216
32 0.7972222222222218 0.36419753086419754 0.13888888888888898 0.16049382716049387
32 0.10555555555555557 0.19012345679012344 0.1416666666666667 0.1728395061728395
16 0.39236111111111105 0.5320987654320987 0.14583333333333334 0.15555555555555545
16 0.02083333333333333 0.6962962962962963 0.04166666666666666 0.16296296296296306
