81 0.31232091690544417 0.8417701368990766 0.11461318051575933 0.1248010187838267
81 0.08452722063037249 0.848137535816619 0.11461318051575929 0.13244189748487756
81 0.08381088825214897 0.583253740846864 0.11318051575931226 0.13244189748487742
81 0.30802292263610315 0.5807067812798471 0.11174785100286534 0.12734797835084366
81 0.07378223495702006 0.05348615090735435 0.12177650429799428 0.1069723018147087
81 0.30515759312320917 0.05475963069086278 0.11461318051575929 0.10951926138172556
81 0.5243553008595988 0.05985354982489653 0.10315186246418336 0.11970709964979306
81 0.7378223495702005 0.05858007004138809 0.10601719197707737 0.11716014008277618
81 0.9527220630372493 0.05858007004138809 0.09455587392550142 0.11716014008277618
81 0.9498567335243553 0.31964342566061765 0.10028653295128948 0.12989493791786053
81 0.9477077363896848 0.5819802610633557 0.10458452722063044 0.1349888570518943
81 0.9455587392550143 0.8443170964660937 0.10888252148997139 0.13498885705189437
81 0.07736389684813755 0.31072906717605847 0.12320916905444128 0.13753581661891115
62 0.3080229226361031 0.4482648837949698 0.10601719197707733 0.12734797835084372
62 0.083810888252149 0.714422158548233 0.11318051575931232 0.1248010187838267
62 0.3101719197707736 0.9533588029290035 0.11318051575931232 0.09328239414199302
62 0.9462750716332379 0.7156956383317415 0.10744985673352431 0.12734797835084366
62 0.8495702005730658 0.06240050939191341 0.11174785100286541 0.12480101878382682
62 0.4169054441260745 0.05985354982489653 0.10601719197707737 0.11970709964979306
62 0.7335243553008596 0.4546322827125119 0.10601719197707737 0.11970709964979306
5 0.1969914040114613 0.9584527220630372 0.10458452722063039 0.08309455587392549
5 0.41618911174785095 0.454632282712512 0.10458452722063036 0.12989493791786053
5 0.19412607449856736 0.17828716969118116 0.11318051575931232 0.13244189748487742
5 0.8459885386819483 0.19102196752626552 0.10744985673352431 0.12225405921680993
73 0.1969914040114613 0.4457179242279528 0.1131805157593123 0.12734797835084372
73 0.8409742120343838 0.4533588029290035 0.10601719197707737 0.12225405921680987
10 0.8366762177650429 0.7118751989812162 0.10601719197707737 0.12989493791786047
10 0.8409742120343838 0.3209169054441261 0.10601719197707737 0.13244189748487742
10 0.41618911174785095 0.1872015281757402 0.10458452722063036 0.12989493791786055
10 0.30659025787965616 0.3132760267430754 0.10888252148997132 0.13753581661891115
10 0.1984240687679083 0.7106017191977076 0.10744985673352436 0.12734797835084366
11 0.5773638968481375 0.31964342566061765 0.335243553008596 0.12989493791786053
17 0.9469914040114614 0.9571792422795289 0.10601719197707737 0.0856415154409423
17 0.9491404011461319 0.454632282712512 0.10171919770773641 0.1349888570518943
17 0.6325214899713467 0.05985354982489653 0.10458452722063044 0.11970709964979306
17 0.1934097421203438 0.05603311047437123 0.10888252148997137 0.11206622094874245
17 0.080945558739255 0.4457179242279528 0.11604584527220631 0.13753581661891112
17 0.30945558739255014 0.7080547596306909 0.11174785100286531 0.1273479783508438
82 0.839541547277937 0.5858007004138809 0.10888252148997139 0.12734797835084366
82 0.9512893982808024 0.18465456860872334 0.09742120343839546 0.1349888570518943
82 0.5236389684813754 0.1872015281757402 0.10744985673352431 0.12989493791786055
82 0.07593123209169055 0.16937281120662206 0.12034383954154727 0.13498885705189426
82 0.19770773638968478 0.8506844953836358 0.11174785100286531 0.13244189748487742
82 0.419054441260745 0.5730659025787965 0.10744985673352439 0.12225405921680987
87 0.8366762177650429 0.845590576249602 0.10888252148997125 0.1273479783508438
87 0.7371060171919771 0.18974848774275707 0.10458452722063029 0.13498885705189428
87 0.30587392550143266 0.1833810888252149 0.10744985673352439 0.13753581661891118
87 0.2005730659025788 0.5794333014963388 0.11461318051575932 0.12480101878382684
87 0.08237822349570202 0.9609996816300541 0.11604584527220631 0.07800063673989172
