81 0.09025787965616047 0.5794333014963386 0.1174785100286533 0.12989493791786053
81 0.08166189111747847 0.05093919134033746 0.11747851002865324 0.10187838268067492
81 0.3108882521489971 0.05475963069086278 0.11174785100286531 0.10951926138172556
81 0.5257879656160458 0.05348615090735435 0.11174785100286527 0.1069723018147087
81 0.7442693409742119 0.05985354982489653 0.11031518624641834 0.11970709964979306
81 0.9555873925501434 0.05858007004138809 0.08882521489971353 0.11716014008277618
81 0.9512893982808024 0.3145495065265839 0.09742120343839546 0.14008277618592804
81 0.9505730659025788 0.5819802610633557 0.09885386819484239 0.14008277618592807
81 0.9491404011461319 0.8494110156001272 0.10171919770773641 0.13498885705189437
81 0.7349570200573067 0.5858007004138809 0.11461318051575929 0.12734797835084366
81 0.3116045845272206 0.5756128621458134 0.10744985673352431 0.12734797835084372
81 0.08954154727793696 0.8468640560331104 0.11318051575931234 0.13498885705189437
81 0.08667621776504297 0.3069086278255334 0.12750716332378223 0.13498885705189437
62 0.09025787965616044 0.7118751989812162 0.11461318051575932 0.13498885705189437
62 0.3123209169054441 0.4457179242279528 0.10888252148997132 0.14262973575294488
62 0.42120343839541546 0.05730659025787966 0.10888252148997139 0.11461318051575932
62 0.8553008595988538 0.05985354982489653 0.11174785100286527 0.11970709964979306
62 0.9505730659025788 0.7182425978987584 0.09885386819484239 0.12734797835084366
62 0.7385386819484239 0.4559057624960204 0.11031518624641834 0.12225405921680994
5 0.20630372492836674 0.9559057624960203 0.11461318051575928 0.08818847500795926
5 0.8402578796561605 0.954632282712512 0.11031518624641834 0.09073543457497607
5 0.8517191977077361 0.1872015281757402 0.11031518624641856 0.12989493791786055
5 0.1977077363896848 0.17574021012416427 0.11461318051575932 0.13244189748487742
5 0.4169054441260745 0.4508118433619866 0.09742120343839546 0.12225405921680994
73 0.2027220630372493 0.44317096466093603 0.10744985673352433 0.13753581661891118
73 0.63323782234957 0.19102196752626552 0.10888252148997132 0.1324418974848774
73 0.8481375358166189 0.4584527220630373 0.10315186246418336 0.12225405921680987
10 0.8445558739255011 0.7182425978987584 0.11031518624641834 0.12734797835084338
10 0.8467048710601719 0.32346386501114294 0.10028653295128948 0.13753581661891118
10 0.3108882521489971 0.3145495065265839 0.10888252148997132 0.13498885705189426
10 0.4197707736389685 0.1833810888252149 0.10315186246418336 0.13244189748487745
10 0.20702005730659023 0.7131486787647244 0.11031518624641831 0.12734797835084366
11 0.5816618911174785 0.3221903852276345 0.3295128939828079 0.12989493791786055
17 0.9498567335243553 0.9584527220630372 0.10028653295128948 0.08309455587392549
17 0.9512893982808024 0.454632282712512 0.09742120343839546 0.12989493791786053
17 0.6361031518624641 0.05858007004138809 0.10601719197707744 0.11716014008277618
17 0.1991404011461318 0.05603311047437123 0.11461318051575929 0.11206622094874245
17 0.08882521489971346 0.44826488379496965 0.11174785100286531 0.11716014008277618
17 0.7335243553008596 0.7106017191977076 0.10888252148997139 0.13244189748487742
82 0.8445558739255015 0.5807067812798471 0.10458452722063044 0.12734797835084366
82 0.9548710601719196 0.1833810888252149 0.09025787965616047 0.13244189748487742
82 0.08237822349570202 0.17191977077363899 0.12177650429799428 0.14517669531996177
82 0.20558739255014327 0.8430436166825851 0.1131805157593123 0.12734797835084366
87 0.8431232091690544 0.845590576249602 0.10744985673352446 0.1273479783508438
87 0.20415472779369626 0.5794333014963388 0.11031518624641831 0.12480101878382684
87 0.7435530085959886 0.18847500795924865 0.1031518624641835 0.12225405921680994
87 0.3123209169054441 0.18592804839223176 0.10888252148997132 0.1273479783508437
10 0.6275071633237822 0.454632282712512 0.11174785100286527 0.12989493791786053
87 0.08882521489971346 0.9609996816300541 0.11174785100286531 0.07800063673989172
