81 0.5272530835799616 0.6825829255235674 0.050175460449224614 0.06550685114204327
81 0.5252931046561637 0.5459941720784558 0.046255502601629035 0.0599317999810183
81 0.521373146808568 0.2742104279784891 0.04311953632355241 0.05156922323948084
81 0.5245091130866446 0.4059210116577037 0.04625550260162889 0.06968813951281191
81 0.634659928604083 0.5459941720784559 0.05644739300537786 0.06271932556153068
81 0.6323079538955257 0.27560419076874537 0.061151342422492545 0.0599317999810183
81 0.7467707230453194 0.27560419076874537 0.058015376144415855 0.057144274400505776
81 0.8631934711189108 0.2714229023979766 0.05723138457489682 0.05714427440050582
81 0.9760882571296663 0.2728166651882329 0.04782348574066731 0.05435674881999333
81 0.973736282421109 0.40522413026257564 0.05252743515778206 0.06829437672255573
81 0.9741282782058684 0.5466910534735839 0.051743443588263036 0.06968813951281198
81 0.9725602950668302 0.6846735697089517 0.05487940986633959 0.06690061393229954
5 0.6918913131789798 0.47839667675102815 0.05644739300537796 0.06968813951281225
5 0.5742925777511098 0.3362328721448917 0.058015376144415993 0.0669006139322995
5 0.9204248556938077 0.3355359907497636 0.05879936771393503 0.07108190230306825
5 0.9153289104919334 0.7362427929484326 0.058015376144415993 0.03902535812717474
5 0.5813485018767818 0.7383334371338169 0.05644739300537772 0.04878169765896843
73 0.8043941034049757 0.337626634935148 0.055663401435858476 0.06690061393229954
73 0.9180728809852503 0.47839667675102815 0.05723138457489682 0.06690061393229946
73 0.5774285440291862 0.47700291396077205 0.058015376144415855 0.06690061393229961
10 0.5809565060920224 0.6135916674058834 0.05879936771393503 0.06411308835178701
10 0.9176808852004907 0.6149854301961396 0.059583359283454485 0.07247566509332444
10 0.9180728809852502 0.40661789305283186 0.05566340143585833 0.07108190230306817
10 0.689931334255182 0.34111104191078867 0.05566340143585876 0.06829437672255569
10 0.6342679328193236 0.4094054186333443 0.05723138457489689 0.07108190230306832
11 0.7773463942565654 0.40731477444795994 0.1740461284332475 0.06968813951281173
45 0.9180728809852502 0.6832798069186956 0.05566340143585833 0.06690061393229954
45 0.8608414964103533 0.3362328721448917 0.05723138457489697 0.0669006139322995
45 0.6326999496802853 0.3390203977254042 0.06036735085297344 0.06968813951281191
45 0.5786045313834649 0.5480848162638402 0.055663401435858545 0.06411308835178701
46 0.8600575048408343 0.4770029139607719 0.05409541829682013 0.06968813951281198
46 0.9729522908515897 0.6156823115912679 0.05095945201874358 0.0682943767225558
46 0.8047860991897353 0.27560419076874537 0.058015376144415993 0.05435674881999333
46 0.573116590396831 0.2728166651882329 0.05723138457489697 0.06271932556153072
46 0.5264690920104425 0.617772955776652 0.04860747731018634 0.06690061393229954
46 0.634659928604083 0.47700291396077205 0.058015376144415924 0.06690061393229961
66 0.5252931046561637 0.4797904395412845 0.046255502601629035 0.06968813951281205
66 0.6903233300399415 0.27211978379310475 0.056447393005377794 0.05296298602973714
66 0.9219928388328459 0.27072602100284854 0.06036735085297352 0.052962986029737105
66 0.9749122697753876 0.47839667675102826 0.05017546044922483 0.07247566509332458
66 0.6370119033126405 0.6149854301961397 0.058015376144415855 0.06968813951281205
23 0.5237251215171256 0.33483910935463557 0.04311953632355248 0.07526319067383697
23 0.9760882571296663 0.33483910935463557 0.04782348574066731 0.06968813951281198
23 0.9180728809852503 0.5487816976589683 0.05723138457489682 0.06829437672255566
23 0.5817404976615415 0.6818860441284391 0.05723138457489689 0.06690061393229954
81 0.8596655090560748 0.5480848162638402 0.05487940986633944 0.06968813951281205
81 0.8596655090560748 0.674917230177158 0.05644739300537751 0.06690061393229954
