81 0.03888888888888889 0.254320987654321 0.07777777777777778 0.11358024691358025
81 0.04166666666666666 0.4950617283950617 0.08333333333333331 0.11604938271604937
81 0.04236111111111111 0.7209876543209875 0.08472222222222223 0.11851851851851833
81 0.04236111111111111 0.9481481481481481 0.08472222222222223 0.10370370370370381
81 0.23194444444444443 0.9481481481481481 0.09444444444444447 0.10370370370370381
81 0.23194444444444443 0.7160493827160493 0.09166666666666667 0.11358024691358025
81 0.22708333333333336 0.2604938271604938 0.09583333333333335 0.1111111111111111
81 0.4159722222222223 0.26296296296296295 0.09027777777777779 0.11111111111111115
81 0.6034722222222223 0.26666666666666666 0.08472222222222228 0.11358024691358025
81 0.7930555555555556 0.2592592592592593 0.09722222222222228 0.10864197530864203
81 0.9708333333333334 0.2580246913580247 0.058333333333333286 0.12592592592592594
81 0.9680555555555556 0.491358024691358 0.06388888888888886 0.11851851851851855
81 0.788888888888889 0.49012345679012326 0.102777777777778 0.10617283950617282
81 0.7881944444444445 0.7148148148148148 0.09305555555555557 0.11604938271604937
81 0.9659722222222222 0.7234567901234567 0.06805555555555558 0.11358024691358025
81 0.9652777777777777 0.9493827160493828 0.06944444444444443 0.10123456790123456
81 0.7868055555555555 0.9469135802469136 0.09861111111111115 0.10617283950617278
5 0.13125 0.3740740740740741 0.0986111111111111 0.12098765432098763
5 0.325 0.6049382716049382 0.09444444444444443 0.10864197530864196
5 0.6944444444444445 0.37654320987654316 0.09166666666666672 0.11111111111111108
5 0.8840277777777777 0.6074074074074075 0.098611111111111 0.1086419753086421
73 0.1326388888888889 0.6049382716049382 0.0958333333333333 0.10864197530864196
73 0.6951388888888889 0.6061728395061727 0.08472222222222214 0.12098765432098751
73 0.8847222222222223 0.9469135802469136 0.09722222222222214 0.10617283950617278
10 0.370138888888889 0.07283950617283952 0.14027777777777778 0.14567901234567904
10 0.325 0.3790123456790123 0.09444444444444443 0.10617283950617278
10 0.23125 0.4888888888888889 0.09861111111111115 0.12345679012345677
10 0.13402777777777775 0.8333333333333335 0.09583333333333334 0.11111111111111102
10 0.6972222222222224 0.49012345679012326 0.09166666666666674 0.12098765432098763
10 0.8861111111111112 0.37654320987654316 0.09166666666666658 0.12098765432098765
10 0.8819444444444445 0.834567901234568 0.09444444444444439 0.11851851851851829
51 0.3236111111111111 0.2592592592592593 0.09444444444444447 0.11851851851851855
51 0.1375 0.9481481481481481 0.1 0.10370370370370381
11 0.4590277777777778 0.49135802469135803 0.31250000000000006 0.11358024691358025
30 0.13055555555555554 0.254320987654321 0.09999999999999998 0.11358024691358025
30 0.7861111111111111 0.8345679012345678 0.09444444444444457 0.09876543209876544
30 0.9701388888888889 0.3728395061728395 0.05972222222222229 0.11358024691358025
47 0.2298611111111111 0.37654320987654316 0.09583333333333335 0.11111111111111108
47 0.04236111111111111 0.8419753086419753 0.08472222222222223 0.11358024691358025
26 0.04166666666666668 0.3716049382716048 0.08333333333333336 0.11604938271604928
26 0.8888888888888888 0.25308641975308643 0.09722222222222214 0.10617283950617284
20 0.23055555555555557 0.6012345679012345 0.09722222222222225 0.10617283950617284
20 0.6979166666666665 0.262962962962963 0.09305555555555561 0.11111111111111108
63 0.5986111111111111 0.3790123456790123 0.09722222222222221 0.11111111111111115
63 0.9666666666666666 0.6123456790123457 0.06666666666666671 0.11358024691358025
63 0.13472222222222222 0.7185185185185184 0.09999999999999998 0.10864197530864203
57 0.41875 0.38024691358024687 0.09305555555555557 0.11851851851851848
57 0.23194444444444437 0.828395061728395 0.1000000000000002 0.11604938271604989
57 0.7881944444444445 0.6024691358024691 0.09305555555555557 0.11358024691358018
22 0.32430555555555557 0.7172839506172841 0.09583333333333333 0.111111111111111
22 0.7902777777777777 0.37654320987654316 0.088888888888889 0.10617283950617284
72 0.8833333333333334 0.7172839506172841 0.09444444444444443 0.1160493827160495
72 0.04166666666666666 0.6049382716049382 0.08333333333333331 0.11851851851851841
