81 0.9472222222222223 0.5098765432098766 0.10555555555555557 0.15555555555555564
81 0.9472222222222223 0.8271604938271605 0.10555555555555557 0.15308641975308632
81 0.6993055555555556 0.5148148148148148 0.12916666666666665 0.1555555555555555
81 0.9479166666666667 0.1925925925925926 0.10416666666666657 0.1580246913580247
5 0.8277777777777777 0.9469135802469136 0.138888888888889 0.10617283950617278
5 0.83125 0.06049382716049383 0.13194444444444456 0.12098765432098765
5 0.06527777777777778 0.061728395061728385 0.1277777777777778 0.12345679012345677
5 0.06249999999999999 0.9555555555555556 0.10833333333333332 0.08888888888888885
73 0.8319444444444446 0.3617283950617283 0.13055555555555537 0.1555555555555555
73 0.5777777777777778 0.06296296296296296 0.12777777777777785 0.1259259259259259
73 0.06736111111111112 0.3592592592592592 0.1263888888888889 0.15555555555555553
10 0.8305555555555556 0.6728395061728395 0.1277777777777777 0.15555555555555556
10 0.8284722222222223 0.2 0.126388888888889 0.1530864197530864
10 0.19513888888888892 0.2049382716049383 0.12916666666666668 0.16296296296296298
11 0.5083333333333333 0.2074074074074074 0.41388888888888886 0.15802469135802466
44 0.9479166666666667 0.9493827160493828 0.10416666666666657 0.10123456790123456
44 0.8298611111111112 0.8271604938271605 0.1291666666666667 0.15802469135802483
44 0.9493055555555556 0.35555555555555557 0.10138888888888886 0.1530864197530864
44 0.7027777777777777 0.0654320987654321 0.12500000000000003 0.1259259259259259
44 0.07013888888888889 0.5037037037037037 0.1236111111111111 0.1382716049382716
86 0.9479166666666667 0.6666666666666667 0.10416666666666657 0.1530864197530864
86 0.7027777777777777 0.36296296296296293 0.12500000000000008 0.14814814814814814
86 0.44861111111111107 0.07283950617283949 0.12222222222222219 0.11604938271604935
32 0.8298611111111112 0.5160493827160494 0.1291666666666667 0.1530864197530864
32 0.19583333333333336 0.3604938271604938 0.13055555555555556 0.15308641975308643
16 0.9493055555555556 0.056790123456790124 0.10138888888888886 0.11358024691358025
10 0.5722222222222222 0.6728395061728395 0.1194444444444445 0.16049382716049393
44 0.19583333333333336 0.0654320987654321 0.13055555555555556 0.12592592592592594
10 0.3236111111111111 0.06419753086419754 0.11944444444444446 0.12345679012345678
