81 0.05138888888888889 0.8580246913580247 0.10277777777777777 0.1259259259259258
81 0.2673611111111111 0.5839506172839506 0.11527777777777778 0.1259259259259258
81 0.04722222222222222 0.5851851851851851 0.09444444444444444 0.13827160493827165
81 0.04097222222222222 0.044444444444444446 0.08194444444444444 0.08888888888888889
81 0.04583333333333333 0.3074074074074074 0.09166666666666666 0.13580246913580252
81 0.25833333333333336 0.049382716049382734 0.11388888888888885 0.09876543209876547
81 0.48888888888888893 0.04567901234567901 0.11666666666666671 0.09135802469135802
81 0.7180555555555554 0.04691358024691358 0.11666666666666671 0.09382716049382717
81 0.9465277777777777 0.04197530864197531 0.10694444444444443 0.08395061728395062
81 0.94375 0.3024691358024691 0.1125 0.14074074074074072
81 0.9423611111111111 0.5814814814814815 0.11527777777777785 0.1358024691358024
81 0.9395833333333334 0.8567901234567902 0.12083333333333329 0.12839506172839493
81 0.7097222222222223 0.5802469135802468 0.11388888888888886 0.1382716049382716
81 0.27083333333333337 0.8555555555555554 0.11111111111111115 0.13086419753086417
5 0.16041666666666668 0.962962962962963 0.1152777777777778 0.07407407407407404
5 0.1451388888888889 0.16790123456790124 0.11805555555555557 0.14814814814814814
5 0.8333333333333335 0.16296296296296298 0.11666666666666671 0.13333333333333333
5 0.8222222222222223 0.9592592592592593 0.11944444444444442 0.08148148148148153
5 0.37986111111111115 0.4469135802469135 0.10972222222222222 0.13333333333333336
73 0.8270833333333333 0.44320987654320987 0.11527777777777772 0.1358024691358024
73 0.6020833333333333 0.1703703703703704 0.10972222222222214 0.1382716049382716
73 0.15208333333333332 0.4493827160493826 0.11527777777777777 0.13333333333333336
10 0.8243055555555556 0.7172839506172839 0.1125 0.13580246913580254
10 0.8277777777777777 0.30617283950617286 0.11388888888888872 0.1432098765432099
10 0.15763888888888888 0.7160493827160493 0.1125 0.13333333333333328
10 0.37777777777777777 0.1765432098765432 0.11666666666666671 0.13580246913580246
10 0.2638888888888889 0.30987654320987656 0.11388888888888893 0.13580246913580246
11 0.5472222222222222 0.30864197530864196 0.34722222222222215 0.1382716049382716
45 0.8243055555555556 0.8530864197530863 0.11527777777777772 0.1358024691358024
45 0.7138888888888889 0.16790123456790124 0.11111111111111115 0.1333333333333333
45 0.2611111111111111 0.1728395061728395 0.11388888888888886 0.14320987654320985
45 0.15763888888888886 0.5802469135802465 0.11527777777777776 0.12345679012345691
46 0.9423611111111111 0.7197530864197532 0.11527777777777785 0.1358024691358024
46 0.7145833333333335 0.4444444444444444 0.11250000000000014 0.13333333333333328
46 0.6041666666666666 0.050617283950617285 0.111111111111111 0.10123456790123457
46 0.1451388888888889 0.05185185185185185 0.11805555555555557 0.1037037037037037
46 0.26666666666666666 0.4518518518518519 0.1111111111111111 0.128395061728395
46 0.050694444444444445 0.7197530864197532 0.10138888888888889 0.13086419753086417
66 0.9416666666666665 0.9604938271604938 0.11666666666666671 0.07901234567901241
66 0.049305555555555554 0.9617283950617284 0.09861111111111111 0.07654320987654316
66 0.2715277777777778 0.7234567901234567 0.11527777777777776 0.12839506172839507
66 0.04583333333333333 0.4518518518518519 0.09166666666666666 0.13827160493827173
66 0.8340277777777777 0.04691358024691358 0.12083333333333329 0.09382716049382717
66 0.94375 0.4444444444444444 0.1125 0.12839506172839507
66 0.37430555555555556 0.05308641975308642 0.11250000000000003 0.10617283950617284
23 0.8270833333333334 0.582716049382716 0.10972222222222214 0.13333333333333328
23 0.15972222222222224 0.8567901234567902 0.11666666666666668 0.13333333333333341
23 0.04652777777777778 0.16913580246913582 0.09305555555555556 0.14567901234567907
23 0.9472222222222223 0.15679012345679014 0.10555555555555557 0.1308641975308642
