81 0.2236111111111111 0.6222222222222222 0.13611111111111113 0.14320987654320994
81 0.2125 0.023456790123456788 0.13611111111111115 0.046913580246913576
81 0.47916666666666663 0.030864197530864196 0.13333333333333328 0.06172839506172839
81 0.7423611111111111 0.028395061728395062 0.1347222222222223 0.056790123456790124
81 0.9701388888888889 0.29876543209876544 0.05972222222222229 0.15802469135802472
81 0.9722222222222223 0.6234567901234569 0.05555555555555557 0.1555555555555555
81 0.9694444444444444 0.9358024691358026 0.061111111111111144 0.12839506172839507
81 0.7368055555555556 0.6246913580246913 0.12916666666666657 0.1629629629629629
81 0.2222222222222222 0.9308641975308641 0.1277777777777778 0.13827160493827165
5 0.8784722222222223 0.13827160493827162 0.13472222222222213 0.1580246913580247
5 0.35138888888888886 0.46913580246913583 0.12777777777777782 0.14814814814814817
5 0.07569444444444444 0.13456790123456788 0.13749999999999998 0.17037037037037034
73 0.6118055555555556 0.145679012345679 0.12916666666666657 0.1580246913580247
73 0.08402777777777777 0.4641975308641975 0.13472222222222222 0.16296296296296306
73 0.875 0.4654320987654322 0.13055555555555542 0.1555555555555555
10 0.09166666666666666 0.7864197530864198 0.13333333333333333 0.15555555555555556
10 0.8715277777777777 0.7851851851851852 0.13749999999999984 0.16296296296296306
10 0.6138888888888889 0.4604938271604938 0.11944444444444442 0.15061728395061721
10 0.3472222222222222 0.14814814814814814 0.12777777777777774 0.16296296296296295
10 0.2152777777777778 0.3061728395061728 0.13888888888888887 0.1679012345679012
10 0.8722222222222222 0.3 0.12777777777777785 0.15061728395061733
11 0.5451388888888888 0.308641975308642 0.4152777777777777 0.15802469135802472
45 0.7409722222222221 0.14074074074074078 0.13472222222222235 0.15802469135802477
45 0.2125 0.14320987654320988 0.13055555555555556 0.1580246913580247
45 0.08819444444444445 0.6234567901234569 0.1375 0.1555555555555555
45 0.8715277777777777 0.928395061728395 0.13194444444444442 0.14320987654320988
46 0.9708333333333334 0.7839506172839507 0.058333333333333286 0.16543209876543216
46 0.7402777777777777 0.4654320987654322 0.13055555555555556 0.16049382716049387
46 0.21944444444444444 0.46172839506172836 0.12777777777777777 0.15802469135802474
46 0.07430555555555556 0.03209876543209877 0.1375 0.06419753086419754
46 0.6104166666666666 0.028395061728395062 0.1291666666666667 0.056790123456790124
66 0.22708333333333336 0.7876543209876543 0.13472222222222224 0.15308641975308632
66 0.9729166666666665 0.4641975308641975 0.05416666666666672 0.16790123456790126
66 0.7381944444444446 0.7777777777777777 0.1291666666666667 0.1580246913580247
66 0.48055555555555557 0.4617283950617284 0.12499999999999993 0.15308641975308646
23 0.8722222222222222 0.6271604938271605 0.13333333333333328 0.1580246913580246
23 0.9736111111111111 0.1345679012345679 0.052777777777777854 0.15555555555555556
23 0.0923611111111111 0.9345679012345678 0.13472222222222222 0.13086419753086417
