81 0.05138888888888889 0.7061728395061728 0.10277777777777777 0.15308641975308632
81 0.05416666666666667 0.3728395061728395 0.10833333333333334 0.16790123456790126
81 0.049305555555555554 0.06419753086419754 0.09861111111111111 0.12839506172839507
81 0.3055555555555556 0.06666666666666667 0.13055555555555556 0.13333333333333333
81 0.5680555555555555 0.07037037037037037 0.1277777777777778 0.14074074074074075
81 0.8319444444444444 0.07160493827160494 0.13888888888888887 0.14320987654320988
81 0.8291666666666666 0.7123456790123457 0.13055555555555556 0.15061728395061721
81 0.3104166666666666 0.7049382716049383 0.13472222222222224 0.16049382716049387
62 0.43819444444444444 0.0728395061728395 0.12916666666666665 0.145679012345679
62 0.8284722222222223 0.5481481481481482 0.13194444444444442 0.15802469135802483
62 0.9513888888888888 0.0691358024691358 0.09722222222222214 0.1382716049382716
62 0.05138888888888889 0.8765432098765431 0.10277777777777777 0.1728395061728395
62 0.30833333333333335 0.5395061728395062 0.13333333333333333 0.16049382716049387
5 0.9506944444444444 0.2222222222222222 0.09861111111111115 0.16790123456790126
5 0.1708333333333333 0.2135802469135802 0.13611111111111113 0.15061728395061727
73 0.6993055555555554 0.22839506172839508 0.13194444444444442 0.16049382716049382
73 0.9486111111111112 0.5530864197530864 0.10277777777777772 0.1629629629629629
73 0.17222222222222222 0.5407407407407407 0.13333333333333333 0.1580246913580247
10 0.9493055555555556 0.3888888888888888 0.10138888888888889 0.16543209876543205
10 0.9486111111111112 0.8827160493827161 0.10277777777777772 0.1753086419753086
10 0.6951388888888889 0.5481481481481482 0.13472222222222222 0.14814814814814808
10 0.3076388888888889 0.3827160493827161 0.13194444444444448 0.1679012345679012
10 0.1729166666666667 0.8691358024691358 0.1375 0.15308641975308632
10 0.43680555555555556 0.22345679012345676 0.13472222222222222 0.16543209876543208
11 0.6326388888888888 0.38271604938271614 0.3874999999999996 0.162962962962963
17 0.8291666666666667 0.8728395061728395 0.13333333333333341 0.15555555555555556
17 0.7013888888888888 0.07901234567901234 0.1277777777777778 0.12839506172839507
17 0.17152777777777778 0.06790123456790123 0.13472222222222222 0.13580246913580246
17 0.05277777777777778 0.5444444444444444 0.10555555555555556 0.1604938271604938
82 0.9493055555555556 0.7148148148148148 0.10138888888888886 0.1703703703703704
82 0.05138888888888889 0.21234567901234566 0.10277777777777777 0.15802469135802466
87 0.17430555555555557 0.6962962962962963 0.13194444444444445 0.14814814814814817
87 0.8326388888888888 0.22839506172839508 0.1347222222222223 0.15555555555555556
87 0.3055555555555556 0.2185185185185185 0.13055555555555556 0.15555555555555553
