81 0.5562999712306457 0.4279424637437525 0.07157843029709703 0.08738892694906618
81 0.8318338083381457 0.4271758942091115 0.06554169521179957 0.07665695346409315
81 0.9680915431205713 0.42870903327839327 0.06381691375885751 0.08278950974122061
81 0.9667979570308647 0.5942880527608349 0.06640408593827062 0.07665695346409329
81 0.9689539338470423 0.27079570914236134 0.0620921323059153 0.052126728355583365
5 0.6270160108012717 0.3451529540025318 0.06985364884415496 0.07819009253337512
5 0.9003938710925941 0.6763109929674144 0.06985364884415503 0.08125637067193886
73 0.9016874571823006 0.34668609307181364 0.06899125811768386 0.07819009253337501
73 0.508006090548267 0.3436198149332499 0.018110205255892 0.08432264881050251
10 0.900393871092594 0.5145648211581778 0.06812886739121282 0.08278950974122068
10 0.7632737455836974 0.3489858016757364 0.06640408593827075 0.07972323160265699
10 0.6304655737071558 0.5153313906928187 0.07157843029709696 0.0935214832261937
10 0.5545751897777036 0.274628556815566 0.07157843029709703 0.056726145563428816
10 0.9016874571823007 0.274628556815566 0.06726647666474193 0.050593589286301505
11 0.72834692116162 0.27462855681556614 0.20869855580599384 0.06285870184055659
44 0.9663667616676292 0.6770775625020553 0.06726647666474164 0.08278950974122075
44 0.900393871092594 0.5981209004340393 0.06812886739121282 0.0781900925333752
44 0.8314026129749101 0.511498543019614 0.06812886739121296 0.07972323160265696
44 0.7645673316734038 0.4317753114169571 0.06726647666474178 0.08585578787978435
44 0.5101620673644445 0.4294756028130343 0.018972595982363175 0.07819009253337512
44 0.5575935573203523 0.5145648211581778 0.070716039570626 0.08278950974122068
44 0.9676603477573358 0.342853245398609 0.06295452303238662 0.07665695346409325
86 0.6265848154380361 0.43100874188231614 0.07071603957062607 0.08432264881050251
86 0.8326961990646167 0.3459195235371727 0.06554169521179971 0.07972323160265687
86 0.9680915431205713 0.5137982516235369 0.06381691375885751 0.08432264881050258
32 0.8999626757293585 0.4317753114169571 0.06899125811768386 0.07972323160265696
32 0.555006385140939 0.3436198149332499 0.072440821023568 0.08432264881050251
16 0.5114556534541511 0.5996540395033212 0.019834986708834136 0.0904552050876299
