81 0.06875 0.1308641975308642 0.10972222222222222 0.12345679012345681
81 0.1798611111111111 0.2728395061728395 0.1041666666666667 0.12592592592592594
81 0.5 0.14320987654320988 0.10833333333333335 0.12839506172839507
81 0.8284722222222223 0.5395061728395061 0.11805555555555557 0.14074074074074075
81 0.2861111111111111 0.8962962962962964 0.10277777777777779 0.10864197530864203
81 0.17916666666666667 0.7691358024691358 0.10555555555555557 0.11604938271604937
81 0.075 0.6432098765432098 0.10555555555555554 0.11604938271604943
81 0.7201388888888889 0.9246913580246913 0.09583333333333334 0.1456790123456787
5 0.39305555555555555 0.274074074074074 0.10277777777777779 0.11851851851851848
5 0.3861111111111111 0.7666666666666667 0.09444444444444443 0.1308641975308643
73 0.8381944444444446 0.137037037037037 0.12083333333333345 0.13580246913580246
73 0.18194444444444444 0.5222222222222223 0.10555555555555554 0.12098765432098758
5 0.07430555555555557 0.9802469135802468 0.10416666666666669 0.03950617283950621
10 0.8284722222222223 0.8012345679012346 0.11527777777777772 0.1259259259259258
10 0.8347222222222223 0.26666666666666666 0.11388888888888886 0.13827160493827162
10 0.7208333333333334 0.40740740740740733 0.10555555555555557 0.12345679012345677
10 0.7215277777777779 0.13703703703703704 0.11805555555555552 0.1308641975308642
10 0.3590277777777777 0.04197530864197531 0.14861111111111103 0.08395061728395062
10 0.2868055555555556 0.14197530864197533 0.10694444444444447 0.1308641975308642
10 0.075 0.8925925925925927 0.10555555555555554 0.12098765432098744
10 0.18194444444444444 0.9790123456790124 0.10277777777777775 0.041975308641975316
10 0.18333333333333332 0.39876543209876547 0.10277777777777777 0.13086419753086426
71 0.7194444444444444 0.2740740740740741 0.11388888888888886 0.13333333333333336
71 0.28958333333333336 0.2691358024691358 0.10694444444444447 0.12345679012345684
71 0.1798611111111111 0.8888888888888888 0.1041666666666667 0.12345679012345684
11 0.44722222222222213 0.39876543209876547 0.3583333333333333 0.12592592592592594
8 0.07499999999999998 0.762962962962963 0.10555555555555551 0.12345679012345676
8 0.39375 0.15185185185185188 0.10416666666666671 0.12098765432098768
8 0.2895833333333333 0.5234567901234568 0.10972222222222222 0.13333333333333336
83 0.17847222222222223 0.13827160493827162 0.10694444444444447 0.12345679012345678
83 0.07361111111111111 0.5172839506172839 0.10555555555555557 0.12098765432098758
28 0.3951388888888889 0.8975308641975309 0.10972222222222222 0.1160493827160495
28 0.07013888888888889 0.2641975308641975 0.1125 0.12345679012345681
28 0.18333333333333335 0.645679012345679 0.10555555555555554 0.12098765432098765
71 0.8270833333333334 0.6691358024691358 0.12083333333333329 0.11851851851851855
