81 0.1763888888888889 0.7827160493827159 0.10277777777777779 0.11851851851851862
81 0.06944444444444443 0.6580246913580247 0.10833333333333332 0.1259259259259258
81 0.1736111111111111 0.2827160493827161 0.10833333333333334 0.1160493827160494
81 0.8305555555555556 0.5518518518518519 0.11111111111111115 0.12098765432098765
81 0.061111111111111116 0.1506172839506173 0.11388888888888889 0.12345679012345681
81 0.27708333333333335 0.9111111111111111 0.09583333333333335 0.11851851851851848
81 0.3840277777777778 0.5358024691358024 0.09861111111111115 0.11851851851851862
5 0.38819444444444445 0.29259259259259257 0.10694444444444443 0.12592592592592594
73 0.8340277777777777 0.14814814814814817 0.11527777777777785 0.12839506172839507
73 0.17569444444444443 0.5320987654320988 0.10694444444444445 0.12098765432098758
10 0.8229166666666665 0.8123456790123457 0.11805555555555557 0.13827160493827165
10 0.83125 0.28641975308641976 0.1125 0.12839506172839507
10 0.7125 0.42098765432098767 0.10277777777777772 0.12592592592592594
10 0.7152777777777777 0.15432098765432098 0.11111111111111129 0.12592592592592594
10 0.2791666666666666 0.15925925925925927 0.10555555555555554 0.1259259259259259
10 0.35208333333333336 0.044444444444444446 0.15416666666666662 0.08888888888888889
10 0.2847222222222221 0.6580246913580247 0.10555555555555551 0.12592592592592586
10 0.06666666666666667 0.908641975308642 0.10555555555555556 0.12839506172839507
10 0.17430555555555557 0.9876543209876543 0.10416666666666669 0.0246913580246914
71 0.8277777777777777 0.6839506172839507 0.11944444444444442 0.11851851851851855
71 0.7152777777777777 0.28888888888888886 0.11111111111111129 0.12839506172839502
71 0.28055555555555556 0.2888888888888889 0.1055555555555555 0.11851851851851855
71 0.17569444444444443 0.9123456790123456 0.10694444444444443 0.11604938271604937
11 0.4486111111111111 0.41358024691358025 0.37499999999999994 0.12592592592592589
8 0.06875 0.7839506172839507 0.10416666666666669 0.12098765432098774
8 0.28402777777777777 0.5395061728395062 0.1125 0.12098765432098765
8 0.7111111111111111 0.5493827160493827 0.11944444444444458 0.13086419753086417
8 0.3902777777777778 0.1617283950617284 0.10833333333333328 0.12098765432098764
83 0.2847222222222222 0.7839506172839507 0.10555555555555554 0.12592592592592594
83 0.07013888888888889 0.5296296296296297 0.1125 0.13580246913580246
83 0.17291666666666664 0.1530864197530864 0.10694444444444447 0.1333333333333333
83 0.6048611111111112 0.16049382716049382 0.10416666666666664 0.12839506172839507
28 0.8194444444444444 0.9407407407407408 0.1277777777777777 0.11851851851851848
28 0.06527777777777778 0.2839506172839506 0.11111111111111112 0.1382716049382716
28 0.17569444444444443 0.6592592592592592 0.10138888888888892 0.11851851851851862
81 0.6027777777777779 0.29259259259259257 0.1055555555555555 0.13086419753086417
10 0.175 0.4074074074074074 0.10277777777777779 0.12839506172839507
