81 0.03194444444444444 0.882716049382716 0.06388888888888888 0.1407407407407406
81 0.24583333333333332 0.5839506172839506 0.1277777777777778 0.15061728395061727
81 0.02916666666666666 0.5864197530864197 0.05833333333333332 0.13580246913580254
81 0.02638888888888889 0.2876543209876543 0.05277777777777778 0.15061728395061727
81 0.23472222222222222 0.024691358024691357 0.1277777777777778 0.04938271604938271
81 0.4875 0.025925925925925925 0.12500000000000008 0.05185185185185185
81 0.7340277777777777 0.027160493827160494 0.13194444444444442 0.05432098765432098
81 0.9597222222222223 0.27530864197530863 0.08055555555555557 0.16049382716049387
81 0.9597222222222223 0.5888888888888889 0.08055555555555557 0.15061728395061721
81 0.9576388888888888 0.8802469135802469 0.08472222222222228 0.14567901234567884
81 0.7298611111111112 0.5839506172839506 0.1291666666666667 0.14567901234567907
81 0.24861111111111112 0.8765432098765433 0.12222222222222222 0.14320987654321002
5 0.12708333333333333 0.9765432098765432 0.1236111111111111 0.04691358024691368
5 0.8479166666666665 0.971604938271605 0.13194444444444442 0.056790123456790124
5 0.8631944444444446 0.11851851851851851 0.1291666666666667 0.16296296296296298
5 0.11180555555555555 0.1308641975308642 0.1236111111111111 0.16296296296296298
5 0.36458333333333326 0.437037037037037 0.12083333333333336 0.14320987654320988
73 0.8569444444444444 0.43456790123456784 0.1277777777777777 0.14814814814814817
73 0.12083333333333332 0.43456790123456784 0.12222222222222222 0.1530864197530864
73 0.6069444444444444 0.13456790123456788 0.12222222222222229 0.15061728395061724
10 0.1236111111111111 0.7333333333333334 0.1277777777777778 0.14320987654320974
10 0.8520833333333333 0.7308641975308642 0.12083333333333343 0.14320987654320988
10 0.8569444444444444 0.27901234567901234 0.11944444444444428 0.1580246913580247
10 0.24027777777777778 0.2876543209876543 0.12499999999999996 0.15555555555555556
10 0.3625 0.13827160493827162 0.12222222222222222 0.14814814814814817
11 0.5479166666666667 0.2888888888888889 0.3902777777777777 0.1481481481481482
45 0.8527777777777777 0.8827160493827161 0.1277777777777777 0.14567901234567898
45 0.12222222222222222 0.5864197530864197 0.12222222222222222 0.1555555555555555
45 0.23472222222222222 0.1308641975308642 0.13055555555555554 0.14814814814814814
45 0.7333333333333334 0.12962962962962965 0.11944444444444442 0.145679012345679
46 0.9590277777777777 0.7333333333333334 0.08194444444444443 0.14320987654320974
46 0.73125 0.43456790123456784 0.12638888888888886 0.14814814814814817
46 0.24166666666666664 0.437037037037037 0.12222222222222222 0.14320987654320988
46 0.10902777777777778 0.02592592592592592 0.13194444444444445 0.05185185185185184
46 0.6090277777777778 0.028395061728395062 0.126388888888889 0.056790123456790124
46 0.029861111111111113 0.7382716049382716 0.059722222222222225 0.1580246913580247
66 0.9611111111111111 0.4333333333333333 0.07777777777777771 0.14567901234567907
66 0.25 0.7345679012345678 0.1277777777777778 0.13580246913580254
66 0.029861111111111113 0.43827160493827155 0.059722222222222225 0.14567901234567898
23 0.8534722222222222 0.5851851851851851 0.12638888888888886 0.14814814814814817
23 0.9631944444444445 0.12345679012345681 0.07361111111111114 0.15308641975308643
23 0.026388888888888885 0.12716049382716052 0.05277777777777777 0.1506172839506173
23 0.12569444444444444 0.8777777777777779 0.12083333333333332 0.14074074074074075
