81 0.039583333333333325 0.2580246913580247 0.07916666666666665 0.1209876543209877
81 0.22916666666666669 0.2604938271604938 0.1 0.1111111111111111
81 0.6006944444444444 0.26666666666666666 0.09861111111111107 0.11851851851851855
81 0.4208333333333333 0.2617283950617284 0.10277777777777779 0.10864197530864196
81 0.7916666666666667 0.2604938271604938 0.09722222222222228 0.1111111111111111
81 0.9701388888888889 0.2580246913580247 0.05972222222222229 0.11604938271604937
81 0.9666666666666666 0.4925925925925926 0.06666666666666671 0.11111111111111115
81 0.7881944444444444 0.4925925925925926 0.09861111111111115 0.10617283950617291
81 0.7881944444444445 0.7148148148148148 0.09305555555555557 0.11111111111111115
81 0.9666666666666666 0.7209876543209875 0.06666666666666671 0.11851851851851833
81 0.7881944444444445 0.9444444444444445 0.09305555555555557 0.10617283950617278
81 0.9673611111111111 0.9481481481481481 0.06527777777777771 0.10370370370370381
81 0.04236111111111111 0.4901234567901234 0.08472222222222223 0.12592592592592589
81 0.04097222222222222 0.7209876543209875 0.08194444444444444 0.1135802469135804
81 0.043055555555555555 0.9469135802469136 0.08611111111111111 0.10617283950617278
81 0.2326388888888889 0.9395061728395062 0.09305555555555557 0.11604938271604937
5 0.13125 0.3728395061728395 0.0986111111111111 0.11851851851851844
5 0.6944444444444445 0.380246913580247 0.08888888888888874 0.10864197530864196
5 0.8847222222222223 0.6037037037037036 0.09444444444444443 0.11111111111111108
73 0.13402777777777777 0.6074074074074075 0.0986111111111111 0.1086419753086421
73 0.6944444444444444 0.606172839506173 0.08888888888888885 0.11111111111111122
73 0.8833333333333334 0.945679012345679 0.09444444444444443 0.10864197530864189
10 0.32361111111111107 0.3753086419753086 0.09444444444444448 0.10864197530864195
10 0.23125 0.4901234567901234 0.09583333333333335 0.11604938271604943
10 0.32291666666666663 0.8135802469135802 0.09027777777777776 0.14074074074074075
10 0.1361111111111111 0.8320987654320992 0.10000000000000003 0.11851851851851852
10 0.69375 0.4901234567901234 0.09027777777777772 0.11604938271604943
10 0.8854166666666667 0.3753086419753086 0.09861111111111115 0.11358024691358018
10 0.8847222222222223 0.8345679012345678 0.09722222222222214 0.10864197530864203
51 0.32291666666666674 0.2580246913580247 0.09583333333333333 0.11111111111111115
51 0.13402777777777777 0.9481481481481481 0.09583333333333333 0.10370370370370381
51 0.69375 0.7222222222222221 0.0875 0.11604938271604937
10 0.36319444444444465 0.07283950617283949 0.1569444444444445 0.14567901234567898
30 0.1298611111111111 0.2604938271604938 0.10138888888888888 0.12098765432098765
30 0.96875 0.37407407407407406 0.0625 0.10617283950617284
30 0.7881944444444445 0.8333333333333335 0.09305555555555557 0.111111111111111
47 0.2298611111111111 0.37654320987654316 0.09861111111111115 0.106172839506173
47 0.04375 0.8407407407407408 0.0875 0.1160493827160495
26 0.04097222222222222 0.37654320987654316 0.08194444444444444 0.11111111111111108
26 0.69375 0.9444444444444444 0.09305555555555557 0.11111111111111115
26 0.8895833333333334 0.26296296296296295 0.09583333333333328 0.11111111111111115
20 0.23055555555555557 0.6049382716049384 0.09722222222222225 0.11358024691358032
20 0.6979166666666665 0.2617283950617284 0.09583333333333328 0.10864197530864196
63 0.9659722222222222 0.606172839506173 0.06805555555555558 0.11111111111111122
63 0.9673611111111111 0.8407407407407408 0.06527777777777771 0.1160493827160495
63 0.6 0.3790123456790123 0.09999999999999992 0.10617283950617278
63 0.13680555555555554 0.7172839506172839 0.10138888888888889 0.1012345679012347
57 0.7875 0.6037037037037036 0.09444444444444443 0.11111111111111108
22 0.7909722222222223 0.3753086419753086 0.09583333333333328 0.11358024691358018
72 0.04236111111111111 0.6061728395061727 0.08472222222222223 0.1160493827160493
72 0.3270833333333333 0.9419753086419752 0.09861111111111107 0.10617283950617278
72 0.8840277777777777 0.7209876543209875 0.09583333333333328 0.10370370370370367
