81 0.05138888888888889 0.7061728395061729 0.10277777777777777 0.1580246913580246
81 0.05138888888888889 0.3790123456790123 0.10277777777777777 0.16543209876543216
81 0.05138888888888889 0.06419753086419754 0.10277777777777777 0.12839506172839507
81 0.3048611111111111 0.0654320987654321 0.13472222222222222 0.1308641975308642
81 0.56875 0.07283950617283949 0.12916666666666665 0.14567901234567898
81 0.8333333333333335 0.07407407407407407 0.138888888888889 0.14814814814814814
81 0.8305555555555556 0.7061728395061728 0.13333333333333341 0.15308641975308632
81 0.3076388888888889 0.7111111111111111 0.13194444444444448 0.16296296296296306
62 0.05208333333333333 0.8740740740740742 0.10138888888888888 0.15308641975308646
62 0.8291666666666667 0.5506172839506173 0.13333333333333341 0.1580246913580247
62 0.30833333333333335 0.5432098765432098 0.13333333333333333 0.1580246913580247
62 0.9520833333333334 0.07160493827160494 0.09583333333333328 0.14320987654320988
62 0.43819444444444444 0.07407407407407406 0.12916666666666665 0.1481481481481481
5 0.17083333333333336 0.21358024691358024 0.1416666666666667 0.16543209876543205
5 0.949999999999999 0.2222222222222223 0.09999999999999992 0.1580246913580246
73 0.9479166666666667 0.5555555555555555 0.10416666666666657 0.1580246913580247
73 0.6972222222222223 0.23086419753086418 0.13333333333333328 0.15555555555555553
73 0.17430555555555557 0.545679012345679 0.13472222222222224 0.1580246913580247
10 0.17083333333333336 0.8691358024691358 0.13333333333333333 0.15802469135802483
10 0.9479166666666667 0.8827160493827161 0.10416666666666657 0.16543209876543216
10 0.6944444444444444 0.5493827160493828 0.13333333333333336 0.15555555555555564
10 0.3076388888888889 0.3814814814814815 0.13472222222222222 0.1703703703703704
10 0.4375 0.22469135802469137 0.125 0.14814814814814814
10 0.9479166666666667 0.39135802469135805 0.10416666666666657 0.16543209876543216
11 0.6319444444444442 0.39135802469135766 0.4138888888888882 0.15555555555555553
17 0.8263888888888888 0.8728395061728395 0.13055555555555556 0.15555555555555556
17 0.6986111111111112 0.07160493827160494 0.1277777777777778 0.14320987654320988
17 0.16875 0.06790123456790124 0.1375 0.1358024691358025
17 0.05138888888888889 0.545679012345679 0.10277777777777777 0.1679012345679012
82 0.9465277777777777 0.7123456790123457 0.10694444444444443 0.17530864197530868
82 0.05138888888888889 0.21358024691358024 0.10277777777777777 0.16543209876543205
87 0.8326388888888888 0.22592592592592592 0.1291666666666667 0.15555555555555556
87 0.30625 0.2246913580246913 0.13194444444444442 0.1679012345679012
87 0.17569444444444443 0.7037037037037037 0.13749999999999998 0.15308641975308623
