81 0.1111111111111111 0.6975308641975309 0.13888888888888887 0.15555555555555564
81 0.10486111111111111 0.35802469135802467 0.14027777777777778 0.1728395061728395
81 0.3847222222222222 0.36790123456790125 0.1333333333333334 0.16296296296296298
81 0.6576388888888889 0.36296296296296293 0.14027777777777772 0.1530864197530864
81 0.9326388888888889 0.354320987654321 0.13472222222222213 0.16049382716049382
81 0.9291666666666667 0.6987654320987653 0.13611111111111115 0.1629629629629629
81 0.930555555555556 0.04691358024691357 0.133333333333334 0.09382716049382714
81 0.8666666666666667 0.03333333333333333 0.011111111111111143 0.0024691358024691336
5 0.2451388888888889 0.19135802469135804 0.13472222222222222 0.17037037037037034
5 0.7944444444444442 0.854320987654321 0.13333333333333341 0.1728395061728395
73 0.7972222222222223 0.19135802469135804 0.13333333333333328 0.16543209876543208
73 0.014583333333333332 0.18641975308641975 0.029166666666666664 0.16049382716049382
10 0.7909722222222223 0.5271604938271605 0.14027777777777786 0.16543209876543208
10 0.7930555555555556 0.04814814814814815 0.13611111111111115 0.0962962962962963
10 0.10347222222222222 0.05061728395061728 0.14027777777777778 0.10123456790123456
10 0.24791666666666665 0.528395061728395 0.14027777777777775 0.16790123456790126
44 0.93125 0.8654320987654321 0.1375 0.1654320987654323
44 0.7951388888888888 0.6876543209876543 0.13194444444444456 0.16543209876543208
44 0.9340277777777777 0.1851851851851852 0.1291666666666667 0.15802469135802466
44 0.6555555555555556 0.5234567901234568 0.13333333333333322 0.16296296296296298
44 0.2534722222222222 0.7012345679012345 0.14305555555555557 0.15308641975308654
44 0.1076388888888889 0.528395061728395 0.14027777777777778 0.1580246913580247
44 0.01666666666666667 0.36419753086419754 0.03333333333333334 0.1703703703703704
44 0.3895833333333333 0.1950617283950617 0.14583333333333337 0.16296296296296295
44 0.9298611111111111 0.8592592592592593 0.14027777777777772 0.1728395061728395
11 0.4472222222222223 0.05185185185185185 0.4305555555555556 0.1037037037037037
86 0.1125 0.8617283950617284 0.13888888888888887 0.16790123456790113
86 0.2472222222222222 0.3604938271604938 0.1361111111111111 0.16790123456790124
86 0.6583333333333333 0.1950617283950617 0.13333333333333336 0.16790123456790124
86 0.93125 0.519753086419753 0.1375 0.16049382716049387
32 0.7958333333333334 0.36172839506172844 0.14166666666666672 0.16049382716049382
32 0.10555555555555557 0.1925925925925926 0.1416666666666667 0.16296296296296298
16 0.3965277777777778 0.5333333333333333 0.14861111111111114 0.1679012345679012
16 0.019444444444444445 0.7037037037037037 0.03888888888888889 0.16296296296296298
