81 0.5540008991050744 0.4393322190847985 0.07359187340242641 0.08051076748299657
81 0.9474343761411237 0.5931652926683811 0.06307874863065123 0.06900922927113981
5 0.6947150306657568 0.4414887574995211 0.07035706578034169 0.07332230610058581
73 0.9486474289994056 0.36241568229300714 0.06388745053617256 0.07332230610058608
73 0.5556183029161167 0.6032291386037556 0.07197446959138411 0.07188461382410402
10 0.9490517799521662 0.7326214434871429 0.06631355625273613 0.05463230650631914
10 0.8827382236994302 0.5184052942913129 0.06146134481960928 0.07188461382410409
10 0.8835469256049514 0.36169683615476605 0.06146134481960899 0.0805107674829965
10 0.948243078046645 0.4400510652230395 0.06307874863065123 0.0761976906535503
10 0.6219318591688526 0.36097799001652503 0.0703570657803418 0.07907307520651444
10 0.5535965481523138 0.5248749095354822 0.07116576768586313 0.08482384431244278
10 0.6255710177436979 0.680145675395547 0.0679309600637783 0.0761976906535503
11 0.721806544500717 0.5184052942913128 0.2248191297348853 0.08051076748299665
74 0.5507660914829897 0.35810260546356093 0.07520927721346894 0.07907307520651446
74 0.8803121179828668 0.5924464465301401 0.06954836387482075 0.07332230610058608
34 0.5530707400501791 0.6874602492126088 0.07116576768586295 0.07332230610058607
34 0.691884573996434 0.36241568229300714 0.06954836387482075 0.0761976906535503
34 0.8831425746521907 0.4407699113612806 0.062270046725130326 0.06900922927113981
18 0.6231449120271344 0.4400510652230395 0.06793096006377816 0.0761976906535503
18 0.9478387270938843 0.6700818294601725 0.06388745053617242 0.07332230610058615
48 0.8168290183994549 0.3638533745694892 0.06873966196929943 0.07619769065355023
81 0.8160203164939336 0.4407699113612806 0.0703570657803418 0.07763538293003243
80 0.6271884215547401 0.5996349079125503 0.06793096006377829 0.07332230610058615
10 0.6700496225473614 0.2780526183551768 0.08248759436315935 0.09252843722211045
