81 0.043055555555555555 0.9493827160493828 0.08611111111111111 0.10123456790123456
81 0.23263888888888887 0.945679012345679 0.09861111111111111 0.10864197530864189
81 0.04236111111111111 0.719753086419753 0.08472222222222223 0.10617283950617291
81 0.2298611111111111 0.7135802469135802 0.09305555555555557 0.10864197530864203
81 0.04236111111111111 0.4888888888888889 0.08472222222222223 0.11851851851851855
81 0.04097222222222222 0.2530864197530864 0.08194444444444444 0.1160493827160494
81 0.22708333333333336 0.2555555555555556 0.09583333333333335 0.11604938271604943
81 0.4173611111111111 0.2604938271604938 0.09027777777777779 0.1111111111111111
81 0.6041666666666667 0.2617283950617284 0.09166666666666665 0.10864197530864196
81 0.7916666666666665 0.25925925925925924 0.09444444444444443 0.11358024691358022
81 0.9701388888888889 0.2518518518518518 0.05972222222222229 0.11358024691358025
81 0.9680555555555556 0.4950617283950618 0.06388888888888886 0.12098765432098765
81 0.7881944444444444 0.4975308641975309 0.10138888888888886 0.12098765432098765
81 0.7861111111111111 0.7209876543209875 0.09444444444444457 0.10864197530864217
81 0.7826388888888889 0.945679012345679 0.101388888888889 0.10864197530864189
81 0.9666666666666666 0.945679012345679 0.06666666666666671 0.10864197530864189
81 0.9652777777777777 0.7135802469135802 0.06944444444444443 0.1283950617283952
5 0.1326388888888889 0.3728395061728395 0.0958333333333333 0.11358024691358025
5 0.88125 0.608641975308642 0.09305555555555557 0.10123456790123456
73 0.8833333333333334 0.9469135802469136 0.09444444444444443 0.10617283950617278
73 0.13472222222222222 0.6086419753086418 0.09999999999999998 0.11111111111111108
73 0.5104166666666667 0.37654320987654316 0.0930555555555555 0.12098765432098765
10 0.8868055555555556 0.37654320987654316 0.09861111111111115 0.12098765432098765
10 0.8840277777777777 0.834567901234568 0.098611111111111 0.11358024691358025
10 0.32430555555555557 0.8259259259259258 0.09027777777777775 0.10617283950617278
10 0.1326388888888889 0.8320987654320987 0.09027777777777779 0.11358024691358011
10 0.23194444444444443 0.491358024691358 0.09444444444444447 0.11851851851851855
10 0.32291666666666674 0.3765432098765432 0.09861111111111107 0.11604938271604937
10 0.3680555555555555 0.07901234567901234 0.15833333333333335 0.1580246913580247
51 0.13472222222222222 0.9481481481481481 0.09722222222222221 0.10370370370370381
51 0.3236111111111111 0.25925925925925924 0.09444444444444447 0.11358024691358022
30 0.13055555555555554 0.2518518518518518 0.10277777777777777 0.11851851851851851
30 0.7868055555555558 0.8320987654320987 0.09305555555555557 0.10864197530864189
30 0.96875 0.3728395061728395 0.0625 0.11358024691358025
47 0.2298611111111111 0.37407407407407406 0.09583333333333335 0.11111111111111108
47 0.043055555555555555 0.8407407407407408 0.08611111111111111 0.1160493827160495
26 0.04097222222222222 0.37160493827160496 0.08194444444444444 0.11111111111111115
26 0.8909722222222223 0.2617283950617284 0.09583333333333328 0.11358024691358029
20 0.23125 0.6049382716049382 0.09861111111111115 0.11851851851851841
20 0.6979166666666665 0.2641975308641975 0.09305555555555557 0.10864197530864203
63 0.13402777777777777 0.7185185185185184 0.10138888888888889 0.10864197530864203
63 0.6020833333333333 0.38024691358024687 0.09027777777777786 0.11358024691358025
57 0.23125 0.8333333333333335 0.09583333333333335 0.111111111111111
57 0.41875000000000007 0.3765432098765432 0.0958333333333333 0.11604938271604942
57 0.7888888888888889 0.6049382716049382 0.09444444444444443 0.10864197530864196
22 0.7909722222222223 0.3790123456790123 0.09583333333333328 0.12098765432098758
22 0.32569444444444445 0.7135802469135802 0.09027777777777779 0.11358024691358025
72 0.8833333333333334 0.7209876543209875 0.09722222222222214 0.10864197530864217
72 0.32638888888888884 0.9432098765432099 0.09166666666666665 0.10370370370370352
72 0.04166666666666666 0.6074074074074073 0.08333333333333331 0.11358024691358018
72 0.5118055555555556 0.2641975308641975 0.09305555555555557 0.10864197530864203
81 0.41805555555555557 0.7123456790123457 0.10277777777777779 0.11604938271604937
