81 0.2013888888888889 0.13580246913580246 0.12777777777777777 0.1580246913580247
81 0.7097222222222223 0.13827160493827162 0.12222222222222229 0.14814814814814817
81 0.9541666666666666 0.12716049382716046 0.09166666666666672 0.15555555555555553
81 0.9520833333333334 0.4444444444444445 0.09583333333333328 0.15308641975308646
81 0.9506944444444444 0.7530864197530864 0.09861111111111115 0.16296296296296306
5 0.8368055555555556 0.28641975308641976 0.12916666666666657 0.15308641975308646
5 0.07083333333333333 0.2876543209876543 0.14166666666666666 0.15555555555555556
73 0.06944444444444445 0.6074074074074077 0.125 0.1481481481481482
73 0.5833333333333328 0.2901234567901234 0.125 0.14567901234567893
73 0.8375 0.6000000000000001 0.13055555555555556 0.15308641975308646
10 0.8395833333333335 0.9148148148148146 0.126388888888889 0.15555555555555556
10 0.584027777777778 0.9086419753086413 0.12361111111111145 0.16296296296296273
10 0.8375 0.4419753086419753 0.13055555555555556 0.1530864197530864
10 0.33125 0.2888888888888889 0.1291666666666666 0.14814814814814817
71 0.5833333333333335 0.13827160493827162 0.12500000000000008 0.15308641975308643
71 0.2041666666666667 0.291358024691358 0.12222222222222223 0.15308641975308646
11 0.5305555555555556 0.44691358024691363 0.3833333333333332 0.14814814814814825
35 0.20625 0.6049382716049382 0.13194444444444442 0.15308641975308654
35 0.7090277777777778 0.28641975308641976 0.12361111111111114 0.14814814814814808
8 0.06805555555555555 0.13333333333333333 0.1361111111111111 0.1530864197530864
4 0.9527777777777777 0.9209876543209876 0.09444444444444443 0.1580246913580247
4 0.9527777777777777 0.28641975308641976 0.09444444444444443 0.14814814814814808
4 0.2048611111111111 0.9123456790123456 0.13194444444444442 0.16049382716049365
67 0.8368055555555556 0.754320987654321 0.12638888888888886 0.15061728395061721
67 0.8395833333333335 0.12839506172839507 0.126388888888889 0.1530864197530864
67 0.4590277777777778 0.29259259259259257 0.12361111111111114 0.15061728395061733
53 0.9513888888888888 0.5975308641975309 0.09722222222222214 0.15308641975308632
53 0.32986111111111116 0.13950617283950617 0.12638888888888888 0.15061728395061727
81 0.4576388888888889 0.13827160493827162 0.12638888888888894 0.15308641975308643
10 0.20625 0.4481481481481482 0.12916666666666665 0.15061728395061735
10 0.5819444444444443 0.6037037037037037 0.12777777777777782 0.16049382716049376
