81 0.10601719197707737 0.5845272206303725 0.11174785100286534 0.13498885705189437
81 0.32664756446991405 0.5807067812798471 0.10888252148997137 0.12734797835084366
81 0.75 0.5858007004138809 0.10458452722063015 0.12734797835084366
81 0.9577363896848138 0.5883476599808978 0.08452722063037257 0.13244189748487742
81 0.9563037249283667 0.8532314549506527 0.08739255014326659 0.13244189748487742
81 0.9634670487106018 0.05475963069086278 0.07306590257879648 0.10951926138172556
81 0.7571633237822349 0.061127029608404965 0.10744985673352431 0.12225405921680993
81 0.5422636103151863 0.05858007004138809 0.11031518624641834 0.11716014008277618
81 0.325214899713467 0.05985354982489653 0.10601719197707733 0.11970709964979306
81 0.09813753581661892 0.052212671123845894 0.1189111747851003 0.10442534224769179
81 0.1002865329512894 0.30945558739255014 0.12034383954154727 0.13498885705189434
81 0.9598853868194843 0.31709646609360076 0.08022922636103147 0.13498885705189426
62 0.7521489971346704 0.4559057624960204 0.10601719197707724 0.13244189748487742
62 0.8696275071633238 0.05985354982489653 0.11174785100286527 0.11970709964979306
62 0.4348137535816619 0.061127029608404965 0.10458452722063044 0.12225405921680993
62 0.10601719197707737 0.7182425978987584 0.11461318051575932 0.13244189748487742
62 0.328080229226361 0.4482648837949697 0.10888252148997132 0.13244189748487742
62 0.9563037249283667 0.7220630372492836 0.08739255014326659 0.1298949379178606
5 0.8581661891117477 0.9571792422795289 0.10601719197707737 0.0856415154409423
5 0.21561604584527225 0.9609996816300541 0.10744985673352435 0.07800063673989172
5 0.21418338108882523 0.18083412925819803 0.11031518624641837 0.13753581661891118
5 0.8681948424068767 0.18592804839223176 0.10601719197707737 0.13244189748487742
5 0.43553008595988546 0.4533588029290035 0.10315186246418342 0.13244189748487742
5 0.022922636103151862 0.854504934734161 0.045845272206303724 0.1298949379178606
73 0.8631805157593123 0.4584527220630373 0.11031518624641834 0.12225405921680987
73 0.6482808022922637 0.19484240687679083 0.10744985673352446 0.11970709964979305
73 0.2163323782234957 0.4495383635784782 0.10888252148997137 0.12480101878382684
73 0.018624641833810886 0.1693728112066221 0.03724928366762177 0.1349888570518943
73 0.023638968481375356 0.9648201209805793 0.04727793696275071 0.07035975803884113
10 0.8588825214899712 0.7182425978987584 0.10744985673352431 0.12734797835084366
10 0.8638968481375358 0.32346386501114294 0.10315186246418322 0.13244189748487745
10 0.4319484240687679 0.18465456860872334 0.10744985673352431 0.1349888570518943
10 0.2184813753581662 0.714422158548233 0.11031518624641834 0.1248010187838267
10 0.32378223495702 0.3145495065265839 0.10888252148997132 0.13498885705189426
10 0.02148997134670487 0.7182425978987584 0.04297994269340974 0.13244189748487742
10 0.022206303724928367 0.4457179242279528 0.044412607449856735 0.12734797835084372
11 0.5938395415472779 0.32219038522763455 0.34527220630372496 0.1349888570518943
17 0.9570200573065902 0.9609996816300541 0.0859598853868195 0.07800063673989172
17 0.7478510028653296 0.714422158548233 0.10888252148997125 0.1248010187838267
17 0.9598853868194843 0.45717924227952883 0.08022922636103147 0.13498885705189437
17 0.6482808022922636 0.06240050939191341 0.10458452722063036 0.12480101878382682
17 0.21346704871060174 0.059853549824896525 0.11174785100286534 0.11970709964979305
17 0.10530085959885387 0.454632282712512 0.11318051575931234 0.12480101878382677
17 0.33022922636103147 0.714422158548233 0.10458452722063036 0.11970709964979306
82 0.8595988538681948 0.5883476599808978 0.11461318051575944 0.13244189748487742
82 0.9634670487106018 0.18083412925819803 0.07306590257879648 0.13244189748487745
82 0.09742120343839542 0.1795606494746896 0.11461318051575929 0.1248010187838268
82 0.022922636103151862 0.5819802610633557 0.045845272206303724 0.1298949379178606
87 0.8581661891117477 0.8545049347341611 0.10888252148997125 0.13498885705189437
87 0.7564469914040114 0.19102196752626555 0.10601719197707737 0.11716014008277621
87 0.3237822349570201 0.1872015281757402 0.11174785100286531 0.1349888570518943
87 0.21776504297994273 0.5807067812798472 0.11174785100286531 0.12225405921680994
87 0.10315186246418338 0.9584527220630372 0.11747851002865332 0.08309455587392549
10 0.6454154727793697 0.4495383635784782 0.10458452722063044 0.12989493791786053
