81 0.5652766747016397 0.7146394696994608 0.0650713002700882 0.06550685114204313
81 0.6326999496802853 0.3167201930813044 0.0666392834091264 0.07526319067383692
81 0.5684126409797162 0.39825531631129435 0.06820726654816475 0.07944447904460566
81 0.5166691973914532 0.48188108372666877 0.035279620628361104 0.07944447904460566
81 0.9639363878021198 0.5648099697469151 0.06899125811768371 0.08083824183486193
81 0.8969051086082337 0.6449513301866489 0.06507130027008827 0.07944447904460546
81 0.8969051086082337 0.31811395587156066 0.06507130027008827 0.07526319067383697
81 0.6358359159583619 0.6386793976304956 0.06507130027008806 0.07247566509332437
81 0.8298738294143476 0.40034596049667875 0.06585529183960731 0.07247566509332444
10 0.5684126409797162 0.5543567488199933 0.0650713002700882 0.07944447904460546
10 0.634659928604083 0.47839667675102815 0.06428730870056903 0.07805071625434934
10 0.9643283835868792 0.47839667675102815 0.07134323282624123 0.0864132929958869
10 0.8965131128234741 0.3996490791015506 0.0642873087005691 0.07944447904460566
10 0.8969051086082337 0.7181238766751014 0.06820726654816468 0.06411308835178688
10 0.6354439201736023 0.7160332324897171 0.06742327497864566 0.0682943767225555
10 0.5672366536254375 0.31602331168617626 0.06899125811768393 0.08223200462511805
10 0.8310498167686262 0.5578411557956338 0.06036735085297337 0.07247566509332437
56 0.5166691973914534 0.718820758070228 0.032143654350284497 0.06829437672255442
56 0.8965131128234742 0.564113088351787 0.06585529183960731 0.08223200462511819
56 0.6989472373046521 0.3209014814520731 0.06271932556153076 0.08083824183486193
5 0.9658963667259175 0.3975584349161663 0.06663928340912648 0.07805071625434941
5 0.5162772016066937 0.6379825162353676 0.032927645919803655 0.07386942788358063
73 0.7644105333594999 0.3215983628472013 0.06507130027008813 0.07944447904460566
85 0.6362279117431214 0.5613255627712745 0.061151342422492476 0.07665695346409322
10 0.5154932100371746 0.3954677907307819 0.032927645919803725 0.07665695346409322
71 0.9662883625106771 0.31253890471053564 0.06742327497864574 0.0808382418348617
13 0.517845184745732 0.3139326675007919 0.03292764591980358 0.08362576741537435
15 0.9647203793716389 0.7181238766751014 0.07055924125672221 0.06968813951281205
15 0.8298738294143476 0.31881083726668874 0.06428730870056895 0.07944447904460564
15 0.5660606662711588 0.640073160420752 0.06820726654816475 0.07526319067383704
61 0.9647203793716389 0.6435575673963925 0.07055924125672206 0.07944447904460546
61 0.5166691973914532 0.5599317999810183 0.03371163748932275 0.07944447904460575
61 0.6338759370345639 0.40034596049667875 0.06428730870056895 0.07526319067383697
11 0.7914582425079101 0.48257796512179696 0.2179496563263193 0.08083824183486193
