81 0.6060814759161868 0.31356262347997893 0.0678270306369479 0.08162432404856648
81 0.8601719676099842 0.31541772175381 0.06260956674179795 0.07049373440558018
81 0.9806953835879456 0.3079973286584858 0.0386092328241088 0.07420393095324225
81 0.6066032223057019 0.6280017808943428 0.06469655229985805 0.0797692257747353
81 0.9791301444194006 0.6280017808943429 0.04173971116119873 0.07605902922707329
81 0.9796518908089156 0.47124597675561863 0.040696218382168754 0.07420393095324229
5 0.5382544452792389 0.3924043001177988 0.0720010017530678 0.08347942232239745
5 0.9243467735203272 0.3886941035701366 0.06574004507888816 0.07234883267941122
73 0.9253902662993572 0.5473050059826919 0.06782703063694812 0.0816243240485663
73 0.798084147257701 0.39518694752854544 0.05947908840470831 0.07420393095324222
73 0.5408631772268138 0.5482325551196074 0.06678353785791806 0.07605902922707329
71 0.6071249686952167 0.3942593983916299 0.06365305952082814 0.07605902922707329
71 0.7970406544786711 0.31356262347997893 0.06365305952082821 0.07420393095324225
5 0.6712997746055598 0.5482325551196074 0.06260956674179816 0.0797692257747353
10 0.9269555054679023 0.7059159083952471 0.06678353785791799 0.09089981541772175
10 0.9248685199098423 0.466608231071041 0.06260956674179809 0.07605902922707329
10 0.6712997746055598 0.3924043001177988 0.06260956674179816 0.07976922577473544
10 0.6071249686952167 0.47310107502944976 0.06365305952082814 0.08162432404856645
10 0.5403414308372988 0.7114812032167405 0.06782703063694796 0.08347942232239759
35 0.6089058055453797 0.5482938806823787 0.06467930448532855 0.07052439718696554
35 0.8602927023116902 0.3926802651502696 0.06209213230591544 0.06899125811768393
11 0.7572370104984 0.47163692721828554 0.23198310542071213 0.07972323160265687
8 0.5407769381541668 0.6295502513543175 0.06640408593827075 0.07665695346409336
8 0.5381897659747537 0.31065732494368986 0.06985364884415496 0.08585578787978441
8 0.861586288401397 0.5467607416130968 0.06467930448532869 0.07972323160265703
4 0.9801650132911659 0.7100400524916154 0.03966997341766813 0.08125637067193878
4 0.9801650132911659 0.3903805565463467 0.03966997341766813 0.07665695346409322
4 0.6050250472762599 0.7085069134223335 0.06036735085297352 0.07819009253337512
67 0.927559178976432 0.30989075540904887 0.0638169137588578 0.07205753625624758
67 0.927559178976432 0.6257174036811128 0.06899125811768386 0.07512381439481139
53 0.670135547124824 0.31449017261689444 0.06295452303238662 0.07512381439481125
53 0.9793026225646949 0.5482938806823787 0.04139475487061034 0.0797232316026568
