81 0.25625 0.582716049382716 0.11805555555555557 0.13827160493827165
81 0.03958333333333333 0.582716049382716 0.07916666666666666 0.13333333333333328
81 0.04166666666666666 0.8617283950617285 0.08333333333333331 0.13827160493827165
81 0.24444444444444444 0.040740740740740744 0.11666666666666664 0.08148148148148149
81 0.03125000000000001 0.037037037037037035 0.06250000000000001 0.07407407407407407
81 0.035416666666666666 0.2975308641975309 0.07083333333333333 0.14074074074074075
81 0.48194444444444445 0.038271604938271614 0.11666666666666664 0.07654320987654323
81 0.7194444444444444 0.03950617283950617 0.11944444444444458 0.07901234567901234
81 0.9506944444444444 0.03209876543209877 0.09861111111111115 0.06419753086419754
81 0.9472222222222223 0.29259259259259257 0.10555555555555557 0.15061728395061733
81 0.9458333333333334 0.5814814814814815 0.10833333333333328 0.14074074074074083
81 0.9451388888888889 0.862962962962963 0.10972222222222229 0.1407407407407406
81 0.7131944444444446 0.5790123456790123 0.11805555555555557 0.13580246913580246
5 0.8270833333333334 0.9617283950617284 0.11805555555555557 0.07654320987654316
5 0.8368055555555556 0.145679012345679 0.12361111111111114 0.14814814814814814
5 0.12708333333333333 0.14938271604938272 0.12083333333333332 0.14567901234567904
5 0.36875 0.44320987654320987 0.11805555555555557 0.14074074074074075
5 0.14305555555555555 0.9691358024691357 0.11388888888888889 0.06172839506172849
73 0.83125 0.43950617283950616 0.11805555555555544 0.14320987654320988
73 0.5993055555555555 0.1580246913580247 0.11527777777777778 0.13827160493827162
73 0.13333333333333333 0.44074074074074077 0.11666666666666668 0.13580246913580246
10 0.1375 0.7209876543209875 0.11944444444444442 0.1234567901234567
10 0.24861111111111114 0.29876543209876544 0.11666666666666668 0.15308641975308646
10 0.36388888888888893 0.16419753086419753 0.11388888888888889 0.1308641975308642
10 0.8340277777777777 0.29753086419753083 0.11527777777777785 0.13580246913580246
10 0.8291666666666667 0.7197530864197532 0.11666666666666657 0.1358024691358024
11 0.5541666666666667 0.30370370370370364 0.34166666666666656 0.14320987654320977
45 0.8284722222222223 0.8555555555555556 0.11805555555555557 0.1506172839506175
45 0.7173611111111111 0.1469135802469136 0.11805555555555557 0.145679012345679
45 0.24513888888888885 0.14814814814814814 0.11805555555555554 0.14814814814814814
45 0.13819444444444443 0.5851851851851851 0.12083333333333332 0.13333333333333341
46 0.7138888888888889 0.4395061728395062 0.11666666666666671 0.1432098765432098
46 0.25138888888888894 0.4419753086419753 0.11388888888888889 0.13333333333333328
46 0.03888888888888889 0.7271604938271605 0.07777777777777778 0.14074074074074075
46 0.1236111111111111 0.03580246913580247 0.12222222222222222 0.07160493827160494
46 0.6 0.03827160493827161 0.11944444444444442 0.07654320987654321
46 0.9472222222222223 0.7246913580246914 0.10555555555555557 0.14567901234567898
66 0.0375 0.43950617283950594 0.075 0.14320987654320974
66 0.2590277777777778 0.7222222222222223 0.11805555555555554 0.14074074074074075
66 0.3659722222222222 0.0419753086419753 0.11527777777777772 0.0839506172839506
66 0.8416666666666667 0.037037037037037035 0.12222222222222229 0.07407407407407407
66 0.9479166666666667 0.4358024691358024 0.10416666666666657 0.15061728395061727
66 0.9458333333333334 0.9666666666666666 0.10833333333333328 0.06666666666666671
23 0.83125 0.5790123456790123 0.11805555555555543 0.1407407407407407
23 0.9506944444444444 0.14197530864197527 0.09861111111111105 0.1407407407407407
23 0.034722222222222224 0.15185185185185188 0.06944444444444445 0.1506172839506173
