81 0.9197707736389685 0.9686405603311047 0.11461318051575929 0.06271887933779055
81 0.6984240687679083 0.9660936007640879 0.10458452722063044 0.06781279847182432
81 0.053724928366762174 0.9648201209805793 0.10744985673352435 0.07035975803884113
81 0.053724928366762174 0.7386182744348931 0.10744985673352435 0.12734797835084366
81 0.053724928366762174 0.4699140401146133 0.10744985673352435 0.14008277618592807
81 0.04871060171919771 0.20248328557784143 0.09742120343839542 0.14008277618592804
81 0.26575931232091693 0.20248328557784148 0.11031518624641834 0.1349888570518943
81 0.6984240687679084 0.20630372492836677 0.11031518624641834 0.12734797835084372
81 0.9255014326647565 0.19611588666029925 0.11747851002865332 0.13753581661891115
81 0.9219197707736391 0.4686405603311048 0.1189111747851004 0.14262973575294496
81 0.9197707736389685 0.7335243553008596 0.11461318051575929 0.13244189748487756
5 0.595272206303725 0.9660936007640879 0.09312320916905442 0.06781279847182432
5 0.8087392550143266 0.3387456224132442 0.11318051575931236 0.12734797835084366
5 0.15759312320916904 0.3361986628462273 0.10888252148997132 0.1324418974848774
73 0.8065902578796562 0.6010824578159822 0.10601719197707724 0.12734797835084366
73 0.16117478510028654 0.603629417382999 0.10744985673352435 0.13753581661891118
10 0.8051575931232091 0.4699140401146132 0.11174785100286527 0.13498885705189437
10 0.8058739255014327 0.865966252785737 0.11031518624641819 0.13244189748487728
10 0.5916905444126076 0.8634192932187201 0.10315186246418342 0.12734797835084366
51 0.8080229226361033 0.7360713148678764 0.11174785100286541 0.13753581661891118
51 0.37679083094555876 0.2075772047118752 0.1060171919770773 0.1349888570518943
51 0.0494269340974212 0.3349251830627189 0.0988538681948424 0.1349888570518943
57 0.8073065902578795 0.9673670805475963 0.11031518624641834 0.06526583890480736
57 0.9233524355300861 0.3336517032792105 0.11031518624641834 0.13244189748487747
57 0.15544412607449856 0.20248328557784145 0.11031518624641835 0.12480101878382678
57 0.055873925501432664 0.877427570837313 0.11174785100286533 0.12480101878382684
39 0.9197707736389685 0.8723336517032791 0.11174785100286527 0.12989493791786047
39 0.6969914040114614 0.3400191021967527 0.11031518624641834 0.12480101878382677
39 0.05229226361031518 0.6023559375994906 0.10458452722063036 0.12989493791786047
3 0.9190544412607449 0.6023559375994906 0.11604584527220638 0.13498885705189437
3 0.8108882521489972 0.201209805794333 0.11174785100286527 0.1324418974848774
3 0.6984240687679083 0.8672397325692454 0.10171919770773627 0.1298949379178606
65 0.6977077363896848 0.603629417382999 0.10601719197707737 0.12225405921681003
65 0.5916905444126076 0.21012416427889208 0.10315186246418342 0.14008277618592804
65 0.2679083094555874 0.3387456224132442 0.10888252148997137 0.12734797835084366
