81 0.9320690399362216 0.359540297740043 0.06307874863065138 0.07332230610058615
81 0.867372887494528 0.4378945268083163 0.061461344819608854 0.0690092292711399
81 0.6081839267749929 0.43070606542590595 0.06712225815825726 0.07475999837706816
81 0.680158396366377 0.3552272209105967 0.07359187340242641 0.0790730752065144
81 0.8697989932110903 0.7283083666576965 0.05984394100856655 0.05175692195335521
81 0.606970873916711 0.731902597348902 0.0679309600637783 0.04744384512390866
5 0.5370181590891298 0.7362156741783481 0.07035706578034201 0.04744384512390866
5 0.8677772384472885 0.36025914387828395 0.06388745053617229 0.08051076748299657
5 0.5406573176639751 0.42639298859645974 0.07116576768586298 0.07475999837706816
10 0.931664688983461 0.43645683453183426 0.06227004672513004 0.0690092292711399
10 0.9332820927945026 0.7311837512106597 0.06388745053617234 0.05463230650631909
10 0.5378268609946509 0.5061849099412151 0.06550485434721473 0.08482384431244278
10 0.6081839267749929 0.3530706824958736 0.06712225815825726 0.07475999837706819
10 0.6591321468228266 0.2783106841188054 0.07682668102451118 0.07763538293003236
44 0.8022723841000737 0.359540297740043 0.06388745053617256 0.0761976906535503
44 0.5378268609946509 0.6715195217366545 0.0671222581582571 0.07619769065355023
44 0.9308559870779399 0.5946029849448631 0.06550485434721494 0.0747599983770683
32 0.5390399138529328 0.3487576056664274 0.0727831714969053 0.08051076748299653
16 0.5394442648056933 0.5888522158389349 0.0687396619692995 0.07763538293003222
