81 0.05300859598853868 0.7360713148678764 0.10601719197707736 0.13244189748487728
81 0.04871060171919771 0.19738936644380772 0.09742120343839542 0.1298949379178606
81 0.2664756446991404 0.20630372492836677 0.11174785100286534 0.12225405921680992
81 0.6991404011461319 0.2050302451448583 0.10888252148997139 0.13498885705189426
81 0.9255014326647565 0.19611588666029928 0.11747851002865332 0.1477236548869787
81 0.9226361031518623 0.4673670805475963 0.12034383954154797 0.12989493791786055
81 0.920487106017192 0.7373447946513849 0.11318051575931222 0.13498885705189423
81 0.920487106017192 0.9660936007640879 0.11318051575931222 0.06781279847182432
81 0.6969914040114614 0.9648201209805793 0.10744985673352431 0.07035975803884113
81 0.053724928366762174 0.46991404011461313 0.10744985673352435 0.12989493791786053
5 0.5952722063037249 0.9622731614135626 0.09312320916905438 0.0754536771728748
5 0.8094555873925502 0.3336517032792105 0.11174785100286527 0.1273479783508437
5 0.15902578796561603 0.3361986628462273 0.11174785100286531 0.12734797835084374
73 0.8051575931232091 0.6023559375994906 0.10601719197707737 0.13498885705189437
73 0.5902578796561605 0.34383954154727797 0.10315186246418336 0.1273479783508437
73 0.15830945558739254 0.6023559375994906 0.10744985673352435 0.11970709964979306
10 0.8058739255014327 0.8672397325692455 0.10744985673352431 0.12480101878382684
10 0.5931232091690545 0.8646927730022287 0.09742120343839539 0.11461318051575929
10 0.8065902578796562 0.4724609996816301 0.11174785100286527 0.1298949379178606
51 0.05014326647564469 0.3336517032792104 0.10028653295128938 0.13244189748487742
51 0.8065902578796562 0.7347978350843679 0.11174785100286527 0.13498885705189423
51 0.3753581661891118 0.20885068449538366 0.10315186246418336 0.13244189748487745
57 0.8058739255014327 0.9673670805475963 0.10744985673352431 0.06526583890480736
57 0.9240687679083095 0.3361986628462273 0.11174785100286527 0.12734797835084374
57 0.15687679083094555 0.19993632601082456 0.11318051575931234 0.1349888570518943
39 0.919054441260745 0.865966252785737 0.11318051575931236 0.1273479783508438
39 0.6984240687679083 0.3400191021967527 0.10744985673352431 0.12480101878382677
39 0.05300859598853868 0.6023559375994906 0.10601719197707736 0.12989493791786047
3 0.8108882521489972 0.20248328557784148 0.11174785100286527 0.1349888570518943
3 0.9197707736389685 0.6061763769500159 0.11174785100286527 0.1273479783508438
3 0.6962750716332379 0.8672397325692455 0.10315186246418336 0.12480101878382684
65 0.6998567335243553 0.6061763769500159 0.10171919770773641 0.12225405921680994
65 0.5888252148997135 0.20630372492836677 0.10888252148997139 0.12734797835084372
65 0.2693409742120344 0.3361986628462273 0.10888252148997139 0.12734797835084374
81 0.48352435530085963 0.21012416427889208 0.10458452722063044 0.12989493791786055
11 0.5308022922636104 0.46991404011461313 0.35100286532951297 0.12480101878382677
