81 0.9197707736389685 0.7398917542184017 0.11174785100286527 0.1197070996497932
81 0.9262177650429801 0.46736708054759624 0.12750716332378198 0.14008277618592796
81 0.9262177650429799 0.19229544730977394 0.11318051575931236 0.12989493791786053
81 0.6991404011461319 0.2037567653613499 0.10888252148997139 0.13244189748487745
81 0.26647564469914037 0.20757720471187519 0.10888252148997137 0.12989493791786053
81 0.04871060171919771 0.20630372492836674 0.09742120343839542 0.1324418974848774
81 0.053724928366762174 0.7322508755173512 0.10744985673352435 0.13498885705189437
81 0.053724928366762174 0.9699140401146132 0.10744985673352435 0.0601719197707736
81 0.9197707736389685 0.9635466411970711 0.11461318051575929 0.07290671760585794
81 0.6969914040114614 0.9622731614135626 0.10458452722063029 0.0754536771728749
5 0.15830945558739257 0.3336517032792105 0.1131805157593123 0.13244189748487747
5 0.8087392550143266 0.3361986628462273 0.11031518624641834 0.12734797835084374
73 0.5888252148997135 0.34256606176376947 0.10888252148997139 0.12989493791786053
73 0.805157593123209 0.5998089780324737 0.11174785100286537 0.1298949379178606
73 0.16045845272206305 0.6010824578159821 0.11174785100286534 0.13244189748487742
10 0.8051575931232091 0.8672397325692454 0.10888252148997125 0.1298949379178606
10 0.8065902578796562 0.4673670805475963 0.10888252148997125 0.13498885705189423
11 0.5293696275071633 0.46864056033110474 0.3595988538681948 0.12225405921680987
51 0.8065902578796562 0.7373447946513849 0.10601719197707724 0.12989493791786047
51 0.05014326647564469 0.3349251830627189 0.10028653295128938 0.12480101878382686
51 0.3760744985673352 0.20630372492836674 0.11031518624641834 0.1324418974848774
57 0.8087392550143266 0.9660936007640879 0.11031518624641834 0.06781279847182432
57 0.9226361031518624 0.332378223495702 0.11461318051575929 0.13498885705189437
57 0.15687679083094555 0.20248328557784145 0.11031518624641831 0.12989493791786053
57 0.0522922636103152 0.8697866921362621 0.1045845272206304 0.1298949379178606
39 0.05229226361031518 0.6010824578159822 0.10458452722063036 0.12734797835084366
39 0.6977077363896848 0.3387456224132442 0.10888252148997125 0.13244189748487745
39 0.9190544412607449 0.8710601719197707 0.11604584527220638 0.13753581661891132
3 0.9204871060171921 0.6074498567335244 0.11318051575931219 0.1400827761859281
3 0.8116045845272205 0.2037567653613499 0.11031518624641834 0.13244189748487745
3 0.16404011461318052 0.9635466411970711 0.10458452722063039 0.07290671760585794
65 0.5888252148997135 0.2037567653613499 0.10315186246418342 0.12734797835084366
65 0.2686246418338109 0.3400191021967527 0.10744985673352439 0.12989493791786053
81 0.05229226361031518 0.4673670805475963 0.10458452722063036 0.12989493791786053
