81 0.5158816320130082 0.6232914808255738 0.031612892670373045 0.06665664190962374
81 0.5136760813615868 0.33771351499708774 0.027201791367530318 0.07319160680272412
81 0.6154990031022071 0.34359498340087813 0.05734431693695576 0.071884613824104
81 0.8426707201986084 0.342941486911568 0.0544035827350605 0.06534964893100362
81 0.9577269458477567 0.33967400446501783 0.05807950048742939 0.06665664190962371
81 0.9573593540725198 0.4808292461559859 0.05881468403790322 0.06927062786686385
81 0.8419355366481347 0.4801757496666758 0.05881468403790322 0.07057762084548394
81 0.9551538034210987 0.6167565159324735 0.05734431693695569 0.06927062786686392
5 0.8970743029336691 0.5500998740228497 0.05734431693695569 0.06665664190962389
5 0.5596250532661988 0.5520603634907798 0.05734431693695565 0.06796363488824389
5 0.784591219711179 0.412865611267742 0.05734431693695583 0.06665664190962381
73 0.672108136488689 0.41155861828912194 0.05440358273506035 0.07188461382410416
73 0.8989122618098535 0.7369998699655202 0.05513876628553447 0.03790279637998225
10 0.897441894708906 0.6866806402886475 0.05660913338648186 0.0653496489310038
10 0.8992798535850904 0.41155861828912194 0.05587394983600831 0.06404265595238363
10 0.7853264032616528 0.4801757496666758 0.05734431693695583 0.06534964893100359
10 0.5585222779404881 0.4095981288211918 0.06102023468932472 0.0679636348882439
10 0.5603602368166727 0.6906016192245076 0.05881468403790336 0.07057762084548386
11 0.6438035697954474 0.48213623913460524 0.17864960276513048 0.07188461382410391
10 0.5140436731368238 0.4801757496666758 0.027936974918004082 0.06534964893100359
40 0.8992798535850903 0.341634493932948 0.05734431693695583 0.06534964893100362
40 0.6217480632812337 0.6886411297565754 0.055138766285533596 0.06404265595238354
2 0.6746812789153472 0.3435949834008779 0.05954986758837711 0.07188461382410394
2 0.5136760813615868 0.412212114778432 0.027201791367530318 0.0679636348882439
2 0.9551538034210987 0.6879876332672674 0.05881468403790322 0.06534964893100366
45 0.5607278285919095 0.6219844878469537 0.06102023468932472 0.06665664190962381
45 0.8430383119738454 0.5507533705121598 0.0536683991845868 0.06534964893100373
52 0.9930157562704989 0.6174100124217835 0.013968487459002149 0.06534964893100366
52 0.8426707201986084 0.41025162531050186 0.055873949836008165 0.06404265595238363
52 0.6180721455288652 0.5500998740228497 0.05513876628553433 0.06404265595238356
70 0.8978094864841429 0.6161030194431635 0.055873949836008165 0.06534964893100373
70 0.7827532608349946 0.343594983400878 0.059549867588377055 0.06665664190962371
70 0.5162492237882451 0.5500998740228498 0.02940734201895168 0.07188461382410409
70 0.6173369619783915 0.41155861828912194 0.059549867588377194 0.06404265595238363
33 0.5155140402377714 0.6919086122031277 0.03234807622084681 0.0679636348882437
33 0.5566843190643037 0.3403275009543279 0.06028505113885089 0.07057762084548386
33 0.9562565787468092 0.5500998740228497 0.05660913338648186 0.06927062786686392
42 0.9569917622972831 0.41090512179981187 0.05660913338648186 0.06273566297376355
