81 0.5438186069310125 0.48712657596206443 0.052198032083639205 0.056200698080663185
81 0.5430834233805386 0.6093304194630413 0.0551387662855344 0.06012167701652345
81 0.5416130562795911 0.7295737734960881 0.0551387662855344 0.04705174723032258
81 0.6441711615706851 0.7269597875388478 0.049992481432217704 0.04705174723032258
81 0.647479487547817 0.4858195829834443 0.04925729788174408 0.05881468403790336
81 0.9478019679163608 0.7302272699853981 0.0544035827350605 0.04835874020894252
5 0.5963842307898886 0.5459412599999677 0.05146284853316544 0.061428669995143396
5 0.8941335687317741 0.5531297213823781 0.05146284853316544 0.06012167701652324
73 0.594546271913704 0.6733730754154249 0.05072766498269168 0.057507691059283134
73 0.8948687522822479 0.6772940543512851 0.048522114331270245 0.06012167701652331
10 0.6456415286716326 0.6099839159523514 0.04558138012937519 0.06404265595238372
10 0.7213654343704329 0.35577378161074696 0.08528129185495996 0.16206712934888917
10 0.8959715276079586 0.6171723773347617 0.04925729788174408 0.06273566297376362
71 0.6982071525305087 0.49170105138723463 0.04925729788174408 0.06273566297376362
71 0.9463316008154133 0.5537832178716882 0.0514628485331653 0.061428669995143396
19 0.9463316008154132 0.6792545438192152 0.0544035827350605 0.06404265595238343
19 0.5956490472394147 0.4884335689406845 0.049992481432217774 0.061428669995143535
19 0.8426707201986088 0.5531297213823781 0.0514628485331653 0.06012167701652324
1 0.6463767122221065 0.6714125859474949 0.049992481432217704 0.056200698080663185
1 0.5427158316053017 0.549208742446518 0.05293321563411304 0.06012167701652331
1 0.8952363440574849 0.7341482489212584 0.04925729788174408 0.043130768294462454
49 0.647479487547817 0.549208742446518 0.05072766498269161 0.06012167701652331
49 0.9863991043162349 0.7380692278571185 0.027201791367530176 0.05097272616618284
50 0.5941786801384672 0.7269597875388478 0.05146284853316544 0.04705174723032258
71 0.5427158316053017 0.6753335648833549 0.05440358273506057 0.061428669995143396
81 0.9466991925906502 0.6184793703133817 0.053668399184586664 0.06273566297376355
