81 0.19412607449856728 0.7589939509710285 0.10744985673352431 0.12734797835084344
81 0.19054441260744986 0.23304680038204395 0.11461318051575932 0.1248010187838268
81 0.4047277936962751 0.23559375994906076 0.10744985673352428 0.12989493791786047
81 0.6131805157593123 0.23559375994906082 0.11174785100286534 0.12989493791786053
81 0.833810888252149 0.4902897166507482 0.11174785100286527 0.1298949379178606
81 0.829512893982808 0.7424387137854187 0.10601719197707737 0.1298949379178606
81 0.8287965616045845 0.9686405603311047 0.10458452722063044 0.06271887933779055
5 0.3030085959885387 0.6252785737026424 0.10171919770773641 0.12989493791786053
5 0.0802292263610315 0.3642152180834129 0.11747851002865328 0.1324418974848774
5 0.7227793696275071 0.361668258516396 0.10458452722063044 0.12225405921680994
5 0.9412607449856734 0.6240050939191341 0.10888252148997139 0.12734797835084358
73 0.08166189111747851 0.626552053486151 0.11461318051575929 0.12734797835084366
73 0.7199140401146132 0.6201846545686087 0.10744985673352446 0.119707099649793
73 0.9391117478510028 0.9750079592486469 0.11318051575931236 0.0499840815027062
10 0.9405444126074499 0.8837949697548553 0.11031518624641834 0.12734797835084366
10 0.9448424068767909 0.3603947787328876 0.11031518624641834 0.12989493791786055
10 0.7227793696275071 0.492836676217765 0.09885386819484239 0.1248010187838269
10 0.3015759312320917 0.3654886978669214 0.11318051575931232 0.13498885705189426
10 0.19484240687679083 0.492836676217765 0.11174785100286534 0.12989493791786047
10 0.08022922636103154 0.8965297675899396 0.10888252148997137 0.12734797835084366
10 0.29799426934097417 0.8787010506208213 0.0945558739255014 0.12734797835084366
51 0.19484240687679083 0.8914358484559056 0.10601719197707737 0.11206622094874248
51 0.2987106017191977 0.23686723973256923 0.10744985673352435 0.13244189748487742
11 0.4706303724928367 0.4966571155682904 0.3424068767908309 0.1222540592168098
39 0.8309455587392551 0.8787010506208213 0.10601719197707737 0.12225405921681003
39 0.3022922636103152 0.7551735116205031 0.10601719197707742 0.1298949379178606
39 0.9462750716332379 0.2241324418974849 0.10744985673352431 0.1273479783508437
39 0.6189111747851003 0.36166825851639606 0.10601719197707744 0.13244189748487745
57 0.8345272206303724 0.3629417382999045 0.11031518624641834 0.12480101878382684
57 0.07521489971346705 0.2254059216809933 0.11604584527220631 0.1349888570518943
57 0.1934097421203438 0.6240050939191341 0.10888252148997137 0.12225405921681003
3 0.8309455587392551 0.6201846545686088 0.10601719197707737 0.1298949379178606
3 0.4075931232091691 0.3693091372174467 0.10744985673352439 0.12225405921680992
3 0.7256446991404012 0.22922636103151858 0.10744985673352431 0.1273479783508437
3 0.08452722063037249 0.7615409105380452 0.11747851002865328 0.13244189748487742
65 0.9412607449856734 0.752626552053486 0.11174785100286527 0.1298949379178606
65 0.19197707736389685 0.3642152180834129 0.11174785100286533 0.1324418974848774
81 0.8345272206303724 0.23177332059853548 0.10458452722063029 0.1273479783508437
