81 0.530952894797721 0.6564237528335929 0.061461344819608854 0.07475999837706823
81 0.6591321468228264 0.5011529869735282 0.06227004672513019 0.06900922927113981
81 0.9069992808650653 0.5011529869735282 0.06469615244169362 0.06325846016521154
81 0.9688649766374349 0.4285495270111831 0.062270046725130326 0.06757153699465782
81 0.9716954333067589 0.7204010591370456 0.056609133386482144 0.061820767888729616
5 0.5968621000976964 0.49971529469704606 0.06227004672513004 0.06900922927113981
5 0.9049775261012624 0.4285495270111831 0.06388745053617242 0.06469615244169354
73 0.8443248831871746 0.5004341408352871 0.060652642914087666 0.06757153699465775
10 0.969673678542956 0.5004341408352871 0.06065264291408795 0.06757153699465775
10 0.9090210356288683 0.5737564469358731 0.0655048543472148 0.07907307520651444
10 0.5960533981921753 0.5787883699035605 0.06388745053617229 0.07475999837706816
10 0.6595364977755871 0.4314249115641472 0.058226537197524166 0.07044692154762196
10 0.7044194535320103 0.3171283755838214 0.0768266810245111 0.14664461220117145
71 0.5968621000976964 0.4307060654259062 0.06227004672513004 0.07188461382410402
11 0.751728515005 0.5723187546593906 0.21511470686863113 0.07619769065354988
8 0.9090210356288683 0.6499541375894234 0.06388745053617256 0.07044692154762196
8 0.532974649561524 0.5040283715264923 0.062270046725130326 0.0690092292711399
35 0.6005012586725418 0.6542672144188698 0.07278317149690522 0.07332230610058615
35 0.8443248831871748 0.4307060654259062 0.06227004672513019 0.0690092292711399
4 0.530952894797721 0.7268706743812149 0.05660913338648186 0.06325846016521154
67 0.9704823804484772 0.6528295221423878 0.05903523910304543 0.07619769065355037
67 0.5325702986087635 0.43214375770238833 0.06307874863065145 0.07188461382410402
67 0.5984795039087387 0.729746058934179 0.07520927721346879 0.06613384471817568
53 0.9118514922981924 0.7218387514135276 0.066313556252736 0.05606999878280121
