81 0.034383954154727794 0.8099331423113659 0.06876790830945559 0.12225405921681003
81 0.2378223495702006 0.8010187838268067 0.11461318051575933 0.12480101878382684
81 0.22994269340974213 0.2878064310729067 0.10458452722063033 0.12734797835084366
81 0.0336676217765043 0.2865329512893983 0.0673352435530086 0.1197070996497931
81 0.4398280802292264 0.2903533906399236 0.10315186246418342 0.12225405921680992
81 0.6489971346704871 0.2903533906399236 0.10601719197707744 0.12225405921680992
81 0.8631805157593123 0.2865329512893983 0.10458452722063029 0.12480101878382684
81 0.8603151862464183 0.5412289079910856 0.11318051575931236 0.12989493791786053
81 0.8581661891117478 0.7971983444762815 0.10315186246418336 0.13244189748487742
5 0.12392550143266476 0.6800382043935052 0.10744985673352439 0.12734797835084372
5 0.7564469914040114 0.6736708054759631 0.10028653295128934 0.12480101878382684
5 0.9598853868194843 0.413880929640242 0.08022922636103147 0.12480101878382684
73 0.33954154727793695 0.4164278892072588 0.10601719197707733 0.11970709964979306
10 0.9570200573065902 0.9309137217446672 0.0859598853868195 0.1248010187838267
10 0.7550143266475641 0.41770136899076726 0.10028653295128934 0.1273479783508438
10 0.9598853868194843 0.2852594715058898 0.08022922636103147 0.13244189748487742
10 0.12464183381088825 0.4164278892072588 0.11174785100286531 0.12480101878382684
10 0.03510028653295128 0.5488697866921362 0.07020057306590256 0.1349888570518943
10 0.12464183381088825 0.9342566061763771 0.11174785100286531 0.13148678764724608
10 0.9577363896848138 0.6749442852594715 0.08452722063037257 0.12734797835084366
10 0.17406876790830936 0.0789557465775231 0.18194842406876796 0.1579114931550462
11 0.3123209169054441 0.5450493473416109 0.3868194842406876 0.13244189748487742
40 0.23925501432664756 0.9321872015281758 0.11174785100286534 0.12225405921680974
40 0.7557306590257881 0.2903533906399236 0.10458452722063044 0.1273479783508437
40 0.44269340974212024 0.4126074498567334 0.10315186246418344 0.11716014008277616
2 0.8603151862464183 0.9283667621776505 0.10744985673352431 0.13498885705189437
2 0.33954154727793695 0.2903533906399236 0.10601719197707733 0.12225405921680992
2 0.0336676217765043 0.42024832855778416 0.0673352435530086 0.12225405921680987
45 0.12464183381088827 0.8086596625278574 0.10888252148997137 0.12480101878382698
52 0.9570200573065902 0.8010187838268067 0.0859598853868195 0.12989493791786047
52 0.6497134670487107 0.4113339700732251 0.10171919770773634 0.11970709964979306
52 0.23638968481375358 0.6723973256924546 0.11461318051575933 0.12225405921680987
70 0.034383954154727794 0.6787647246099968 0.06876790830945559 0.1248010187838269
70 0.23280802292263608 0.4177013689907673 0.10744985673352435 0.11716014008277618
33 0.035100286532951296 0.9393505253104106 0.07020057306590259 0.12129894937917868
33 0.12034383954154727 0.2839859917223814 0.11174785100286533 0.12480101878382684
33 0.8595988538681948 0.673670805475963 0.10601719197707724 0.12989493791786053
42 0.8624641833810888 0.4164278892072588 0.10601719197707724 0.12480101878382684
