81 0.18839541547277935 0.7564469914040114 0.11318051575931234 0.12734797835084366
81 0.1819484240687679 0.23177332059853548 0.11174785100286534 0.13244189748487745
81 0.40401146131805166 0.23814071951607768 0.11174785100286534 0.12989493791786053
81 0.6124641833810888 0.23814071951607765 0.10744985673352431 0.1248010187838268
81 0.830945558739255 0.22922636103151858 0.10888252148997139 0.1273479783508437
81 0.826647564469914 0.4915631964342566 0.10888252148997139 0.13244189748487734
5 0.3001432664756447 0.6252785737026424 0.1045845272206304 0.1248010187838267
5 0.07091690544412607 0.36421521808341295 0.11031518624641834 0.12225405921680994
5 0.7170487106017193 0.3629417382999045 0.10744985673352431 0.11970709964979306
73 0.07593123209169055 0.6278255332696594 0.11461318051575932 0.12480101878382677
73 0.9333810888252149 0.9724609996816301 0.11031518624641834 0.05507800063673983
10 0.2987106017191977 0.883794969754855 0.10171919770773641 0.13244189748487742
10 0.07736389684813753 0.8939828080229227 0.11461318051575932 0.12734797835084366
10 0.18839541547277938 0.4915631964342566 0.11031518624641835 0.13753581661891118
10 0.29584527220630374 0.3667621776504298 0.10744985673352439 0.13244189748487742
10 0.7134670487106017 0.492836676217765 0.10315186246418336 0.12989493791786047
10 0.9391117478510028 0.3565743393823623 0.11318051575931236 0.1273479783508437
10 0.9326647564469914 0.8787010506208213 0.10601719197707737 0.11716014008277612
51 0.18982808022922637 0.8888888888888888 0.11031518624641834 0.12225405921680987
51 0.2936962750716332 0.23432028016555237 0.10601719197707737 0.13244189748487742
57 0.18839541547277938 0.6214581343521172 0.11031518624641835 0.13244189748487728
57 0.0680515759312321 0.2279528812480102 0.1189111747851003 0.14008277618592807
57 0.8287965616045845 0.3578478191658707 0.10744985673352431 0.12989493791786055
39 0.2994269340974212 0.7539000318369946 0.10601719197707733 0.11716014008277625
39 0.6103151862464183 0.3629417382999045 0.10601719197707744 0.12480101878382684
39 0.9391117478510028 0.22285896211397646 0.11031518624641834 0.11970709964979306
3 0.07449856733524354 0.7640878701050621 0.11461318051575929 0.1273479783508438
3 0.40257879656160456 0.3629417382999045 0.1060171919770773 0.12480101878382684
3 0.8237822349570201 0.6214581343521172 0.10601719197707737 0.12734797835084385
3 0.7199140401146132 0.22922636103151858 0.10171919770773641 0.1273479783508437
65 0.18553008595988538 0.3565743393823623 0.11318051575931232 0.1273479783508437
11 0.4734957020057307 0.492836676217765 0.35386819484240684 0.1349888570518943
