81 0.034383954154727794 0.8124801018783826 0.06876790830945559 0.13244189748487742
81 0.23495702005730656 0.8073861827443488 0.10601719197707733 0.11716014008277612
81 0.8603151862464183 0.8010187838268067 0.10744985673352431 0.12480101878382684
81 0.8581661891117477 0.5501432664756447 0.11174785100286541 0.12734797835084358
81 0.8638968481375358 0.2878064310729067 0.10601719197707737 0.12225405921680998
81 0.6518624641833811 0.28653295128939826 0.10315186246418342 0.12989493791786053
81 0.23209169054441262 0.28653295128939826 0.10601719197707733 0.12989493791786053
81 0.032234957020057305 0.28525947150588987 0.06446991404011461 0.12225405921680994
5 0.12249283667621773 0.6736708054759631 0.11031518624641835 0.12480101878382704
5 0.9584527220630372 0.41133397007322514 0.08309455587392549 0.12480101878382677
10 0.9570200573065902 0.9296402419611589 0.0859598853868195 0.13753581661891132
10 0.754297994269341 0.9270932823941419 0.10171919770773627 0.13244189748487742
10 0.9577363896848138 0.6749442852594715 0.08452722063037257 0.12734797835084366
10 0.9598853868194843 0.28143903215536453 0.08022922636103147 0.12480101878382677
10 0.12177650429799428 0.4100604902897167 0.11174785100286534 0.13753581661891118
10 0.12750716332378226 0.9368035657433939 0.10888252148997134 0.1263928685132123
10 0.032234957020057305 0.5488697866921362 0.06446991404011461 0.12989493791786053
10 0.339541547277937 0.9309137217446678 0.10601719197707739 0.1248010187838268
10 0.3424068767908309 0.6622094874243872 0.10315186246418338 0.13244189748487747
10 0.18123209169054447 0.0764087870105062 0.16189111747851 0.1528175740210124
40 0.23352435530085958 0.9334606813116841 0.10315186246418336 0.11970709964979293
40 0.7550143266475646 0.2878064310729067 0.10601719197707737 0.12734797835084366
2 0.8624641833810888 0.9321872015281758 0.10601719197707724 0.12734797835084366
2 0.33595988538681953 0.2878064310729067 0.10458452722063036 0.12734797835084366
2 0.032234957020057305 0.4177013689907673 0.06446991404011461 0.11716014008277618
45 0.12750716332378226 0.8073861827443488 0.10888252148997134 0.12225405921681003
52 0.9563037249283667 0.8010187838268068 0.08739255014326659 0.14008277618592813
52 0.6504297994269342 0.4164278892072588 0.10315186246418342 0.10951926138172553
70 0.03581661891117478 0.6749442852594715 0.07163323782234957 0.12734797835084366
70 0.7535816618911175 0.8010187838268067 0.10315186246418322 0.12989493791786047
70 0.23137535816618912 0.4189748487742757 0.10458452722063036 0.12480101878382677
33 0.03510028653295129 0.9393505253104106 0.07020057306590258 0.12129894937917868
33 0.336676217765043 0.795924864692773 0.10028653295128943 0.12989493791786047
33 0.12249283667621774 0.2852594715058898 0.11318051575931232 0.13244189748487742
42 0.8610315186246419 0.41133397007322514 0.10315186246418322 0.12480101878382677
52 0.23495702005730656 0.6749442852594715 0.10601719197707733 0.12225405921681003
