81 0.5566843190643038 0.7295262464786838 0.05146284853316537 0.04182377531584223
81 0.5607278285919096 0.4896930349019002 0.05072766498269154 0.05881468403790336
81 0.6621831585572928 0.4903465313912102 0.04778693078079641 0.05489370510204303
81 0.9636084142515473 0.7367147078610943 0.05513876628553431 0.032674824465501885
81 0.9643435978020213 0.49557450330569053 0.053668399184586664 0.06012167701652338
81 0.5588898697157252 0.6125503748921871 0.049992481432217704 0.056200698080663185
81 0.9639760060267843 0.6197388362745975 0.055873949836008165 0.06534964893100373
5 0.612190677125075 0.5491612154291136 0.04925729788174408 0.06012167701652338
5 0.9099400150669607 0.5563496768115239 0.052198032083639274 0.061428669995143396
73 0.6107203100241274 0.6733255483980204 0.04925729788174415 0.06012167701652331
73 0.517351999113956 0.5498147119184236 0.031612892670373045 0.056200698080663185
10 0.7364366971551459 0.36030073001851287 0.08895720960732874 0.1529181784985486
10 0.5158816320130084 0.6765930308445708 0.03308325977132064 0.06404265595238376
71 0.9636084142515474 0.5576566697901439 0.052198032083639136 0.061428669995143535
71 0.7147487824161689 0.4896930349019002 0.05293321563411297 0.05881468403790336
19 0.9643435978020213 0.6831279957376711 0.05513876628553433 0.06665664190962389
19 0.6118230853498382 0.4883860419232801 0.05146284853316551 0.05881468403790322
1 0.5607278285919096 0.5491612154291136 0.052198032083639136 0.0575076910592832
49 0.6625507503325296 0.5504682084077334 0.04852211433127036 0.05750769105928335
49 0.5147788566872977 0.732793728925234 0.030877709119899278 0.043130768294462316
49 0.9114103821679084 0.49426751032707045 0.052198032083639274 0.06796363488824383
50 0.517351999113956 0.48577205596603995 0.03308325977132064 0.05881468403790322
