81 0.18982808022922637 0.696593441579115 0.11031518624641834 0.1298949379178606
81 0.4169054441260745 0.9508118433619868 0.11461318051575929 0.09837631327602665
81 0.8775071633237823 0.9635466411970711 0.11604584527220638 0.07290671760585794
81 0.9691977077363896 0.854504934734161 0.06160458452722068 0.1298949379178606
81 0.8760744985673352 0.4329831263928685 0.12177650429799428 0.13244189748487747
81 0.9706303724928363 0.29672078955746584 0.05873925501432665 0.1349888570518942
5 0.3037249283667622 0.9495383635784782 0.11747851002865328 0.1009232728430436
5 0.30873925501432664 0.4253422476918179 0.11318051575931229 0.13244189748487742
10 0.9706303724928367 0.9648201209805793 0.05873925501432666 0.07035975803884113
10 0.874641833810888 0.5768863419293214 0.11604584527220671 0.14517669531996172
10 0.30802292263610315 0.5666985036612543 0.11174785100286534 0.14008277618592807
10 0.42120343839541546 0.2967207895574658 0.10888252148997139 0.12989493791786055
10 0.4999999999999997 0.11716014008277614 0.16045845272206324 0.23432028016555229
44 0.9691977077363896 0.7131486787647247 0.06160458452722068 0.13244189748487742
44 0.18624641833810887 0.952085323145495 0.11174785100286534 0.09582935370900998
44 0.3015759312320917 0.8290353390639925 0.1103151862464183 0.13498885705189437
86 0.19269340974212035 0.4253422476918179 0.1131805157593123 0.13753581661891118
32 0.18839541547277938 0.8354027379815346 0.11031518624641835 0.13244189748487756
32 0.30873925501432664 0.2929003502069405 0.11604584527220627 0.14262973575294496
16 0.30659025787965616 0.6953199617956065 0.11747851002865324 0.14262973575294496
16 0.19197707736389685 0.291626870423432 0.11174785100286533 0.12989493791786055
44 0.7693409742120343 0.2903533906399236 0.10028653295128934 0.14262973575294496
81 0.421919770773639 0.4304361668258517 0.10744985673352439 0.12734797835084372
73 0.417621776504298 0.8328557784145176 0.11318051575931236 0.13244189748487742
