81 0.04083094555873926 0.954632282712512 0.08166189111747851 0.09073543457497607
81 0.04297994269340974 0.4444444444444444 0.08595988538681948 0.11970709964979306
81 0.248567335243553 0.452085323145495 0.10171919770773641 0.12989493791786053
81 0.46203438395415475 0.4533588029290035 0.10458452722063036 0.11716014008277625
81 0.666189111747851 0.4520853231454951 0.09455587392550142 0.11970709964979306
81 0.8760744985673352 0.4609996816300541 0.10744985673352431 0.12734797835084372
81 0.8753581661891119 0.7220630372492836 0.11174785100286541 0.1298949379178606
81 0.8760744985673352 0.9559057624960203 0.10744985673352431 0.08818847500795926
5 0.14040114613180515 0.5768863419293219 0.10888252148997137 0.11970709964979306
5 0.7679083094555874 0.5896211397644062 0.10315186246418336 0.11970709964979306
5 0.9648997134670486 0.8519579751671442 0.0702005730659026 0.12480101878382698
73 0.14040114613180518 0.8379496975485514 0.10601719197707737 0.12225405921681003
73 0.7679083094555874 0.8468640560331104 0.10315186246418336 0.11461318051575929
10 0.9648997134670486 0.5921680993314231 0.0702005730659026 0.11970709964979315
10 0.7657593123209169 0.7131486787647247 0.10744985673352431 0.12225405921680987
10 0.24713467048710602 0.7067812798471824 0.10171919770773641 0.1298949379178606
10 0.3560171919770774 0.5819802610633557 0.1045845272206304 0.12480101878382677
10 0.4090257879656162 0.16809933142311365 0.19627507163323782 0.3107290671760586
71 0.8746418338108883 0.5908946195479146 0.10458452722063044 0.11716014008277618
71 0.042263610315186245 0.8404966571155683 0.08452722063037249 0.13244189748487742
71 0.3574498567335243 0.45717924227952883 0.10458452722063036 0.13498885705189437
19 0.8760744985673352 0.8506844953836358 0.11318051575931236 0.13244189748487742
19 0.14255014326647564 0.4457179242279528 0.11031518624641834 0.12734797835084372
19 0.666189111747851 0.5807067812798472 0.1002865329512894 0.13244189748487747
1 0.24570200573065903 0.8379496975485514 0.09885386819484243 0.1273479783508438
1 0.042263610315186245 0.5756128621458134 0.08452722063037249 0.13244189748487742
49 0.9641833810888252 0.9597262018465458 0.07163323782234954 0.08054759630690868
49 0.7679083094555874 0.4559057624960204 0.10315186246418336 0.13244189748487742
49 0.251432664756447 0.5781598217128302 0.10744985673352435 0.12734797835084372
50 0.13896848137535817 0.952085323145495 0.10888252148997137 0.09582935370900998
50 0.9656160458452723 0.4609996816300541 0.06876790830945552 0.12225405921680987
81 0.24498567335243557 0.9495383635784782 0.10315186246418338 0.1009232728430436
81 0.04297994269340974 0.7067812798471823 0.08595988538681948 0.12480101878382684
