81 0.07951289398280802 0.6010824578159821 0.1303724928366762 0.13244189748487742
81 0.33166189111747857 0.3069086278255333 0.1189111747851003 0.1349888570518943
81 0.8137535816618912 0.30945558739255014 0.1203438395415472 0.1248010187838268
81 0.9348137535816619 0.1668258516396052 0.12464183381088816 0.13498885705189428
81 0.936246418338109 0.7373447946513849 0.1246418338108883 0.14008277618592813
81 0.8137535816618912 0.8761540910538045 0.11747851002865332 0.13753581661891118
5 0.20916905444126077 0.30308818847500796 0.12320916905444129 0.1426297357529449
5 0.8116045845272207 0.17446673034065582 0.1189111747851004 0.12989493791786055
73 0.6912607449856734 0.31200254695956703 0.11318051575931236 0.13498885705189426
10 0.9383954154727795 0.8850684495383636 0.12320916905444122 0.14517669531996177
10 0.8180515759312321 0.9801018783826807 0.11461318051575944 0.039796243234638665
10 0.6898280802292263 0.5908946195479147 0.11318051575931229 0.13244189748487728
10 0.8094555873925502 0.452085323145495 0.11747851002865332 0.14008277618592807
10 0.9326647564469914 0.30945558739255014 0.12320916905444122 0.140082776185928
10 0.3345272206303725 0.16682585163960525 0.12177650429799428 0.1451766953199618
10 0.21346704871060174 0.4508118433619866 0.12607449856733524 0.14262973575294496
10 0.41762177650429777 0.04584527220630375 0.14756446991403982 0.0916905444126075
71 0.20773638968481378 0.1630054122890799 0.12320916905444125 0.1426297357529449
71 0.336676217765043 0.5959885386819485 0.11747851002865332 0.14772365488697872
11 0.5193409742120343 0.4508118433619866 0.41404011461318047 0.14262973575294496
35 0.21060171919770773 0.5972620184654568 0.12320916905444128 0.12989493791786053
35 0.6919770773638967 0.17064629099013054 0.11461318051575929 0.13753581661891118
8 0.8130372492836676 0.5896211397644062 0.11604584527220638 0.14008277618592807
8 0.080945558739255 0.3018147086914995 0.1275071633237822 0.12989493791786053
4 0.07951289398280803 0.7449856733524355 0.1361031518624642 0.14517669531996177
4 0.9398280802292264 0.9762814390321555 0.1203438395415472 0.04743712193568925
67 0.9348137535816619 0.5908946195479147 0.12464183381088816 0.13244189748487728
67 0.07951289398280803 0.15791149315504616 0.1332378223495702 0.1477236548869787
67 0.21060171919770773 0.7424387137854187 0.12607449856733524 0.1298949379178606
53 0.8116045845272207 0.7335243553008596 0.11604584527220624 0.13753581661891104
53 0.07879656160458452 0.8978032473734479 0.12893982808022922 0.140082776185928
