81 0.03151862464183382 0.952085323145495 0.06303724928366763 0.09582935370900998
81 0.2342406876790831 0.9469914040114614 0.11318051575931229 0.10601719197707737
81 0.8581661891117477 0.943170964660936 0.10888252148997125 0.11365807067812796
81 0.8581661891117478 0.44062400509391914 0.10315186246418336 0.13244189748487742
81 0.6511461318051576 0.4444444444444444 0.10458452722063036 0.11970709964979306
81 0.23352435530085958 0.44062400509391914 0.10601719197707737 0.13244189748487742
81 0.032951289398280806 0.7042343202801655 0.06590257879656161 0.13498885705189437
81 0.03151862464183381 0.43807704552690224 0.06303724928366762 0.13753581661891118
81 0.8560171919770773 0.694046482012098 0.11031518624641834 0.12989493791786053
5 0.12392550143266476 0.5679719834447627 0.1131805157593123 0.13244189748487742
5 0.7521489971346704 0.5730659025787965 0.10028653295128918 0.12225405921680987
5 0.9555873925501434 0.8315822986310093 0.08882521489971353 0.1298949379178606
73 0.75 0.8213944603629417 0.10744985673352431 0.12480101878382698
10 0.9548710601719198 0.5730659025787965 0.09025787965616047 0.11716014008277618
10 0.33882521489971346 0.5666985036612543 0.09885386819484243 0.12989493791786053
10 0.7485673352435529 0.6902260426615727 0.09885386819484225 0.14772365488697864
10 0.23280802292263608 0.7016873607131486 0.10458452722063036 0.1248010187838267
10 0.4032951289398281 0.15663801337153774 0.173352435530086 0.3132760267430755
71 0.032234957020057305 0.8417701368990766 0.06446991404011461 0.1298949379178606
71 0.8553008595988538 0.574339382362305 0.10028653295128948 0.11970709964979306
71 0.34025787965616044 0.44062400509391914 0.10171919770773645 0.13244189748487742
19 0.8545845272206303 0.8226679401464502 0.10458452722063044 0.11716014008277625
19 0.12320916905444125 0.43935052531041063 0.11174785100286533 0.1349888570518943
1 0.7464183381088825 0.9436485195797516 0.10888252148997139 0.10951926138172567
1 0.032234957020057305 0.5679719834447627 0.06446991404011461 0.12734797835084366
49 0.9555873925501434 0.9444444444444444 0.08882521489971353 0.11111111111111115
49 0.7535816618911175 0.4469914040114613 0.10601719197707737 0.1298949379178606
49 0.23495702005730656 0.5692454632282713 0.10888252148997132 0.12989493791786053
50 0.12320916905444125 0.9533588029290035 0.11461318051575929 0.09328239414199302
50 0.9548710601719198 0.4444444444444444 0.09025787965616047 0.11970709964979306
