81 0.5907968358062877 0.4450829881907268 0.0679309600637783 0.08626153658892484
81 0.8782903632190637 0.4393322190847984 0.07682668102451118 0.08913692114188905
5 0.5305485438449604 0.5313445247796517 0.05418302766991829 0.08338615203596071
5 0.957947500912899 0.5414083707150261 0.08410499817420188 0.09776307480078145
73 0.9595649047239414 0.7204010591370452 0.08087019055211712 0.07044692154762203
73 0.5289311400339181 0.7053052902339835 0.05903523910304543 0.08338615203596092
10 0.9575431499601385 0.6384525993775666 0.07844408483555355 0.10782692073615592
10 0.5920098886645694 0.6190437536450585 0.0655048543472148 0.09201230569485311
10 0.701588996862688 0.2998760682660366 0.11968788201713323 0.12076615122449481
40 0.8774816613135425 0.53709529388558 0.07682668102451103 0.09201230569485318
2 0.5916055377118089 0.5313445247796517 0.06954836387482075 0.0805107674829965
2 0.8010593312417921 0.4429264497760036 0.07278317149690537 0.09632538252429945
45 0.5297398419394393 0.4450829881907268 0.05256562385887605 0.08626153658892484
70 0.9583518518656595 0.4407699113612804 0.07844408483555342 0.09201230569485311
42 0.8778860122663033 0.718244520722322 0.07925278674107489 0.06613384471817568
11 0.7569850773908883 0.6312641379951562 0.24180186975083004 0.09632538252429938
73 0.7998462783835103 0.539251832300303 0.07197446959138432 0.08769922886540699
