81 0.04512893982808022 0.6507481693728113 0.09025787965616044 0.1349888570518943
81 0.2829512893982808 0.34638650111429486 0.1217765042979942 0.13244189748487745
81 0.7915472779369628 0.3349251830627189 0.12750716332378217 0.14008277618592807
81 0.9319484240687682 0.16682585163960525 0.13610315186246444 0.1553645335880293
81 0.9255014326647565 0.7984718242597899 0.13180515759312328 0.1451766953199619
81 0.7965616045845271 0.9355300859598852 0.13180515759312306 0.12384590894619547
5 0.15902578796561606 0.9418974848774276 0.12607449856733527 0.11620503024514477
5 0.15401146131805157 0.34765998089780326 0.12464183381088827 0.13498885705189434
5 0.7915472779369627 0.180834129258198 0.1303724928366762 0.1426297357529449
73 0.656160458452722 0.3400191021967526 0.13180515759312314 0.13498885705189434
10 0.9283667621776505 0.9329831263928685 0.1404011461318052 0.13403374721426303
10 0.7893982808022924 0.4864692773002228 0.13180515759312314 0.1782871696911811
10 0.9312320916905444 0.3336517032792105 0.13467048710601717 0.13244189748487747
10 0.27722063037249284 0.19738936644380767 0.12177650429799428 0.1502706144539955
10 0.15687679083094558 0.5004775549188156 0.1217765042979943 0.1553645335880293
10 0.3617478510028653 0.0624005093919134 0.16475644699140404 0.1248010187838268
71 0.6626074498567337 0.9342566061763757 0.12464183381088807 0.13148678764724547
71 0.1482808022922636 0.19738936644380772 0.1275071633237822 0.1553645335880293
35 0.15902578796561606 0.6443807704552691 0.12607449856733527 0.13244189748487747
35 0.6597421203438395 0.18847500795924865 0.1217765042979942 0.1426297357529449
8 0.042263610315186245 0.34765998089780326 0.08452722063037249 0.13498885705189434
8 0.7915472779369628 0.6405603311047436 0.13037249283667626 0.15027061445399534
4 0.045845272206303724 0.7984718242597899 0.09169054441260745 0.1451766953199619
67 0.1626074498567335 0.7997453040432984 0.1303724928366762 0.12734797835084366
67 0.923352435530086 0.6367398917542184 0.13610315186246424 0.14772365488697872
67 0.03939828080229227 0.19484240687679083 0.07879656160458454 0.15027061445399556
53 0.04656160458452722 0.9380770455269023 0.09312320916905444 0.12384590894619549
53 0.7908309455587392 0.7921044253422477 0.12607449856733524 0.13753581661891104
11 0.47206303724928356 0.49538363578478206 0.4828080229226359 0.1502706144539956
