81 0.04727793696275071 0.8290353390639923 0.09455587392550142 0.1502706144539954
81 0.2836676217765043 0.8239414199299585 0.12320916905444122 0.15027061445399553
81 0.28080229226361036 0.21521808341292584 0.12320916905444125 0.160458452722063
81 0.045845272206303724 0.2113976440624005 0.09169054441260745 0.15791149315504618
81 0.04871060171919771 0.5170327921044253 0.09742120343839542 0.15281757402101243
81 0.7714899713467048 0.8213944603629417 0.1361031518624641 0.1553645335880293
81 0.7786532951289399 0.20885068449538366 0.12750716332378217 0.14772365488697867
5 0.15902578796561603 0.36548869786692123 0.1260744985673352 0.14517669531996177
5 0.9097421203438395 0.3603947787328876 0.12893982808022927 0.15027061445399562
73 0.15759312320916904 0.6723973256924546 0.12607449856733524 0.14262973575294496
73 0.9097421203438395 0.6711238459089462 0.13180515759312328 0.15027061445399548
10 0.9104584527220625 0.9508118433619864 0.1332378223495702 0.09837631327602626
10 0.15759312320916904 0.9500159184972939 0.12607449856733524 0.09678446354664118
10 0.2843839541547278 0.5208532314549507 0.12750716332378226 0.1553645335880293
10 0.9075931232091691 0.5195797516714422 0.12464183381088816 0.15791149315504618
73 0.6540114613180517 0.3667621776504298 0.12177650429799428 0.1477236548869787
11 0.5802292263610315 0.5183062718879338 0.40974212034383944 0.1553645335880293
45 0.7786532951289399 0.36421521808341295 0.12750716332378217 0.14772365488697864
45 0.2800859598853868 0.36421521808341295 0.12464183381088823 0.15281757402101243
45 0.15687679083094555 0.8226679401464503 0.12464183381088827 0.14772365488697872
46 0.7772206303724929 0.6698503661254378 0.12750716332378217 0.15791149315504618
46 0.04656160458452721 0.952085323145495 0.09312320916905442 0.09582935370900998
46 0.2851002865329513 0.6698503661254378 0.12893982808022927 0.14772365488697864
46 0.6518624641833811 0.2113976440624005 0.12034383954154727 0.14262973575294494
46 0.15687679083094555 0.21394460362941736 0.13037249283667623 0.16300541228907992
66 0.2822349570200574 0.9495383635784779 0.12607449856733507 0.1009232728430436
66 0.04727793696275071 0.6711238459089462 0.09455587392550142 0.1553645335880293
66 0.772206303724928 0.952085323145495 0.14326647564469888 0.09582935370900993
66 0.9090257879656162 0.2037567653613499 0.13037249283667635 0.15791149315504616
23 0.9111747851002866 0.827761859280484 0.12893982808022927 0.15791149315504613
23 0.04512893982808022 0.36294173829990456 0.09025787965616044 0.14517669531996183
66 0.41045845272206305 0.2113976440624005 0.13037249283667626 0.14772365488697864
