81 0.06375358166189111 0.4062400509391913 0.11031518624641834 0.12480101878382684
81 0.28223495702005735 0.4087870105062082 0.10315186246418338 0.1298949379178606
81 0.6998567335243553 0.413880929640242 0.09885386819484239 0.11970709964979306
81 0.9147564469914039 0.413880929640242 0.10744985673352446 0.12989493791786053
81 0.9126074498567334 0.6723973256924546 0.11747851002865317 0.13244189748487742
81 0.91189111747851 0.9309137217446672 0.11318051575931236 0.13498885705189437
81 0.06446991404011461 0.9296402419611587 0.11174785100286531 0.12734797835084366
81 0.2865329512893983 0.9232728430436167 0.11174785100286531 0.12480101878382698
81 0.0666189111747851 0.6660299267749125 0.11604584527220631 0.14008277618592807
5 0.8022922636103152 0.5361349888570519 0.10315186246418336 0.12480101878382684
5 0.17765042979942694 0.5374084686405604 0.10601719197707739 0.12225405921680994
73 0.8022922636103152 0.7895574657752309 0.10601719197707737 0.12734797835084366
73 0.17550143266475643 0.795924864692773 0.10744985673352435 0.11970709964979306
10 0.8037249283667621 0.6673034065584208 0.10315186246418336 0.12734797835084372
10 0.4448424068767908 0.1375358166189112 0.15616045845272203 0.2648837949697549
10 0.28223495702005735 0.6634829672078957 0.10315186246418338 0.1298949379178606
10 0.39183381088825214 0.5323145495065266 0.10744985673352431 0.12734797835084372
71 0.91189111747851 0.5412289079910856 0.10744985673352431 0.11970709964979306
71 0.3904011461318052 0.413880929640242 0.10744985673352439 0.12480101878382684
71 0.06590257879656161 0.8035657433938238 0.11461318051575933 0.13498885705189437
19 0.9133237822349569 0.7971983444762814 0.11318051575931236 0.12734797835084366
19 0.7005730659025788 0.5399554282075772 0.10315186246418336 0.11716014008277625
19 0.17765042979942694 0.41133397007322514 0.10888252148997134 0.12989493791786053
1 0.8015759312320917 0.9219993632601082 0.10744985673352431 0.1273479783508438
1 0.2851002865329513 0.7946513849092645 0.10601719197707737 0.12734797835084366
1 0.06446991404011461 0.5399554282075772 0.11461318051575932 0.12225405921680987
1 0.5959885386819483 0.4075135307226998 0.1060171919770773 0.13244189748487742
49 0.9849570200573067 0.9309137217446672 0.03008595988538687 0.1298949379178606
49 0.8073065902578795 0.4113339700732251 0.10744985673352417 0.11970709964979306
49 0.2836676217765043 0.5412289079910856 0.10601719197707733 0.11970709964979306
50 0.17550143266475643 0.929640241961159 0.10744985673352435 0.11206622094874248
