81 0.5916055377118088 0.718244520722322 0.056609133386482 0.06038307561224741
81 0.5899881339007664 0.5902899081154169 0.058226537197524235 0.06325846016521147
81 0.5867533262786817 0.45658452640258346 0.05822653719752431 0.07188461382410402
81 0.5851359224676395 0.3228791446897499 0.06146134481960899 0.07475999837706819
81 0.6991628911461245 0.32647337538095506 0.061461344819608854 0.06469615244169362
81 0.9086166846761077 0.3228791446897499 0.051756921953354865 0.06325846016521154
81 0.9045731751485018 0.5823826005947654 0.048522114331270245 0.06469615244169369
5 0.5370181590891299 0.718244520722322 0.05741783529200305 0.06038307561224741
5 0.9619910104405048 0.38757529713144356 0.051756921953354865 0.06325846016521154
5 0.6437668106179243 0.39188837396088977 0.05580043148096074 0.06325846016521154
73 0.9587562028184202 0.5198429865677949 0.05175692195335472 0.06325846016521154
73 0.8556467098644709 0.39548260465209495 0.054183027669918574 0.06182076788872948
73 0.5293354909866786 0.3913002271205109 0.053374325764397226 0.06155936929300547
81 0.7994419274307496 0.3257545292427141 0.06146134481960899 0.06038307561224745
10 0.955117044243575 0.647078753036459 0.05256562385887619 0.06757153699465782
10 0.8536249551006679 0.5219995249825181 0.048522114331270384 0.06182076788872948
10 0.9595649047239414 0.45442798798786027 0.051756921953355 0.07044692154762196
10 0.6975454873350821 0.45658452640258346 0.053374325764397386 0.06613384471817575
10 0.5313572457504816 0.5248749095354822 0.05741783529200305 0.07044692154762189
10 0.5345920533725663 0.6571425989718337 0.05903523910304557 0.06469615244169369
71 0.5912011867590483 0.6542672144188696 0.05256562385887612 0.06469615244169376
71 0.9563300971018568 0.5838202928712476 0.051756921953355 0.06182076788872948
71 0.6413407049013609 0.3228791446897499 0.05580043148096067 0.0661338447181758
11 0.8241073355491454 0.4580222186790655 0.18034052493122105 0.06613384471817575
47 0.5883707300897241 0.5241560633972412 0.054991729575439546 0.06325846016521154
47 0.5285267890811575 0.3214414524132678 0.05337432576439731 0.06613384471817571
47 0.9074036318178258 0.39188837396088977 0.050948220047833816 0.06325846016521154
8 0.9648214671098287 0.3235979908279906 0.05418302766991813 0.0675715369946578
7 0.586348975325921 0.3897318355461665 0.05741783529200297 0.0675715369946577
7 0.5341877024198056 0.5902899081154169 0.058226537197524235 0.06613384471817575
71 0.9551538034210987 0.7117356956887942 0.0514628485331653 0.05881468403790336
73 0.643803569795448 0.5228752102781936 0.05366839918458673 0.06273566297376355
81 0.992280572720025 0.5840816914669716 0.015438854559949818 0.061428669995143466
81 0.9915453891695515 0.7121670033717388 0.016909221660897204 0.06404265595238356
47 0.9911777973943144 0.6487778439086652 0.01764440521137118 0.06273566297376355
