81 0.06446991404011461 0.9317096466093601 0.11174785100286531 0.13658070678127984
81 0.06446991404011461 0.6660299267749125 0.12320916905444125 0.13498885705189423
81 0.06446991404011461 0.40624005093919136 0.1174785100286533 0.14008277618592807
81 0.2851002865329513 0.41260744985673353 0.10601719197707737 0.12734797835084366
81 0.6998567335243553 0.413880929640242 0.10171919770773641 0.12480101878382684
81 0.9147564469914039 0.41515440942375037 0.10744985673352446 0.13244189748487734
81 0.9133237822349571 0.6711238459089462 0.11031518624641834 0.1298949379178606
81 0.9133237822349569 0.9258198026106337 0.11318051575931236 0.140082776185928
5 0.17693409742120345 0.533588029290035 0.10458452722063039 0.1298949379178606
5 0.8051575931232091 0.5399554282075772 0.10888252148997125 0.12225405921680987
73 0.17979942693409742 0.7984718242597899 0.11031518624641835 0.1248010187838267
73 0.8044412607449857 0.7933779051257562 0.10458452722063029 0.12989493791786047
10 0.8037249283667621 0.664756446991404 0.0974212034383953 0.13244189748487742
10 0.28581661891117477 0.6660299267749125 0.10171919770773638 0.1298949379178606
10 0.39111747851002865 0.5361349888570518 0.10601719197707737 0.12989493791786053
10 0.4505730659025787 0.14008277618592804 0.18767908309455586 0.2801655523718561
71 0.0666189111747851 0.795924864692773 0.11604584527220631 0.12480101878382684
71 0.9111747851002866 0.5374084686405604 0.10601719197707737 0.11716014008277618
71 0.38968481375358166 0.41260744985673353 0.10315186246418336 0.12734797835084366
19 0.9104584527220629 0.7984718242597899 0.11031518624641834 0.1298949379178606
19 0.6977077363896848 0.5386819484240688 0.10315186246418336 0.12480101878382677
19 0.1776504297994269 0.4100604902897166 0.11174785100286531 0.13244189748487747
1 0.8030085959885386 0.9232728430436167 0.11031518624641834 0.1298949379178606
1 0.28939828080229224 0.7971983444762814 0.11461318051575929 0.12734797835084366
1 0.06446991404011461 0.5399554282075772 0.1174785100286533 0.12734797835084366
1 0.595272206303725 0.41515440942375037 0.10744985673352431 0.12734797835084372
49 0.9835243553008596 0.9334606813116842 0.03295128939828089 0.1298949379178606
49 0.8058739255014328 0.41260744985673353 0.10458452722063029 0.12225405921680994
49 0.2843839541547278 0.5386819484240688 0.10458452722063036 0.11970709964979306
50 0.17621776504297998 0.9219993632601082 0.10888252148997137 0.12225405921681003
81 0.28939828080229224 0.9296402419611589 0.11747851002865328 0.12225405921680987
