81 0.5871576772314424 0.698116828851573 0.05741783529200312 0.06613384471817568
81 0.5839228696093578 0.5665679855534625 0.060652642914087736 0.06757153699465768
81 0.6987585401933639 0.6938037520221267 0.05580043148096081 0.06325846016521154
81 0.6999715930516456 0.5644114471387394 0.05660913338648186 0.0690092292711399
81 0.5831141677038366 0.42639298859645974 0.0638874505361725 0.07475999837706816
81 0.5786663072234701 0.28262376094825165 0.0630787486306513 0.08051076748299653
81 0.6963324344768005 0.2890933761924209 0.05580043148096081 0.07332230610058615
81 0.9215559151644465 0.2890933761924209 0.05499172957543962 0.06757153699465786
81 0.8083376483914825 0.2912499146071441 0.056609133386482 0.0690092292711399
5 0.9753345918816043 0.3566649131870788 0.04933081623679143 0.06757153699465782
5 0.530952894797721 0.7031487518192603 0.05499172957543948 0.07044692154762217
5 0.640127652043079 0.36025914387828395 0.056609133386482074 0.0690092292711399
73 0.6417450558541213 0.49899644855880476 0.05660913338648186 0.06182076788872948
73 0.5256963324118334 0.35810260546356093 0.04771341242574913 0.06757153699465782
73 0.862520676061401 0.359540297740043 0.05660913338648186 0.07044692154762196
10 0.6429581087124031 0.6312641379951561 0.05418302766991836 0.06757153699465782
10 0.7513241640522401 0.36097799001652503 0.05580043148096081 0.06469615244169369
10 0.6975454873350821 0.42854952701118276 0.05499172957543962 0.06757153699465782
10 0.9729084861650408 0.4242364501817366 0.05418302766991843 0.07332230610058624
10 0.5301441928921998 0.6341395225481202 0.056609133386482 0.06757153699465775
10 0.5256963324118334 0.4997152946970458 0.054183027669918504 0.0690092292711399
71 0.5887750810424848 0.6334206764098793 0.05741783529200319 0.06325846016521154
71 0.6983541892406033 0.4997152946970458 0.051756921953355 0.06613384471817575
71 0.9688649766374349 0.6902095213309215 0.060652642914087805 0.07044692154762203
71 0.6393189501375578 0.2883745300541799 0.061461344819608923 0.07188461382410409
11 0.8358335131792023 0.4292683731494239 0.17306220778153047 0.07188461382410402
47 0.5843272205621183 0.4989964485588048 0.05822653719752431 0.06757153699465782
47 0.9195341604006435 0.35666491318707877 0.05256562385887619 0.07044692154762203
47 0.524078928600791 0.2811860686717695 0.04447860480366444 0.07188461382410406
8 0.6437668106179243 0.6966791365750907 0.05418302766991843 0.05750769105928342
8 0.9753345918816038 0.28334260708649256 0.04933081623679128 0.0704469215476221
7 0.6991628911461245 0.6298264457186741 0.05337432576439724 0.06757153699465768
7 0.5277180871756363 0.5672868316917036 0.05337432576439724 0.06325846016521154
7 0.5802837110345124 0.3552272209105967 0.06146134481960899 0.06757153699465789
7 0.7513241640522401 0.2919687607453851 0.05580043148096081 0.07332230610058613
73 0.9725041352122801 0.4939645255911174 0.05499172957543962 0.07475999837706823
