81 0.5886648035099137 0.696483087628298 0.056609133386482 0.06404265595238356
81 0.5849888857575446 0.5651302932769806 0.06102023468932458 0.06796363488824383
81 0.5827833351061232 0.42724253403256285 0.0654313359921673 0.07188461382410409
81 0.5783722338032805 0.28543379585228484 0.06396096889121985 0.07580559275996432
81 0.6952664183286135 0.28804778180952506 0.056609133386482 0.07057762084548404
81 0.8081170933263404 0.2913152642560752 0.05587394983600831 0.07188461382410406
81 0.922070543649778 0.287394285320215 0.055873949836008165 0.0640426559523836
81 0.9150862999202769 0.5605558178518103 0.05366839918458695 0.061428669995143466
81 0.911777973943145 0.6892946262458877 0.054403582735060636 0.0653496489310038
5 0.5302177112472473 0.7023645560320882 0.055873949836008095 0.0679636348882437
5 0.9735333921829433 0.3547044237191488 0.05293321563411297 0.06534964893100366
5 0.6397600602678422 0.358625402655009 0.05734431693695583 0.06796363488824383
5 0.9683871073296269 0.7494163032624109 0.05881468403790322 0.05227971914480278
73 0.6423332026945004 0.4984736513673569 0.05660913338648193 0.06534964893100359
73 0.5250714263939308 0.3573184096763889 0.048522114331270245 0.06534964893100366
73 0.8643586349375851 0.36123938861224913 0.053668399184586664 0.06796363488824383
73 0.9713278415315222 0.49455267243149664 0.05734431693695583 0.06796363488824377
10 0.9691222908801006 0.626558963272124 0.055873949836008165 0.06796363488824377
10 0.8625206760614009 0.4958596654101167 0.054403582735060636 0.07057762084548394
10 0.9727982086324697 0.42724253403256285 0.054403582735060636 0.06927062786686392
10 0.6971043772047978 0.42854952701118293 0.0544035827350605 0.06927062786686392
10 0.5269093852701151 0.4997806443459769 0.05366839918458687 0.0679636348882437
10 0.5294825276967735 0.6350544176331545 0.0544035827350605 0.06404265595238363
71 0.9680195155543899 0.6951760946496779 0.05660913338648186 0.06404265595238372
71 0.971327841531522 0.5592488248731903 0.05734431693695569 0.06404265595238356
71 0.6393924684926052 0.287394285320215 0.05954986758837727 0.0797265716958245
71 0.5849888857575446 0.6324404316759142 0.05660913338648186 0.06927062786686398
11 0.8287022327396065 0.429203023500493 0.18379588761844773 0.07319160680272419
47 0.9191298094478827 0.3579719061656989 0.05587394983600831 0.06404265595238356
47 0.5224982839672724 0.28347330638435475 0.044846196578901355 0.07449859978134424
8 0.9139835245945662 0.625905466782814 0.05146284853316544 0.06665664190962381
8 0.975003759283891 0.28216631340573467 0.04999248143221791 0.0744985997813442
8 0.6449063451211587 0.696483087628298 0.055873949836008095 0.06404265595238356
7 0.5280121605958259 0.5670907827449106 0.0544035827350605 0.06404265595238363
7 0.7522431434903322 0.2900082712774551 0.055873949836008165 0.06927062786686389
7 0.5802101926794649 0.3566649131870788 0.06322578534074594 0.07188461382410402
10 0.6434359780202108 0.6311334386972941 0.057344316936956116 0.06404265595238352
