81 0.04297994269340974 0.909264565425024 0.08595988538681948 0.1680993314231135
81 0.15544412607449856 0.39732569245463223 0.13896848137535817 0.15281757402101243
81 0.04083094555873926 0.24196115886660302 0.07879656160458452 0.1680993314231137
81 0.7170487106017192 0.3807704552690226 0.14183381088825214 0.1553645335880293
73 0.15616045845272208 0.7398917542184017 0.13467048710601717 0.1553645335880293
10 0.8861031518624642 0.9126074498567336 0.16475644699140404 0.1747851002865329
10 0.8724928366762177 0.5475963069086278 0.15759312320916918 0.19356892709328227
10 0.2915472779369627 0.23814071951607765 0.14183381088825214 0.16555237185609678
10 0.3882521489971348 0.07131486787647244 0.17765042979942705 0.14262973575294488
10 0.15472779369627507 0.5679719834447627 0.13753581661891118 0.17319325055714743
11 0.5 0.5565106653931869 0.47277936962750716 0.18083412925819808
80 0.29656160458452724 0.7297039159503342 0.1346704871060172 0.17064629099013062
80 0.04083094555873926 0.4075135307226998 0.08166189111747851 0.15791149315504627
74 0.8775071633237822 0.7373447946513849 0.16189111747851 0.16555237185609684
74 0.15257879656160458 0.23686723973256923 0.13896848137535817 0.15281757402101245
34 0.15544412607449856 0.9041706462909902 0.1332378223495702 0.15791149315504613
34 0.8732091690544412 0.37695001591849736 0.15902578796561614 0.15791149315504616
18 0.29441260744985676 0.4036930913721744 0.13610315186246416 0.15027061445399562
34 0.4276504297994269 0.23304680038204392 0.13037249283667626 0.1553645335880293
48 0.04297994269340974 0.7424387137854187 0.08595988538681948 0.1553645335880293
48 0.7177650429799427 0.2050302451448583 0.151862464183381 0.160458452722063
