81 0.5349964043253269 0.7024299056810193 0.05822653719752438 0.09201230569485304
81 0.5984795039087387 0.4472395266054498 0.07035706578034194 0.07907307520651444
81 0.5333790005142846 0.36600991298421237 0.05499172957543962 0.08626153658892484
81 0.8819295217939092 0.4335814499788701 0.07116576768586313 0.08338615203596071
73 0.6005012586725417 0.6140118306773713 0.0695483638748206 0.08482384431244284
10 0.95875620281842 0.5234372172590002 0.07763538293003236 0.09057461341837111
10 0.597266451050457 0.5313445247796517 0.07116576768586307 0.0805107674829965
10 0.7145282273510247 0.27543529956584095 0.08733980579628627 0.08051076748299706
10 0.6660061130197564 0.360259143878284 0.06954836387482054 0.07763538293003236
80 0.5341877024198056 0.45011491115841396 0.05660913338648186 0.07332230610058608
80 0.6688365696890807 0.6147306768156123 0.06550485434721494 0.08626153658892491
74 0.9583518518656595 0.6161683690920943 0.08006148864659579 0.09488769024781718
74 0.5964577491449359 0.3638533745694892 0.06631355625273606 0.07907307520651444
34 0.7367675297528582 0.36169683615476556 0.07035706578034215 0.07763538293003246
34 0.9595649047239414 0.43501914225535215 0.08087019055211712 0.08338615203596071
18 0.6660061130197564 0.4450829881907268 0.06631355625273606 0.07763538293003229
48 0.5358051062308481 0.6168872152303354 0.05822653719752431 0.08482384431244264
48 0.8823338727466696 0.34731991338994533 0.07359187340242655 0.08051076748299657
