81 0.1153295128939828 0.775549188156638 0.13610315186246416 0.15536453358802915
81 0.10673352435530087 0.12862145813435213 0.13896848137535817 0.17574021012416427
81 0.37965616045845274 0.1489971346704871 0.13753581661891118 0.1655523718560968
81 0.6296561604584526 0.1426297357529449 0.12464183381088816 0.15281757402101243
81 0.8889684813753581 0.13753581661891118 0.1303724928366762 0.15281757402101243
81 0.8760744985673352 0.7602674307545368 0.12177650429799428 0.16045845272206308
81 0.8796561604584529 0.4533588029290035 0.12893982808022927 0.1630054122890799
5 0.24785100286532952 0.615090735434575 0.12607449856733524 0.1553645335880293
5 0.9749283667621776 0.6163642152180835 0.05014326647564474 0.15281757402101243
5 0.754297994269341 0.3005412289079911 0.12464183381088845 0.15281757402101243
73 0.7507163323782235 0.6087233365170328 0.12320916905444136 0.14772365488697872
10 0.9713467048710601 0.9240687679083095 0.05730659025787972 0.15186246418338115
10 0.2492836676217765 0.9266157274753263 0.1289398280802292 0.1467685450493474
10 0.7521489971346704 0.4559057624960204 0.12607449856733524 0.15281757402101243
10 0.2464183381088825 0.3005412289079911 0.13180515759312322 0.15281757402101243
10 0.11174785100286534 0.452085323145495 0.1346704871060172 0.16555237185609678
10 0.9763610315186247 0.291626870423432 0.04727793696275071 0.15027061445399553
51 0.8839541547277938 0.2941738299904489 0.13180515759312314 0.15027061445399553
51 0.11246418338108882 0.615090735434575 0.1332378223495702 0.1553645335880293
51 0.01790830945558739 0.1286214581343521 0.03581661891117478 0.16555237185609678
73 0.022206303724928367 0.615090735434575 0.044412607449856735 0.1553645335880293
11 0.4477077363896848 0.4559057624960204 0.44269340974212035 0.15791149315504613
20 0.022206303724928367 0.7793696275071633 0.044412607449856735 0.16809933142311365
20 0.7550143266475645 0.14135625596943646 0.1203438395415472 0.16045845272206305
20 0.8796561604584529 0.6189111747851003 0.12893982808022927 0.15281757402101248
38 0.8760744985673352 0.9202483285577842 0.13323782234957007 0.15950334288443174
38 0.25358166189111747 0.7679083094555874 0.1346704871060172 0.14517669531996177
38 0.6267908309455588 0.30054122890799106 0.1332378223495702 0.15791149315504613
38 0.9785100286532952 0.13371537726838587 0.04297994269340975 0.15027061445399553
64 0.11246418338108882 0.29544730977395733 0.1332378223495702 0.15281757402101243
64 0.9713467048710601 0.775549188156638 0.05730659025787972 0.15027061445399567
54 0.37750716332378226 0.6099968163005413 0.1246418338108883 0.14008277618592793
54 0.24283667621776506 0.1349888570518943 0.13610315186246416 0.1630054122890799
54 0.751432664756447 0.7602674307545368 0.1189111747851004 0.1451766953199619
54 0.11676217765042982 0.9278892072588348 0.1361031518624642 0.14422158548233044
