81 0.8144699140401147 0.8787010506208213 0.10744985673352446 0.12225405921681003
81 0.8151862464183381 0.6240050939191341 0.10315186246418336 0.13244189748487747
81 0.829512893982808 0.08914358484559055 0.11174785100286527 0.13244189748487742
81 0.6067335243553009 0.08787010506208214 0.10744985673352439 0.14008277618592804
81 0.38395415472779376 0.08787010506208214 0.10888252148997132 0.1451766953199618
81 0.1511461318051576 0.08022922636103152 0.1189111747851003 0.1349888570518943
81 0.16117478510028654 0.3603947787328876 0.1275071633237822 0.140082776185928
81 0.164756446991404 0.6329194524036931 0.1174785100286533 0.12480101878382684
81 0.167621776504298 0.8965297675899396 0.11461318051575929 0.11206622094874248
5 0.9247851002865329 0.9737344794651385 0.11604584527220638 0.05253104106972302
5 0.941260744985673 0.21267112384590894 0.11747851002865324 0.13498885705189426
5 0.27578796561604585 0.2241324418974849 0.11604584527220631 0.13244189748487745
5 0.055873925501432664 0.8952562878064311 0.11174785100286533 0.12989493791786047
73 0.7156160458452723 0.2254059216809933 0.10744985673352446 0.12989493791786055
73 0.04727793696275071 0.22413244189748485 0.09455587392550142 0.13753581661891118
73 0.27722063037249284 0.4992040751353073 0.11604584527220627 0.12734797835084366
73 0.931948424068768 0.4902897166507482 0.11318051575931222 0.1298949379178606
10 0.927650429799427 0.75772047118752 0.11318051575931222 0.12989493791786047
10 0.7113180515759313 0.4966571155682904 0.10171919770773641 0.13244189748487747
10 0.9348137535816619 0.3565743393823623 0.11318051575931236 0.13753581661891118
10 0.3875358166189112 0.3642152180834129 0.10744985673352431 0.13753581661891115
10 0.05157593123209169 0.5004775549188156 0.10315186246418338 0.13498885705189437
10 0.27578796561604585 0.7653613498885704 0.1045845272206304 0.12480101878382684
10 0.05444126074498568 0.7717287488061126 0.10888252148997137 0.12734797835084366
71 0.920487106017192 0.8825214899713467 0.11031518624641834 0.13498885705189423
71 0.9262177650429799 0.6240050939191341 0.11031518624641834 0.13244189748487747
71 0.27005730659025784 0.08277618592804839 0.11604584527220635 0.15027061445399553
71 0.1654727793696275 0.7691817892390957 0.11031518624641834 0.12734797835084366
11 0.6489971346704871 0.361668258516396 0.3696275071633238 0.13753581661891115
47 0.8259312320916908 0.2203120025469596 0.11031518624641834 0.12989493791786055
47 0.16045845272206308 0.5004775549188156 0.11461318051575933 0.13498885705189437
8 0.8123209169054442 0.7513530722699777 0.10601719197707737 0.1273479783508438
8 0.9441260744985673 0.07386182744348933 0.10888252148997139 0.13244189748487745
8 0.28151862464183386 0.886341929321872 0.11031518624641834 0.1324418974848775
47 0.044412607449856735 0.06876790830945559 0.08882521489971347 0.13753581661891118
7 0.15472779369627507 0.21776504297994267 0.12320916905444128 0.1349888570518943
7 0.05157593123209169 0.6380133715377267 0.10315186246418338 0.12989493791786053
7 0.4949856733524355 0.08532314549506527 0.10744985673352439 0.14008277618592804
