81 0.1511461318051576 0.9571792422795289 0.1332378223495702 0.0856415154409423
81 0.1518624641833811 0.6660299267749125 0.13180515759312325 0.15027061445399562
81 0.14756446991404013 0.050939191340337475 0.13180515759312322 0.10187838268067495
81 0.409025787965616 0.050939191340337475 0.13037249283667626 0.10187838268067495
81 0.670487106017192 0.050939191340337475 0.1346704871060171 0.10187838268067495
81 0.936246418338109 0.0445717924227953 0.12750716332378217 0.0891435848455906
81 0.9333810888252149 0.34256606176376947 0.1332378223495702 0.17064629099013057
81 0.9348137535816619 0.664756446991404 0.1303724928366762 0.16809933142311365
81 0.9348137535816619 0.9508118433619868 0.1303724928366762 0.09837631327602665
5 0.2836676217765043 0.5093919134033748 0.12893982808022922 0.15791149315504618
5 0.8030085959885386 0.180834129258198 0.1332378223495702 0.1528175740210124
5 0.03868194842406876 0.18465456860872329 0.07736389684813752 0.160458452722063
73 0.04083094555873926 0.5119388729703915 0.08166189111747851 0.15791149315504618
73 0.7994269340974212 0.5068449538363579 0.13180515759312328 0.15791149315504613
10 0.8001432664756447 0.8239414199299585 0.1332378223495702 0.16045845272206294
10 0.04297994269340974 0.8341292581980261 0.08595988538681948 0.16045845272206308
10 0.2822349570200573 0.18465456860872337 0.1289398280802292 0.15536453358802932
10 0.1482808022922636 0.34638650111429486 0.13323782234957018 0.1680993314231136
10 0.8030085959885386 0.34638650111429486 0.12464183381088816 0.16300541228907994
11 0.4756446991404012 0.3451130213307864 0.4068767908309455 0.16555237185609678
45 0.6697707736389685 0.18974848774275707 0.12464183381088823 0.15536453358802926
45 0.1468481375358166 0.18847500795924865 0.13610315186246416 0.16300541228907994
45 0.042263610315186245 0.6749442852594715 0.08166189111747851 0.1630054122890799
45 0.8015759312320918 0.9571792422795289 0.1332378223495702 0.0856415154409423
23 0.936246418338109 0.1795606494746896 0.12750716332378217 0.15536453358802926
23 0.41117478510028654 0.19229544730977394 0.12607449856733524 0.15027061445399553
23 0.2822349570200573 0.6622094874243872 0.1289398280802292 0.15791149315504618
66 0.9355300859598854 0.504297994269341 0.1289398280802291 0.16809933142311365
66 0.15329512893982808 0.8264883794969754 0.12893982808022925 0.16045845272206308
66 0.2800859598853868 0.05093919134033748 0.12750716332378217 0.09678446354664122
66 0.8058739255014327 0.05221267112384591 0.13610315186246424 0.10442534224769182
46 0.6712034383954155 0.5106653931868831 0.1303724928366762 0.16045845272206308
46 0.14828080229226362 0.5093919134033748 0.1303724928366762 0.15791149315504618
46 0.03868194842406877 0.048392231773320596 0.07736389684813753 0.09678446354664119
46 0.5401146131805157 0.04966571155682904 0.12320916905444129 0.09933142311365808
46 0.9348137535816619 0.8239414199299585 0.1303724928366762 0.15536453358802946
23 0.8001432664756447 0.6634829672078957 0.1303724928366762 0.14517669531996183
23 0.04154727793696275 0.9571792422795289 0.0830945558739255 0.0856415154409423
