81 0.5244832795535517 0.7225575975517683 0.04690471052022794 0.0632584601652117
81 0.5252919814590727 0.5838202928712477 0.04690471052022794 0.06757153699465768
81 0.5236745776480305 0.45155260343489617 0.04528730670918556 0.06469615244169362
81 0.6300188782240643 0.45011491115841407 0.05256562385887619 0.06757153699465775
81 0.9462213232828421 0.7110560593399117 0.05256562385887619 0.0632584601652114
81 0.8414944265178506 0.4558656802643425 0.051756921953354865 0.058945383335765274
81 0.9478387270938845 0.45514683412610135 0.05094822004783367 0.06325846016521154
81 0.9466256742356026 0.5816637544565244 0.05499172957543962 0.06900922927113996
5 0.5754314996013854 0.5176864481530719 0.05337432576439731 0.06182076788872948
5 0.8932513484712054 0.518405294291313 0.0533743257643971 0.0632584601652117
73 0.575835850554146 0.6499541375894233 0.05580043148096067 0.06469615244169362
73 0.8924426465656842 0.645641060759977 0.051756921953354865 0.06469615244169362
5 0.9866564185589007 0.6492352914511822 0.026687162882198693 0.06325846016521154
10 0.8928469975184448 0.5831014467330066 0.05418302766991843 0.06613384471817561
10 0.9874651204644218 0.519842986567795 0.025069759071156453 0.06325846016521161
10 0.6336580367989096 0.5795072160418013 0.059843941008566756 0.06469615244169369
10 0.7096760159178995 0.3164095294455806 0.08733980579628636 0.13945615081876186
71 0.9462213232828421 0.5176864481530719 0.05418302766991843 0.06182076788872948
71 0.6870323625633068 0.4551468341261014 0.05984394100856662 0.06613384471817561
71 0.524078928600791 0.6528295221423874 0.046096008614706745 0.06757153699465782
19 0.9466256742356026 0.6485164453129413 0.05499172957543962 0.061820767888729616
19 0.8406857246123292 0.5184052942913129 0.05013951814231248 0.06038307561224741
19 0.575835850554146 0.45011491115841407 0.05741783529200312 0.06469615244169362
1 0.8920382956129237 0.7081806747869476 0.054183027669918574 0.06325846016521154
1 0.5236745776480305 0.518405294291313 0.04528730670918556 0.0632584601652117
1 0.786502696942411 0.4551468341261014 0.05984394100856647 0.06038307561224748
50 0.5750271486486248 0.7182445207223221 0.05580043148096067 0.06325846016521154
49 0.9862520676061399 0.7117749054781528 0.02426105716563498 0.06469615244169347
49 0.8928469975184449 0.45442798798786027 0.05256562385887605 0.06182076788872955
49 0.6292101763185431 0.5169676020148308 0.05580043148096067 0.06325846016521147
50 0.9870607695116612 0.45514683412610135 0.0258784609766775 0.06325846016521154
