81 0.8015759312320917 0.9304361668258516 0.1275071633237823 0.1391276663482968
81 0.9340974212034385 0.7806431072906718 0.13180515759312314 0.14517669531996177
81 0.7944126074498566 0.32219038522763455 0.1275071633237823 0.15536453358802935
81 0.9333810888252146 0.15027061445399548 0.1332378223495705 0.16300541228907992
81 0.04871060171919771 0.6545686087233364 0.09742120343839542 0.14262973575294488
81 0.2865329512893983 0.34256606176376947 0.1346704871060172 0.1349888570518943
5 0.1654727793696275 0.9406240050939192 0.12464183381088823 0.11875198981216173
5 0.15759312320916907 0.34511302133078636 0.1203438395415473 0.12989493791786055
5 0.7979942693409743 0.1668258516396052 0.1346704871060173 0.14008277618592804
73 0.664756446991404 0.3298312639286851 0.12607449856733524 0.12989493791786053
10 0.9326647564469914 0.9278892072588348 0.13467048710601717 0.14422158548233044
10 0.6640401146131805 0.6316459726201846 0.12464183381088816 0.14262973575294488
10 0.7944126074498566 0.4762814390321555 0.13610315186246424 0.15791149315504618
10 0.9312320916905443 0.3209169054441261 0.13753581661891118 0.1426297357529449
10 0.2800859598853868 0.19611588666029928 0.12177650429799425 0.1477236548869787
10 0.16332378223495703 0.4941101560012735 0.13180515759312322 0.15791149315504613
10 0.3689111747851004 0.054759630690862766 0.16189111747850993 0.10951926138172553
71 0.15257879656160458 0.19229544730977394 0.1332378223495702 0.14517669531996177
11 0.4777936962750717 0.48392231773320604 0.4455587392550143 0.1579114931550462
35 0.16475644699140404 0.6443807704552691 0.12320916905444125 0.13753581661891118
35 0.6633237822349571 0.17574021012416427 0.1289398280802292 0.13753581661891118
8 0.04369627507163324 0.34765998089780326 0.08739255014326648 0.14517669531996177
8 0.7972779369627507 0.6341929321872015 0.1303724928366762 0.13753581661891112
4 0.05014326647564469 0.7997453040432982 0.10028653295128938 0.13244189748487742
67 0.9305157593123209 0.626552053486151 0.13896848137535828 0.14262973575294496
67 0.04369627507163324 0.19611588666029928 0.08739255014326648 0.1426297357529449
67 0.17048710601719197 0.7933779051257561 0.13180515759312322 0.13498885705189423
53 0.7979942693409743 0.7870105062082139 0.13180515759312328 0.14262973575294496
53 0.05014326647564469 0.9380770455269023 0.10028653295128938 0.12384590894619549
