81 0.04154727793696275 0.9067176058580071 0.0830945558739255 0.1630054122890799
81 0.15472779369627507 0.39859917223814073 0.14040114613180513 0.15027061445399553
81 0.03939828080229227 0.23686723973256923 0.07879656160458454 0.15281757402101245
81 0.7120343839541547 0.3782234957020057 0.14613180515759303 0.1553645335880293
5 0.7220630372492838 0.725883476599809 0.14040114613180507 0.16300541228908003
73 0.1511461318051576 0.7297039159503342 0.1361031518624642 0.16045845272206308
10 0.8789398280802291 0.9100604902897166 0.16475644699140404 0.17987901942056667
10 0.8703438395415471 0.5475963069086278 0.16189111747851015 0.18338108882521495
10 0.15472779369627507 0.5641515440942375 0.13753581661891118 0.17064629099013046
10 0.28438395415472784 0.2317733205985355 0.1332378223495702 0.16300541228907994
10 0.38825214899713456 0.07004138809296402 0.17478510028653296 0.14008277618592804
80 0.2994269340974212 0.7284304361668259 0.14326647564469913 0.15791149315504627
80 0.04011461318051576 0.3998726520216492 0.08022922636103152 0.17319325055714743
74 0.8775071633237822 0.7322508755173512 0.16189111747851 0.16045845272206308
74 0.1504297994269341 0.2317733205985355 0.13467048710601723 0.16300541228907994
34 0.15544412607449856 0.9041706462909902 0.14183381088825214 0.15791149315504613
34 0.8746418338108881 0.37567653613498886 0.15902578796561598 0.15536453358802926
18 0.2915472779369627 0.39732569245463223 0.1389684813753581 0.16300541228907994
34 0.42621776504298 0.23177332059853548 0.1389684813753582 0.15791149315504616
48 0.04154727793696275 0.7386182744348934 0.0830945558739255 0.16809933142311365
48 0.7156160458452722 0.1999363260108246 0.14756446991404004 0.16045845272206305
11 0.498567335243553 0.5577841451766953 0.48424068767908307 0.1782871696911812
