81 0.0651862464183381 0.612543775867558 0.12464183381088825 0.14008277618592813
81 0.32163323782234954 0.2992677491244827 0.13037249283667626 0.1298949379178606
81 0.9541547277936963 0.7156956383317414 0.09169054441260754 0.13244189748487742
81 0.8431232091690544 0.8685132123527538 0.1246418338108883 0.13244189748487756
81 0.83810888252149 0.2597898758357211 0.12607449856733524 0.15281757402101243
81 0.9548710601719198 0.08914358484559058 0.09025787965616047 0.1426297357529449
5 0.18982808022922634 0.29799426934097417 0.1275071633237822 0.1426297357529449
5 0.8388252148997134 0.10315186246418338 0.13037249283667607 0.1553645335880293
73 0.7041547277936963 0.26743075453677173 0.1246418338108883 0.15281757402101237
10 0.7055873925501434 0.5743393823623051 0.12177650429799428 0.14517669531996183
10 0.8395415472779371 0.41515440942375037 0.12320916905444122 0.1630054122890799
10 0.9563037249283667 0.24705507800063675 0.08739255014326659 0.14772365488697864
10 0.31805157593123207 0.14390321553645335 0.13180515759312322 0.14517669531996177
10 0.18982808022922637 0.45081184336198665 0.12177650429799428 0.14772365488697872
10 0.9555873925501434 0.8697866921362624 0.08882521489971353 0.15027061445399553
71 0.1819484240687679 0.14390321553645335 0.13180515759312322 0.14517669531996177
11 0.5136103151862464 0.4380770455269023 0.4283667621776503 0.1579114931550462
35 0.1991404011461318 0.6036294173829991 0.1260744985673352 0.12734797835084358
35 0.7048710601719195 0.11970709964979304 0.1260744985673352 0.13753581661891115
8 0.8395415472779371 0.5654250238777458 0.12320916905444122 0.13244189748487734
8 0.5716332378223495 0.13116841770136897 0.12607449856733524 0.15536453358802926
8 0.05873925501432665 0.2992677491244827 0.1174785100286533 0.1451766953199618
4 0.0673352435530086 0.7653613498885704 0.13180515759312322 0.15027061445399553
67 0.2034383954154728 0.7551735116205031 0.12320916905444129 0.1298949379178606
67 0.05444126074498568 0.1426297357529449 0.10888252148997137 0.14262973575294494
67 0.9527220630372493 0.5654250238777458 0.09455587392550142 0.14262973575294488
53 0.8409742120343838 0.7195160776822667 0.12320916905444122 0.140082776185928
53 0.06876790830945559 0.9181789239095829 0.13180515759312322 0.14517669531996177
53 0.5716332378223495 0.28143903215536453 0.1203438395415472 0.15027061445399553
