81 0.17621776504297998 0.9309137217446672 0.10888252148997137 0.1248010187838267
81 0.17335243553008595 0.6838586437440306 0.10888252148997132 0.11970709964979306
81 0.1683381088825215 0.42024832855778416 0.11604584527220631 0.13753581661891118
81 0.1640401146131805 0.15027061445399553 0.11318051575931232 0.13753581661891118
81 0.38467048710601726 0.1591849729385546 0.11031518624641834 0.12989493791786055
81 0.8051575931232091 0.1553645335880293 0.10315186246418322 0.11206622094874243
81 0.9806590257879657 0.41515440942375037 0.038681948424068795 0.14262973575294502
81 0.9756446991404012 0.6736708054759631 0.04871060171919765 0.12480101878382684
81 0.9756446991404012 0.9232728430436167 0.04871060171919765 0.12480101878382698
81 0.7936962750716332 0.6647564469914041 0.10888252148997124 0.11716014008277613
5 0.06876790830945559 0.9360076408787011 0.11461318051575932 0.12480101878382684
5 0.9104584527220632 0.28271251193887303 0.10458452722063044 0.1273479783508438
5 0.2786532951289398 0.291626870423432 0.11318051575931229 0.12989493791786055
73 0.2822349570200573 0.5488697866921363 0.10601719197707733 0.11970709964979306
73 0.05300859598853868 0.2903533906399236 0.10601719197707736 0.1273479783508437
73 0.9032951289398281 0.542502387774594 0.10171919770773641 0.12225405921680994
73 0.6991404011461319 0.2903533906399236 0.10315186246418336 0.1273479783508437
10 0.89756446991404 0.7946513849092645 0.09885386819484253 0.12734797835084366
10 0.906160458452722 0.41515440942375037 0.09885386819484253 0.13244189748487734
10 0.38610315186246424 0.422795288124801 0.10458452722063036 0.11716014008277612
10 0.05730659025787966 0.5539637058261699 0.11461318051575932 0.12989493791786053
10 0.06446991404011462 0.8099331423113658 0.10888252148997137 0.13244189748487742
71 0.900429799426934 0.9219993632601082 0.10458452722063044 0.12225405921681003
71 0.9828080229226361 0.28016555237185614 0.03438395415472783 0.13244189748487745
71 0.17621776504297995 0.8086596625278574 0.10601719197707736 0.1298949379178606
71 0.27507163323782235 0.15281757402101243 0.10601719197707737 0.13244189748487742
11 0.6325214899713469 0.4177013689907671 0.3366762177650433 0.12734797835084366
47 0.17263610315186245 0.5514167462591532 0.11031518624641831 0.12989493791786047
47 0.05300859598853868 0.1477236548869787 0.10601719197707736 0.13244189748487745
47 0.8015759312320916 0.28653295128939826 0.10171919770773603 0.12989493791786058
47 0.9763610315186247 0.7997453040432982 0.04727793696275071 0.12225405921680987
8 0.9140401146131805 0.14899713467048709 0.10315186246418336 0.13498885705189428
8 0.9799426934097422 0.5437758675581026 0.040114613180515735 0.12989493791786053
7 0.16690544412607453 0.2852594715058898 0.11604584527220627 0.13753581661891118
7 0.06375358166189113 0.6825851639605222 0.10744985673352436 0.12734797835084366
81 0.9871060171919771 0.14645017510347025 0.025787965616045766 0.12989493791786055
81 0.5945558739255015 0.16173193250557147 0.10601719197707737 0.12989493791786055
71 0.9011461318051576 0.6660299267749125 0.10888252148997139 0.1248010187838269
