81 0.5378268609946509 0.7043903951489486 0.06065264291408783 0.08913692114188893
81 0.5345920533725663 0.36581386403741945 0.05418302766991829 0.08194845975947863
81 0.881120819888388 0.4369796317232823 0.07278317149690537 0.08626153658892498
10 0.6651974111142355 0.36150078720797313 0.0679309600637783 0.07907307520651444
10 0.7181673859258717 0.2773957890337714 0.0768266810245113 0.07188461382410402
10 0.9611823085349838 0.5232411683122072 0.07763538293003236 0.09488769024781732
80 0.5345920533725663 0.447762323796898 0.05418302766991829 0.0819484597594785
80 0.6676235168307989 0.6123780894540962 0.06631355625273593 0.07475999837706823
11 0.7715417116902692 0.5282730912798945 0.24503667737291465 0.0876992288654069
73 0.5992882058142598 0.6166911662835417 0.06388745053617222 0.08626153658892477
81 0.5984795039087387 0.44920001607338006 0.06873966196929934 0.07619769065355023
74 0.5972664510504571 0.36365732562269615 0.06469615244169362 0.08051076748299657
34 0.7327240202252532 0.36078194106973205 0.06388745053617256 0.0805107674829965
18 0.6664104639725171 0.4448869392439338 0.0655048543472148 0.07619769065355016
48 0.8819295217939087 0.34568617216667014 0.0744005753079483 0.0848238443124426
48 0.5354007552780875 0.6181288585600242 0.06227004672513029 0.08338615203596061
34 0.9607779575822232 0.4290723242026309 0.07844408483555369 0.08194845975947856
