81 0.1002865329512894 0.7831900668576887 0.13180515759312322 0.15027061445399553
81 0.09312320916905445 0.131168417701369 0.13753581661891118 0.17574021012416427
81 0.3631805157593124 0.1489971346704871 0.12464183381088823 0.16045845272206305
81 0.6196275071633238 0.15027061445399553 0.12177650429799428 0.15281757402101243
81 0.8746418338108881 0.1451766953199618 0.12750716332378217 0.15281757402101243
81 0.8710601719197709 0.4597262018465457 0.12893982808022927 0.16045845272206313
81 0.8689111747851003 0.7679083094555875 0.1303724928366762 0.15027061445399553
5 0.23710601719197708 0.624005093919134 0.13610315186246416 0.15281757402101234
5 0.9691977077363896 0.6201846545686087 0.06160458452722068 0.1451766953199619
5 0.745702005730659 0.30563514804202485 0.12177650429799428 0.15791149315504616
73 0.7406876790830944 0.6176376950015918 0.12320916905444122 0.15536453358802924
10 0.9670487106017192 0.9278892072588348 0.06590257879656164 0.14422158548233044
10 0.7449856733524355 0.9240687679083095 0.11747851002865332 0.15186246418338115
10 0.9699140401146132 0.2992677491244827 0.0601719197707736 0.15027061445399553
10 0.23710601719197708 0.30181470869149957 0.1332378223495702 0.15027061445399556
10 0.1017191977077364 0.46864056033110474 0.1346704871060172 0.16809933142311373
10 0.7421203438395415 0.45845272206303717 0.11747851002865332 0.14772365488697864
51 0.8739255014326648 0.3018147086914995 0.13180515759312314 0.160458452722063
51 0.10458452722063036 0.6227316141356255 0.13753581661891118 0.16045845272206308
20 0.7464183381088826 0.14645017510347025 0.12320916905444136 0.1553645335880293
20 0.8710601719197709 0.6163642152180835 0.12893982808022927 0.15791149315504613
38 0.8674785100286533 0.9215218083412927 0.13037249283667635 0.15695638331741477
38 0.6203438395415473 0.30563514804202485 0.12893982808022927 0.1630054122890799
38 0.9727793696275071 0.14135625596943646 0.054441260744985696 0.15027061445399553
64 0.9663323782234957 0.7768226679401464 0.06733524355300859 0.15281757402101248
64 0.6103151862464183 0.6138172556510666 0.13467048710601717 0.15791149315504627
64 0.10243553008595989 0.2979942693409742 0.13610315186246416 0.15281757402101243
54 0.2349570200573066 0.14645017510347025 0.13753581661891118 0.17064629099013054
54 0.1002865329512894 0.9304361668258516 0.14040114613180515 0.1391276663482968
54 0.7385386819484241 0.7717287488061128 0.12464183381088816 0.14772365488697858
11 0.42836676217765046 0.4673670805475963 0.4011461318051576 0.15536453358802924
