81 0.27650429799426934 0.34893346068131165 0.12034383954154727 0.12734797835084372
81 0.7951289398280801 0.3247373447946514 0.13180515759312314 0.12480101878382677
81 0.9333810888252149 0.1630054122890799 0.1332378223495702 0.1426297357529449
81 0.9326647564469914 0.7921044253422477 0.13467048710601717 0.13244189748487742
81 0.04512893982808022 0.6520216491563197 0.09025787965616044 0.14262973575294496
81 0.7994269340974212 0.9317096466093601 0.13467048710601717 0.13658070678127984
5 0.14828080229226362 0.35148042024832854 0.1303724928366762 0.1426297357529449
5 0.7936962750716333 0.17574021012416427 0.12320916905444122 0.13753581661891118
5 0.16332378223495703 0.9469914040114614 0.13467048710601723 0.10601719197707737
73 0.6568767908309456 0.3387456224132442 0.1246418338108883 0.13244189748487745
10 0.9312320916905443 0.3183699458771092 0.13753581661891118 0.13244189748487742
10 0.7936962750716332 0.48519579751671443 0.12607449856733524 0.16045845272206308
10 0.931948424068768 0.9304361668258516 0.1361031518624641 0.1391276663482968
10 0.15401146131805157 0.4915631964342566 0.13896848137535817 0.14772365488697872
10 0.666189111747851 0.6367398917542184 0.11461318051575936 0.14772365488697872
10 0.27650429799426934 0.19866284622731617 0.13180515759312322 0.15281757402101243
10 0.3531518624641833 0.05475963069086279 0.1819484240687679 0.10951926138172557
71 0.14541547277936961 0.19484240687679083 0.13323782234957018 0.14517669531996177
11 0.47277936962750716 0.4877427570837313 0.45272206303724927 0.16045845272206308
35 0.15687679083094555 0.6532951289398281 0.1189111747851003 0.12480101878382677
35 0.6590257879656162 0.17828716969118116 0.12320916905444122 0.13753581661891118
8 0.7936962750716333 0.6354664119707099 0.12893982808022927 0.12989493791786047
8 0.042263610315186245 0.35275390003183704 0.08166189111747851 0.14008277618592804
4 0.045845272206303724 0.8099331423113659 0.09169054441260745 0.14772365488697872
67 0.16332378223495703 0.8061127029608406 0.13180515759312322 0.12480101878382684
67 0.9326647564469914 0.6303724928366762 0.13467048710601717 0.14008277618592793
67 0.03724928366762178 0.201209805794333 0.07449856733524356 0.1477236548869787
53 0.7972779369627507 0.7870105062082139 0.13323782234957038 0.14772365488697858
53 0.045128939828080215 0.9469914040114614 0.09025787965616043 0.10601719197707737
