81 0.5916055377118088 0.7160879823075991 0.056609133386482 0.061820767888729616
81 0.5891794319952453 0.5888522158389349 0.05499172957543962 0.05750769105928327
81 0.5887750810424847 0.4573033725408244 0.06227004672513019 0.06469615244169369
81 0.5847315715148789 0.3207226062750268 0.060652642914087875 0.07044692154762199
81 0.6959280835240398 0.3264733753809551 0.05499172957543962 0.06757153699465779
81 0.908212333723347 0.3207226062750268 0.05580043148096081 0.06757153699465775
81 0.9033601222902194 0.5831014467330062 0.050948220047833635 0.06613384471817586
81 0.9017427184791776 0.7103372132016708 0.05418302766991843 0.05894538333576534
5 0.9611823085349838 0.38901298940792567 0.05337432576439724 0.06325846016521154
5 0.642149406806882 0.3904506816844077 0.05256562385887612 0.06900922927113981
5 0.5358051062308481 0.7196822129988041 0.05822653719752431 0.0632584601652114
73 0.9559257461490962 0.5198429865677949 0.049330816236791294 0.06325846016521154
73 0.8548380079589498 0.3933260662373719 0.050948220047833816 0.06038307561224741
73 0.6449798634762061 0.5227183711207591 0.05499172957543948 0.06325846016521154
73 0.5289311400339181 0.3897318355461667 0.05580043148096081 0.06469615244169362
10 0.9559257461490961 0.6470787530364592 0.050948220047833816 0.06469615244169362
10 0.9587562028184203 0.45442798798786027 0.05337432576439724 0.06757153699465775
10 0.8528162531951469 0.5227183711207591 0.05013951814231263 0.06325846016521154
10 0.6979498382878426 0.45874106481730664 0.05418302766991843 0.06469615244169354
10 0.5321659476560028 0.5248749095354822 0.05580043148096081 0.06182076788872948
10 0.5345920533725663 0.6535483682806285 0.05741783529200305 0.06613384471817589
71 0.5907968358062877 0.6535483682806285 0.05337432576439724 0.06325846016521154
71 0.9543083423380538 0.7103372132016708 0.05418302766991843 0.06469615244169362
71 0.9575431499601385 0.5823826005947654 0.05256562385887591 0.07044692154762203
71 0.6409363539486002 0.3228791446897499 0.05660913338648179 0.06900922927113992
71 0.6983541892406032 0.5227183711207591 0.05337432576439724 0.0575076910592832
11 0.8232986336436241 0.45658452640258346 0.1835753325533058 0.06613384471817575
47 0.5887750810424848 0.5255937556737232 0.05741783529200319 0.06613384471817575
47 0.9074036318178258 0.39116952782264874 0.04933081623679143 0.058945383335765274
47 0.5277180871756363 0.3207226062750268 0.05337432576439724 0.06182076788872951
8 0.900529665620896 0.6449222146217357 0.056609133386481686 0.0661338447181758
8 0.9644171161570684 0.32216029855150885 0.053374325764397386 0.06469615244169365
7 0.5337833514670451 0.5902899081154169 0.05418302766991843 0.06325846016521147
7 0.5871576772314424 0.39045068168440766 0.060652642914087875 0.06325846016521161
81 0.9911899491885372 0.7120484701262046 0.01762010162292569 0.0669698881606979
81 0.9930127183219432 0.5835094912371229 0.013974563356113521 0.06264925021484644
47 0.9921013337552401 0.6466988211952008 0.015797332489519818 0.06156909072838367
81 0.9936506875186355 0.4551325362710108 0.01269862496272907 0.06891417523633116
81 0.8018680331473133 0.32725757116812715 0.053668399184586664 0.06534964893100359
