81 0.17550143266475643 0.4036930913721744 0.13610315186246422 0.17064629099013054
81 0.75 0.4036930913721744 0.15616045845272197 0.18592804839223173
5 0.05444126074498568 0.5781598217128302 0.10888252148997137 0.16300541228907994
5 0.916189111747851 0.5921680993314231 0.16762177650429805 0.19611588666029925
73 0.053724928366762174 0.9189748487742757 0.10744985673352435 0.16205030245144855
73 0.914756446991404 0.9406240050939192 0.17048710601719194 0.11875198981216173
10 0.3202005730659026 0.5819802610633557 0.14756446991404007 0.17064629099013054
10 0.17908309455587393 0.755173511620503 0.14040114613180513 0.18592804839223176
10 0.3810888252148997 0.10315186246418338 0.24355300859598852 0.20630372492836677
10 0.9126074498567336 0.7870105062082139 0.1747851002865329 0.19866284622731625
40 0.745702005730659 0.5908946195479148 0.15616045845272197 0.1833810888252149
2 0.1776504297994269 0.5717924227952881 0.1346704871060172 0.16555237185609678
45 0.05300859598853868 0.40624005093919136 0.10601719197707736 0.1757402101241643
70 0.1797994269340974 0.9266157274753263 0.13896848137535817 0.1467685450493474
70 0.914756446991404 0.39605221267112384 0.17048710601719194 0.19102196752626555
33 0.32378223495702 0.402419611588666 0.1518624641833811 0.16809933142311373
