81 0.5883707300897238 0.6995545211280545 0.0549917295754394 0.06613384471817566
81 0.5855402734204 0.5665679855534625 0.05741783529200312 0.06469615244169362
81 0.5827098167510759 0.42783068087294185 0.061461344819608923 0.07188461382410402
81 0.5794750091289913 0.28406145322473364 0.0630787486306513 0.07475999837706819
81 0.6975454873350821 0.289812222330662 0.056609133386482 0.07188461382410406
81 0.8087419993442433 0.2890933761924209 0.054183027669918574 0.06757153699465786
81 0.9207472132589252 0.2883745300541799 0.05660913338648199 0.06900922927113992
81 0.9154906508730377 0.5615360625857753 0.050948220047833816 0.06038307561224741
5 0.5321659476560026 0.7038675979575005 0.057417835292003214 0.0661338447181756
5 0.856859762722752 0.691647213607403 0.054991729575439526 0.0704469215476215
5 0.6405320029958395 0.3573837593253198 0.05741783529200312 0.0690092292711399
73 0.9716954333067589 0.4954022178675996 0.05499172957543948 0.06900922927113981
73 0.8645424308252039 0.359540297740043 0.05418302766991843 0.06469615244169362
73 0.5248876305063122 0.360259143878284 0.049330816236791364 0.06613384471817568
73 0.6405320029958395 0.49827760242056374 0.05741783529200312 0.0690092292711399
5 0.974525889976083 0.35450837477235564 0.050948220047833816 0.06900922927113996
10 0.9700780294957165 0.6298264457186741 0.05660913338648186 0.06757153699465768
10 0.8617119741558796 0.49396452559111753 0.0533743257643971 0.06613384471817561
10 0.9725041352122801 0.42567414245821866 0.05499172957543962 0.06757153699465782
10 0.6995672420988851 0.4271118347347007 0.05741783529200305 0.07044692154762196
10 0.528122438128397 0.49827760242056374 0.050948220047833746 0.07188461382410402
10 0.5293354909866788 0.6334206764098793 0.05337432576439724 0.06613384471817582
71 0.9708867314012377 0.5622549087240164 0.056609133386482 0.06757153699465782
71 0.9700780294957166 0.6952414442986088 0.058226537197524096 0.06613384471817568
71 0.5863489753259212 0.6327018302716383 0.05903523910304543 0.06182076788872934
71 0.6397233010903185 0.2876556839159389 0.060652642914087736 0.07332230610058613
11 0.8305769507933146 0.42783068087294185 0.19813196685268664 0.07188461382410402
47 0.5839228696093578 0.49755875628232266 0.060652642914087736 0.06757153699465775
47 0.9191298094478829 0.35882145160180184 0.051756921953355 0.06613384471817575
8 0.9757389428343649 0.2840614532247337 0.048522114331270245 0.0690092292711399
8 0.9142775980147558 0.6262322150274688 0.053374325764397386 0.06613384471817568
7 0.5289311400339182 0.5680056778299446 0.0493308162367915 0.06757153699465782
7 0.580688061987273 0.3552272209105967 0.06388745053617256 0.07044692154762203
7 0.7525372169105217 0.29196876074538514 0.05499172957543962 0.06757153699465779
47 0.5236745776480305 0.2819049148100106 0.04690471052022786 0.06757153699465786
