73 0.053724928366762174 0.9177013689907674 0.10744985673352435 0.1645972620184655
73 0.9169054441260746 0.9406240050939192 0.16618911174785098 0.11875198981216173
5 0.9126074498567336 0.5870741801973893 0.1747851002865329 0.20120980579433287
5 0.053724928366762174 0.5705189430117796 0.10744985673352435 0.16300541228907994
10 0.9126074498567334 0.7895574657752307 0.16905444126074498 0.19866284622731617
10 0.38968481375358144 0.10569882203120028 0.21776504297994262 0.21139764406240055
10 0.31375358166189116 0.5705189430117796 0.1346704871060172 0.1782871696911812
10 0.17621776504297995 0.743712193568927 0.13180515759312322 0.19356892709328236
40 0.744269340974212 0.5819802610633557 0.16189111747851 0.2012098057943331
2 0.1776504297994269 0.5743393823623051 0.1346704871060172 0.18083412925819808
45 0.05229226361031518 0.39477873288761545 0.10458452722063036 0.1680993314231137
70 0.1869627507163324 0.9202483285577842 0.14756446991404007 0.15950334288443174
70 0.916189111747851 0.39095829353709005 0.16762177650429805 0.18592804839223173
33 0.31232091690544417 0.39859917223814073 0.1346704871060172 0.18083412925819803
81 0.7492836676217766 0.3922317733205985 0.15186246418338115 0.1833810888252149
81 0.17693409742120345 0.39223177332059855 0.13610315186246416 0.1680993314231137
