81 0.5267476448890109 0.7178850976532019 0.049816037380104136 0.07274722918999331
81 0.5267476448890109 0.5834608698021273 0.05159518157225072 0.06958430618173289
81 0.5258580727929376 0.45140883420724814 0.049816037380104206 0.06167699866108123
81 0.8447696692352114 0.4553624879675738 0.050705609476177214 0.06009553715695112
81 0.9506287486679326 0.581879408297997 0.057822186244763714 0.06958430618173267
81 0.9515183207640058 0.7115592516366808 0.05782218624476357 0.06958430618173281
81 0.9519631068120427 0.4545717572155087 0.053374325764397386 0.06483992166934187
81 0.8443248831871748 0.7083963286284203 0.05515346995654383 0.06642138317347204
81 0.6366097987540621 0.45219956495931357 0.0542638978604705 0.06958430618173213
5 0.8972544229035353 0.5186209481327855 0.0507056094761775 0.060095537156950984
5 0.9893251348471207 0.6506729837276646 0.02134973030575864 0.058514075652820664
5 0.5805667567014449 0.5186209481327855 0.05782218624476378 0.06642138317347218
73 0.8968096368554987 0.6467193299673388 0.051595181572250653 0.06325846016521154
73 0.793619273710997 0.5186209481327855 0.05515346995654383 0.060095537156950984
10 0.9897699208951571 0.5186209481327855 0.02046015820968563 0.06642138317347218
10 0.8968096368554987 0.581879408297997 0.05515346995654369 0.06642138317347218
10 0.7171160734486951 0.31382168334791327 0.0800614886465953 0.14391299687585643
71 0.5258580727929376 0.6490915222235343 0.0551534699565439 0.07116576768586298
71 0.9528526789081156 0.5202024096369158 0.053374325764397386 0.06325846016521161
19 0.9510735347159692 0.6490915222235343 0.05515346995654411 0.06483992166934194
19 0.8456592413312847 0.5194116788848505 0.050705609476177645 0.058514075652820734
19 0.5805667567014449 0.4529902957113784 0.054263897860470464 0.06800284467760243
1 0.8968096368554985 0.7107685208846155 0.053374325764397386 0.06167699866108123
1 0.7936192737109973 0.4537810264634436 0.0533743257643971 0.06325846016521161
1 0.5263028588409742 0.5186209481327854 0.052484753668324016 0.06325846016521154
49 0.9897699208951571 0.7155129053970066 0.02046015820968563 0.07116576768586313
49 0.8981439949996086 0.4521995649593133 0.05070560947617736 0.06325846016521154
50 0.8465488134273579 0.6467193299673388 0.04892646528403105 0.06325846016521154
50 0.9897699208951571 0.45536248796757384 0.02046015820968563 0.06325846016521154
