81 0.17048710601719197 0.6787647246099968 0.11174785100286533 0.1298949379178606
81 0.16618911174785098 0.15027061445399553 0.11747851002865328 0.14262973575294494
81 0.3889684813753581 0.15791149315504616 0.11604584527220631 0.13753581661891118
81 0.5902578796561605 0.15663801337153774 0.11174785100286527 0.12989493791786055
81 0.8065902578796563 0.16173193250557147 0.10601719197707724 0.12989493791786053
81 0.9871060171919771 0.1477236548869787 0.025787965616045766 0.13244189748487745
81 0.9806590257879657 0.413880929640242 0.038681948424068795 0.14008277618592807
81 0.9763610315186247 0.673670805475963 0.04727793696275071 0.12989493791786053
81 0.9749283667621776 0.9270932823941419 0.05014326647564474 0.12225405921681003
81 0.7893982808022915 0.9219993632601081 0.10601719197707754 0.13244189748487772
81 0.7936962750716333 0.6673034065584208 0.1031518624641835 0.12734797835084372
81 0.16690544412607453 0.4177013689907673 0.11318051575931232 0.13753581661891118
5 0.0666189111747851 0.9347341610951926 0.11604584527220631 0.12734797835084366
5 0.9083094555873924 0.282712511938873 0.11174785100286541 0.12734797835084372
5 0.2800859598853868 0.28653295128939826 0.10458452722063036 0.12480101878382682
73 0.903295128939828 0.5463228271251195 0.11031518624641871 0.12480101878382689
73 0.6977077363896848 0.2865329512893983 0.10315186246418336 0.12480101878382684
73 0.05300859598853868 0.28143903215536453 0.10601719197707736 0.1298949379178606
73 0.2822349570200573 0.5488697866921362 0.11461318051575929 0.12989493791786053
10 0.8989971346704871 0.7984718242597899 0.10744985673352431 0.1298949379178606
10 0.6926934097421205 0.5450493473416109 0.10171919770773641 0.13244189748487742
10 0.05873925501432664 0.5552371856096784 0.10888252148997134 0.12225405921680987
10 0.0651862464183381 0.8073861827443488 0.11031518624641834 0.12225405921681003
71 0.896131805157593 0.9143584845590575 0.10458452722063044 0.12734797835084366
71 0.8997134670487106 0.6711238459089462 0.1031518624641835 0.1298949379178606
71 0.9820916905444126 0.2801655523718561 0.03581661891117477 0.1426297357529449
71 0.27650429799426934 0.1553645335880293 0.11174785100286534 0.13244189748487745
71 0.17621776504297995 0.8099331423113658 0.11461318051575929 0.1273479783508438
11 0.6303724928366763 0.4189748487742757 0.38108882521489973 0.13498885705189437
10 0.9068767908309455 0.41515440942375037 0.10028653295128948 0.13753581661891112
47 0.9770773638968481 0.7971983444762814 0.04584527220630377 0.12734797835084366
47 0.8008595988538681 0.2890799108564151 0.10315186246418336 0.1248010187838268
47 0.17263610315186248 0.5514167462591532 0.11318051575931232 0.12989493791786047
8 0.9161891117478508 0.15027061445399556 0.10744985673352424 0.1273479783508437
7 0.06303724928366763 0.6838586437440306 0.10601719197707737 0.12480101878382677
7 0.16690544412607453 0.282712511938873 0.11604584527220627 0.13244189748487747
47 0.05229226361031518 0.1451766953199618 0.10458452722063036 0.12734797835084366
8 0.9792263610315186 0.5412289079910856 0.04154727793696281 0.12989493791786053
8 0.7922636103151862 0.7933779051257562 0.10315186246418336 0.12480101878382684
