81 0.5658888171162356 0.6332769071822314 0.06582833510942322 0.07116576768586298
81 0.9519631068120427 0.6332769071822313 0.06760747930156995 0.07749161370238411
81 0.9532974649561524 0.4735492952650722 0.07205533978193643 0.08065453671064482
81 0.9573005393884821 0.3161938756041083 0.06582833510942336 0.08223599821477504
81 0.8247542970735623 0.3169846063561734 0.07116576768586313 0.08065453671064475
81 0.6979902733831187 0.31935679861236893 0.06315961882120348 0.0853989212230357
81 0.5632201008280157 0.30907729883552204 0.06938662349371633 0.07749161370238418
5 0.6317171522256588 0.5534131012236518 0.06582833510942336 0.0759101521982538
5 0.8896930600869123 0.39447622005855765 0.06227004672513004 0.07116576768586307
5 0.5160727797361314 0.3921040278023622 0.02846630707434521 0.0790730752065145
73 0.5174071378802414 0.5573667549839776 0.029355879170418504 0.08381745971890531
73 0.8883587019428023 0.5526223704715867 0.06138047462905675 0.07432869069412348
10 0.5160727797361314 0.7139314438928761 0.030245451266491797 0.07116576768586313
10 0.6321619382736955 0.39684841231475304 0.06671790720549665 0.07591015219825387
10 0.8879139158947658 0.4743400260171373 0.05871175834083687 0.07907307520651458
10 0.564109672924089 0.47750294902539786 0.06582833510942336 0.08223599821477506
51 0.5663336031642722 0.5605296779922381 0.06493876301335 0.07432869069412362
51 0.9559661812443723 0.39605768156268795 0.06493876301335007 0.07432869069412362
51 0.5142936355439849 0.30986802958758713 0.026687162882198762 0.07907307520651444
11 0.7255670083613908 0.4767122182733327 0.22684088449868844 0.08065453671064475
20 0.5165175657841681 0.636439830190492 0.029355879170418504 0.08381745971890538
20 0.698879845479192 0.3968484123147531 0.06493876301335007 0.06958430618173267
20 0.8896930600869123 0.3169846063561735 0.06404919091727664 0.07749161370238418
20 0.9528526789081156 0.554994562727782 0.06760747930156981 0.07591015219825394
38 0.9519631068120424 0.7091870593804853 0.06760747930156961 0.08065453671064489
38 0.6352754406099521 0.6324861764301661 0.06760747930156988 0.07907307520651435
38 0.8225303668333791 0.3968484123147531 0.0684970513976431 0.07274722918999331
64 0.5636648868760523 0.39368548930649255 0.06849705139764303 0.07907307520651444
54 0.5663336031642722 0.7107685208846155 0.06671790720549652 0.07432869069412348
54 0.8861347717026191 0.6301139841739708 0.06582833510942322 0.07432869069412355
54 0.6321619382736954 0.3154031448520432 0.06849705139764317 0.0869803827271659
