81 0.5445390868104767 0.6838836753144006 0.06582833510942329 0.07432869069412362
81 0.5432047286663668 0.3770801435131244 0.06315961882120348 0.07749161370238418
81 0.6072539195836434 0.45061810345518294 0.05960133043691023 0.06642138317347225
81 0.8678985437331167 0.440338603678336 0.0684970513976431 0.07432869069412355
81 0.7998462783835103 0.3675913744883427 0.06760747930156995 0.07116576768586298
5 0.8687881158291901 0.6024384078516907 0.0684970513976431 0.07907307520651435
73 0.6139257103041931 0.6063920616120165 0.07116576768586284 0.07432869069412376
10 0.9430673858513097 0.6894187905788567 0.07650320026230276 0.09172476723955683
10 0.9408434556111264 0.5178302173807202 0.07027619558978984 0.08381745971890531
10 0.6659656779244805 0.3731264897527988 0.05782218624476385 0.07591015219825394
10 0.60903306377579 0.5265282556534369 0.07027619558978976 0.0822359982147752
10 0.7162265013526212 0.2821924532653071 0.0765032002623029 0.0901433057354265
11 0.7682664689729086 0.522574601893111 0.22862002869083498 0.08698038272716581
80 0.8687881158291901 0.6878373290747264 0.06671790720549652 0.0853989212230357
80 0.5432047286663667 0.45378102646344354 0.061380474629056894 0.07591015219825394
74 0.942622599803273 0.6048106001078861 0.07561362816622932 0.07432869069412348
74 0.6059195614395335 0.374707951256929 0.060490902532983594 0.06958430618173267
74 0.7998462783835103 0.44429225743866185 0.062270046725130326 0.07274722918999324
34 0.9395090974670165 0.4371756806700755 0.07472405607015631 0.07432869069412362
48 0.5449838728585132 0.6079735231161467 0.06493876301335007 0.07432869069412355
48 0.8661193995409704 0.36047479771975643 0.06671790720549652 0.07591015219825387
