81 0.06733524355300859 0.6163642152180833 0.12320916905444125 0.14262973575294488
81 0.8495702005730658 0.8748806112702961 0.12893982808022927 0.1298949379178606
81 0.9577363896848138 0.7207895574657752 0.08452722063037257 0.14772365488697872
81 0.8402578796561605 0.2559694364851958 0.1275071633237822 0.14517669531996172
81 0.9548710601719198 0.09423750397962433 0.09025787965616047 0.14772365488697867
81 0.3223495702005731 0.2941738299904489 0.12893982808022927 0.13498885705189434
5 0.19054441260744986 0.30054122890799106 0.12893982808022922 0.13244189748487742
5 0.8409742120343838 0.10315186246418338 0.13180515759312314 0.14008277618592807
73 0.7077363896848138 0.27125119388729707 0.1203438395415472 0.15027061445399556
10 0.9577363896848138 0.8736071314867877 0.08452722063037257 0.1426297357529451
10 0.7113180515759312 0.5807067812798472 0.12177650429799428 0.14262973575294496
10 0.8402578796561605 0.413880929640242 0.1303724928366762 0.16045845272206308
10 0.9548710601719198 0.2496020375676536 0.09025787965616047 0.1426297357529449
10 0.31446991404011465 0.14645017510347025 0.13037249283667623 0.1451766953199618
10 0.1969914040114613 0.452085323145495 0.1275071633237822 0.15536453358802924
71 0.18481375358166185 0.15027061445399553 0.1289398280802292 0.14772365488697864
11 0.5300859598853869 0.44062400509391914 0.46418338108882523 0.15281757402101234
35 0.20200573065902583 0.6074498567335244 0.12607449856733527 0.1298949379178606
35 0.7084527220630373 0.11843361986628462 0.12177650429799428 0.14517669531996177
8 0.8416905444126074 0.5730659025787965 0.12177650429799428 0.14262973575294488
8 0.5752148997134671 0.12607449856733524 0.11891117478510026 0.1451766953199618
8 0.05945558739255015 0.30945558739255014 0.1189111747851003 0.15536453358802926
4 0.07163323782234958 0.7730022285896212 0.12320916905444128 0.1451766953199619
4 0.7134670487106018 0.723336517032792 0.12034383954154734 0.13244189748487742
67 0.20916905444126072 0.7640878701050622 0.13753581661891118 0.1426297357529448
67 0.9555873925501434 0.5666985036612544 0.08882521489971353 0.13498885705189423
67 0.053724928366762174 0.15154409423750398 0.10744985673352435 0.1553645335880293
53 0.07091690544412607 0.9215218083412927 0.13610315186246416 0.15695638331741477
53 0.843839541547278 0.7284304361668259 0.13180515759312314 0.1426297357529451
53 0.576647564469914 0.28653295128939826 0.1217765042979942 0.1349888570518943
