81 0.14469914040114612 0.8188475007959248 0.12320916905444128 0.14517669531996177
81 0.12893982808022922 0.23559375994906082 0.12034383954154727 0.15027061445399553
81 0.6146131805157593 0.2279528812480102 0.1289398280802291 0.15027061445399553
81 0.8810888252148997 0.2139446036294174 0.13753581661891104 0.15281757402101243
81 0.8760744985673352 0.542502387774594 0.14469914040114618 0.1630054122890799
81 0.8710601719197707 0.8532314549506527 0.1404011461318052 0.1630054122890799
5 0.7378223495702005 0.3820439350525311 0.12607449856733524 0.15281757402101243
5 0.9713467048710601 0.7067812798471824 0.05730659025787972 0.16045845272206294
5 0.036532951289398284 0.3794969754855142 0.07306590257879657 0.13753581661891123
73 0.7406876790830945 0.6914995224450812 0.12607449856733524 0.15027061445399562
73 0.04011461318051576 0.6711238459089462 0.08022922636103152 0.1349888570518943
10 0.7392550143266476 0.9597262018465458 0.12893982808022927 0.08054759630690868
10 0.042263610315186245 0.9457179242279529 0.08452722063037249 0.10856415154409432
10 0.13610315186246416 0.5221267112384591 0.12034383954154727 0.15791149315504613
10 0.2521489971346705 0.38204393505253104 0.11747851002865328 0.1426297357529449
10 0.7371060171919771 0.5386819484240688 0.12750716332378217 0.15536453358802924
40 0.6117478510028653 0.37949697548551414 0.12320916905444122 0.14772365488697864
40 0.9756446991404012 0.20630372492836677 0.04871060171919765 0.1630054122890799
2 0.739971346704871 0.8468640560331104 0.12750716332378217 0.1553645335880293
2 0.4856733524355301 0.23304680038204392 0.12607449856733524 0.1553645335880293
2 0.1353868194842407 0.3833174148360395 0.1189111747851003 0.140082776185928
45 0.032234957020057305 0.22667940146450175 0.06446991404011461 0.13753581661891118
52 0.8739255014326648 0.3820439350525311 0.14899713467048714 0.16300541228907994
70 0.14040114613180515 0.6685768863419292 0.11747851002865328 0.140082776185928
70 0.9727793696275071 0.8595988538681948 0.054441260744985696 0.1553645335880293
70 0.7406876790830945 0.22667940146450175 0.1289398280802291 0.15791149315504616
33 0.8739255014326648 0.9648201209805793 0.13180515759312314 0.07035975803884113
33 0.1511461318051576 0.943170964660936 0.13037249283667623 0.11365807067812796
33 0.2464183381088825 0.23049984081502706 0.11747851002865328 0.15027061445399556
73 0.48782234957020065 0.3858643744030563 0.1275071633237821 0.14008277618592807
45 0.8732091690544413 0.7016873607131486 0.1332378223495702 0.1553645335880293
10 0.9749283667621776 0.3807704552690226 0.05014326647564474 0.16045845272206308
42 0.04083094555873926 0.8150270614453996 0.08166189111747851 0.13753581661891132
42 0.6153295128939827 0.6902260426615727 0.11891117478510026 0.14262973575294496
11 0.43051575931232094 0.533588029290035 0.3767908309455587 0.14517669531996177
