81 0.5387568681860003 0.6166715613888634 0.07205533978193636 0.08856184423129619
81 0.5351985798017072 0.27428514574465557 0.06849705139764317 0.06483992166934183
81 0.6793092593655797 0.2774480687529162 0.07383448397408288 0.06167699866108126
81 0.8189720784490859 0.28140172251324197 0.07383448397408302 0.07274722918999327
81 0.9559661812443723 0.4395478729262709 0.07205533978193643 0.09172476723955675
81 0.9546318231002624 0.6079735231161467 0.07294491187800943 0.08698038272716588
81 0.9590796835806288 0.27665733800085107 0.07472405607015617 0.06642138317347221
5 0.6094778498238266 0.528109717157567 0.0729449118780095 0.0853989212230357
5 0.8870243437986924 0.3565211439594307 0.06582833510942322 0.08381745971890538
73 0.8848004135585092 0.5289004479096322 0.06671790720549665 0.07749161370238411
10 0.6112569940159731 0.6989075596036384 0.06938662349371633 0.0853989212230357
10 0.60903306377579 0.35731187471149584 0.0738344839740828 0.08856184423129619
10 0.5369777239938537 0.4435015266865966 0.06849705139764317 0.08698038272716588
10 0.885245199606546 0.4435015266865966 0.06582833510942336 0.09014330573542657
51 0.5387568681860003 0.5312726401658278 0.07027619558978969 0.08539892122303555
51 0.957745325436519 0.3541489517032352 0.07027619558978969 0.0790730752065145
11 0.7171160734486943 0.4435015266865966 0.23840532174764115 0.08381745971890531
38 0.9528526789081159 0.6933724443391823 0.07116576768586313 0.08381745971890524
38 0.6094778498238267 0.6135086383806027 0.06760747930156988 0.08539892122303555
38 0.8189720784490859 0.35731187471149584 0.07027619558978984 0.08223599821477506
64 0.5356433658497438 0.35414895170323524 0.06582833510942322 0.08539892122303566
64 0.7500302410034061 0.2798202610091116 0.06760747930156981 0.06642138317347214
64 0.8158585761128296 0.5265282556534369 0.06938662349371655 0.07591015219825387
54 0.5387568681860003 0.702070482611899 0.07383448397408295 0.09172476723955683
54 0.8830212693663627 0.6103457153723422 0.06849705139764296 0.08223599821477506
54 0.6068091335356068 0.2790295302570465 0.07116576768586298 0.06800284467760243
20 0.9546318231002624 0.5273189864055019 0.07116576768586313 0.08381745971890538
20 0.8892482740388757 0.2790295302570465 0.06493876301334993 0.06483992166934187
20 0.6806436175096897 0.35968406696769123 0.07116576768586313 0.07749161370238418
54 0.6842019058939829 0.528109717157567 0.07294491187800958 0.08223599821477506
