81 0.03080229226361032 0.9533588029290035 0.06160458452722064 0.09328239414199302
81 0.23352435530085958 0.9495383635784782 0.11174785100286527 0.1009232728430436
81 0.03151862464183381 0.7055078000636741 0.06303724928366762 0.13753581661891118
81 0.032951289398280806 0.43935052531041063 0.06590257879656161 0.12480101878382677
81 0.23352435530085958 0.43935052531041063 0.10601719197707737 0.12989493791786053
81 0.6518624641833811 0.43935052531041063 0.10028653295128948 0.12989493791786053
81 0.8588825214899714 0.4457179242279528 0.10458452722063029 0.12734797835084372
81 0.8574498567335244 0.6927730022285897 0.11031518624641834 0.13753581661891118
81 0.8567335243553008 0.9418974848774276 0.10888252148997139 0.11620503024514477
5 0.12249283667621778 0.5717924227952881 0.11031518624641835 0.12480101878382677
5 0.751432664756447 0.5705189430117796 0.10171919770773627 0.12225405921680987
5 0.9548710601719198 0.8264883794969754 0.09025787965616047 0.12989493791786047
73 0.7514326647564471 0.8226679401464503 0.10458452722063029 0.12225405921681003
73 0.12106017191977077 0.8341292581980261 0.11031518624641834 0.1298949379178606
10 0.7492836676217765 0.696593441579115 0.10601719197707724 0.1298949379178606
10 0.9548710601719198 0.5717924227952881 0.08739255014326659 0.12480101878382677
10 0.3431232091690544 0.5628780643107291 0.10744985673352435 0.11716014008277618
10 0.23495702005730656 0.6978669213626233 0.10601719197707733 0.12734797835084372
10 0.3904011461318052 0.16427889207258833 0.19627507163323776 0.32855778414517667
71 0.8588825214899714 0.5692454632282713 0.10458452722063029 0.12480101878382677
71 0.3424068767908309 0.4457179242279528 0.10888252148997132 0.13244189748487747
71 0.03151862464183381 0.8354027379815346 0.06303724928366762 0.12734797835084366
19 0.8538681948424067 0.827761859280484 0.1031518624641835 0.12734797835084366
19 0.12249283667621774 0.43807704552690224 0.1160458452722063 0.13244189748487742
1 0.7507163323782234 0.943170964660936 0.10315186246418322 0.11365807067812796
1 0.23352435530085958 0.825214899713467 0.10888252148997132 0.13244189748487742
1 0.03151862464183381 0.5692454632282713 0.06303724928366762 0.12480101878382677
49 0.9541547277936963 0.9482648837949698 0.09169054441260754 0.10347023241006043
49 0.7535816618911175 0.4457179242279528 0.10601719197707737 0.12734797835084372
49 0.23280802292263608 0.5666985036612543 0.10744985673352435 0.12480101878382677
50 0.9555873925501434 0.4482648837949698 0.08882521489971353 0.12225405921680994
50 0.11962750716332379 0.9482648837949698 0.11031518624641835 0.10347023241006043
81 0.4491404011461318 0.4444444444444444 0.10744985673352431 0.12480101878382684
1 0.5508595988538681 0.4457179242279528 0.09885386819484226 0.12225405921680992
