81 0.17320534223706174 0.47412353923205347 0.1026711185308848 0.11723242441105547
81 0.17111853088480802 0.7256538675570394 0.10183639398998333 0.11871637915043592
81 0.7879799666110184 0.5000927471712113 0.09849749582637728 0.12465219810795766
81 0.7833889816360601 0.7508810981265072 0.09766277128547586 0.12168428862919684
81 0.9741235392320534 0.7627527360415507 0.048414023372287146 0.11871637915043579
81 0.9757929883138564 0.5045446113893527 0.045075125208681184 0.12465219810795773
81 0.7950751252086812 0.2448525319977741 0.1026711185308848 0.08903728436282694
81 0.9820534223706177 0.2455945093674643 0.03255425709515862 0.08755332962344649
81 0.16277128547579298 0.9601187163791505 0.09682804674457429 0.0771656464477833
80 0.27796327212020033 0.479317380819885 0.10016694490818033 0.12168428862919684
80 0.05717863105175292 0.9601187163791505 0.10767946577629382 0.0712298274902615
80 0.785058430717863 0.6210350584307178 0.10100166944908195 0.11723242441105555
80 0.9720367278797997 0.8903728436282694 0.05258764607679467 0.12762010758671863
80 0.9144407345575959 0.023001298460396953 0.10767946577629388 0.04006677796327211
81 0.37854757929883137 0.48228529029864586 0.0959933222036728 0.11574846967167503
10 0.17237061769616027 0.21962530142830644 0.0726210350584307 0.1187163791504359
10 0.2783806343906511 0.09497310332034874 0.10434056761268778 0.1305880170654795
10 0.9098497495826376 0.11055462808384345 0.10350584307178635 0.12316824336857725
10 0.8935726210350583 0.6306807642366908 0.10434056761268792 0.12762010758671863
10 0.8885642737896495 0.882211092561677 0.10601001669449076 0.13207197180486005
81 0.785058430717863 0.9727323316638842 0.09432387312186975 0.05193841587831571
73 0.8906510851419032 0.7545909849749584 0.10684474123539232 0.12613615284733826
73 0.6869782971619365 0.3709886848451122 0.09849749582637735 0.12465219810795773
73 0.060517529215358905 0.33908365794843265 0.10934891485809678 0.12316824336857725
10 0.06176961602671119 0.6010016694490818 0.11185308848080133 0.12168428862919684
10 0.6907345575959934 0.24411055462808384 0.07095158597662773 0.12020033388981634
5 0.8985809682804674 0.37469857169356335 0.10434056761268778 0.12910406232609906
5 0.6936560934891486 0.11352253756260434 0.10350584307178622 0.12613615284733817
5 0.27796327212020033 0.35243925060285664 0.1018363939899833 0.12613615284733812
5 0.058430717863105185 0.07716564644778334 0.11352253756260434 0.12168428862919681
81 0.5813856427378965 0.4904470413652383 0.10601001669449082 0.11426451493229457
5 0.05968280467445743 0.853273975143758 0.10767946577629382 0.12168428862919684
24 0.7800500834724541 0.8785012057132258 0.10434056761268778 0.12168428862919668
24 0.0634390651085142 0.4726395844926729 0.11018363939899833 0.12613615284733817
78 0.1702838063439065 0.08532739751437582 0.10851419031719532 0.13207197180485994
78 0.8956594323873123 0.5015767019105917 0.10517529215358934 0.12465219810795766
78 0.060517529215358926 0.7263958449267298 0.10767946577629381 0.12316824336857721
10 0.27963272120200333 0.6039695789278428 0.10350584307178629 0.12762010758671863
55 0.6853088480801336 0.49638286032276013 0.09849749582637721 0.12316824336857721
55 0.38063439065108506 0.35763309219068823 0.0984974958263773 0.12168428862919675
78 0.5784641068447413 0.3709886848451122 0.11352253756260432 0.1216842886291968
60 0.1719532554257095 0.34501947690595436 0.1051752921535893 0.12316824336857721
60 0.9737061769616027 0.6336486737154517 0.04924874791318871 0.12168428862919684
60 0.8910684474123539 0.9749582637729549 0.10767946577629374 0.04451864218141353
60 0.6957429048414023 0.023001298460396953 0.10267111853088494 0.04006677796327211
81 0.8030050083472454 0.021517343721016505 0.10684474123539232 0.04303468744203301
81 0.5901502504173622 0.019291411611945836 0.10016694490818026 0.035614913745130775
59 0.8000834724540903 0.11055462808384345 0.1026711185308848 0.12316824336857725
68 0.38188647746243737 0.10387683175663141 0.10100166944908182 0.11574846967167503
68 0.7904841402337229 0.3709886848451122 0.10016694490818026 0.1187163791504359
36 0.9778797996661102 0.37469857169356335 0.04090150250417366 0.12020033388981634
36 0.58889816360601 0.11278056019291412 0.0993322203672789 0.12762010758671863
11 0.4336393989983307 0.2270450751252087 0.3080133555926546 0.09794101279910966
