81 0.1364774624373956 0.5631608235948804 0.1076794657762938 0.12613615284733817
81 0.2558430717863105 0.6982007048785013 0.10767946577629381 0.1112966054535336
81 0.8284641068447413 0.8540159525134484 0.10934891485809686 0.11426451493229464
81 0.9424040066777962 0.9682804674457429 0.10350584307178635 0.05787423483583765
81 0.9553422370617696 0.44667037655351505 0.08096828046744577 0.12168428862919675
81 0.7303839732888148 0.15878315711370802 0.1168614357262102 0.13355592654424042
81 0.6093489148580968 0.035614913745130775 0.11519198664440729 0.06529400853273976
81 0.2466611018363941 0.1402337228714524 0.11268781302170292 0.12910406232609903
18 0.1139398998330551 0.02300129846039697 0.11936560934891484 0.04600259692079394
5 0.1444073455759599 0.9445371916156557 0.1068447412353923 0.09348914858096818
5 0.7199499165275456 0.443702467074754 0.11268781302170282 0.11278056019291391
10 0.8380634390651085 0.5824522352068262 0.10684474123539232 0.1172324244110554
10 0.9482470784641069 0.7278797996661102 0.09181969949916535 0.12613615284733812
10 0.9636894824707847 0.145427564459284 0.06594323873121866 0.1335559265442404
10 0.853923205342237 0.30346874420330183 0.1118530884808014 0.13207197180485994
10 0.24540901502504173 0.28788721943980705 0.11686143572621034 0.13652383602300128
10 0.14273789649415694 0.8243368577258394 0.11352253756260433 0.1112966054535336
10 0.363939899833055 0.034130959005750326 0.11352253756260432 0.059358189575217955
10 0.8668614357262103 0.0333889816360601 0.12437395659432383 0.0667779632721202
11 0.5421535893155259 0.30421072157299206 0.39816360601001677 0.12465219810795776
73 0.24958263772954925 0.4273789649415693 0.11352253756260432 0.12465219810795766
80 0.36727879799666097 0.4340567612687813 0.11018363939899833 0.12316824336857725
80 0.11769616026711187 0.13429790391393062 0.12020033388981638 0.12910406232609908
80 0.7174457429048414 0.5839361899462067 0.10767946577629388 0.1142645149322945
48 0.833889816360601 0.7197180485995177 0.1118530884808014 0.11574846967167503
48 0.12896494156928212 0.419959191244667 0.11435726210350584 0.12168428862919684
48 0.7370617696160267 0.03709886848451122 0.12020033388981645 0.07122982749026155
74 0.8255425709515855 0.9645705805972917 0.11519198664440734 0.06529400853274002
74 0.13898163606010017 0.6930068632906696 0.11101836393989982 0.1068447412353924
74 0.8451585976627711 0.4437024670747542 0.11268781302170282 0.11871637915043586
74 0.6076794657762938 0.16026711185308848 0.11185308848080133 0.1276201075867186
74 0.23914858096828048 0.028937117417918757 0.11435726210350584 0.05490632535707661
18 0.9515859766277128 0.5869040994249676 0.08848080133555924 0.12316824336857728
18 0.36602671118530883 0.14765349656835466 0.11936560934891488 0.12910406232609906
34 0.25834724540901505 0.8280467445742907 0.10434056761268778 0.10981265071415347
34 0.25333889816360605 0.5631608235948804 0.10934891485809682 0.11129660545353375
34 0.9444908180300502 0.8592097941012798 0.09933222036727883 0.11278056019291412
34 0.8589315525876461 0.15136338341680577 0.11686143572621034 0.12168428862919681
34 0.4878964941569282 0.03487293637544055 0.11101836393989992 0.0697458727508811
