81 0.20415472779369626 0.8990767271569564 0.1017191977077364 0.09169054441260754
81 0.29727793696275073 0.5768863419293219 0.09025787965616047 0.09423750397962437
81 0.20558739255014324 0.4609996816300541 0.0959885386819484 0.09678446354664118
73 0.7550143266475644 0.4915631964342566 0.05157593123209168 0.08150270614453987
85 0.2027220630372493 0.9737344794651385 0.09885386819484239 0.05253104106972296
85 0.20702005730659023 0.5717924227952882 0.09885386819484239 0.10951926138172567
10 0.7521489971346704 0.5717924227952881 0.057306590257879576 0.07386182744348936
10 0.6948424068767909 0.4890162368672398 0.0601719197707736 0.09678446354664125
10 0.3022922636103152 0.6787647246099968 0.09455587392550147 0.10951926138172553
51 0.2994269340974212 0.8978032473734479 0.0859598853868195 0.09933142311365813
13 0.30014326647564465 0.46991404011461313 0.09025787965616043 0.10442534224769183
13 0.6926934097421205 0.5743393823623051 0.058739255014326516 0.07386182744348929
71 0.20415472779369628 0.7946513849092645 0.09312320916905445 0.09678446354664132
61 0.3868194842406876 0.5794333014963388 0.08022922636103154 0.10951926138172546
56 0.6260744985673352 0.48519579751671443 0.07736389684813752 0.0942375039796243
81 0.3015759312320917 0.9750079592486469 0.09025787965616047 0.0499840815027062
