81 0.0634390651085142 0.2953069931367093 0.12186978297161938 0.1276201075867186
81 0.181135225375626 0.4340567612687813 0.10851419031719534 0.12613615284733812
81 0.06010016694490819 0.8376924503802634 0.11352253756260434 0.1320719718048599
81 0.17612687813021702 0.9497310332034873 0.11018363939899832 0.086069374884066
81 0.8259599332220366 0.7145242070116862 0.09599332220367274 0.12020033388981631
81 0.6210350584307183 0.45631608235948795 0.10684474123539232 0.11129660545353348
10 0.7295492487479132 0.3331478389909108 0.10183639398998338 0.12910406232609908
10 0.8284641068447413 0.46447783342608046 0.09432387312186989 0.1157484696716751
10 0.723288814691152 0.5869040994249676 0.06594323873121866 0.11723242441105562
10 0.8255425709515859 0.9534409200519385 0.08681135225375627 0.08755332962344653
10 0.1823873121869783 0.5698386199220923 0.07429048414023373 0.12168428862919675
10 0.2892320534223707 0.839918382489334 0.10267111853088469 0.13355592654424037
10 0.2967445742904841 0.3049526989426823 0.11101836393989978 0.13503988128362085
10 0.3839732888146912 0.12539417547764795 0.13856427378964944 0.24188462251901316
73 0.8301335559265443 0.33611574846967174 0.09432387312186975 0.12316824336857728
73 0.1798831385642738 0.7056204785754034 0.11435726210350586 0.1380077907623818
26 0.1832220367278798 0.3005008347245409 0.11101836393989982 0.13503988128362082
30 0.2946577629382304 0.43999258022630305 0.10851419031719534 0.12613615284733812
5 0.39941569282136896 0.4422185123353738 0.09933222036727876 0.11871637915043592
20 0.4040066777963272 0.3116304952698943 0.09348914858096818 0.12465219810795769
20 0.8263772954924875 0.8339825635318122 0.09015025041736223 0.11574846967167503
63 0.05968280467445743 0.951956965312558 0.11602671118530886 0.09052123910220743
63 0.06469115191986645 0.42886291968094975 0.11936560934891487 0.13058801706547954
57 0.17821368948247077 0.8376924503802634 0.11268781302170286 0.12020033388981631
47 0.7278797996661102 0.4607679465776295 0.10016694490818026 0.11723242441105547
47 0.2913188647746243 0.9534409200519383 0.10684474123539242 0.0786496011871638
51 0.06302170283806344 0.6989426822481914 0.11602671118530886 0.12762010758671863
22 0.6239565943238724 0.3279539974030793 0.1026711185308847 0.13355592654424048
72 0.2913188647746244 0.7019105917269524 0.1085141903171953 0.13058801706547946
10 0.333889816360601 0.8332405861621219 0.011686143572621006 0.007419773696902183
11 0.46243739565943237 0.5728065294008533 0.375626043405676 0.10684474123539232
