81 0.9323483528467347 0.7025489034903185 0.04108377226450803 0.04124245311949164
81 0.9740393487060345 0.6027871078830002 0.049711885456529936 0.053026011153631813
81 0.8624637835702674 0.4790597485245259 0.02761771414251655 0.02945889508535103
81 0.8928432691270359 0.5119555147031679 0.030931839839618506 0.03436871093290947
56 0.8933956234098861 0.4785687669397701 0.03424596553672075 0.03240478459388612
73 0.9759725886960107 0.4761138590159908 0.048054822607978734 0.03927852678046797
85 0.9734869944231842 0.7319152646737895 0.051921302587931 0.03240478459388706
85 0.9757752305914531 0.6450296327123445 0.04915953117367906 0.0451703057975372
10 0.977428118310375 0.6861719216366434 0.045283501307724544 0.047134232136560976
10 0.9299625440307073 0.6302059380834312 0.03756009123382258 0.04320637945851424
10 0.9754202344131602 0.5207931832287731 0.04805482260797888 0.040260489949979786
10 0.9309557146437086 0.5551618941616827 0.03976950836522377 0.044188342628026615
10 0.9315080689265591 0.4770958221855025 0.040874216930924516 0.03535067410242128
10 0.8290463494578225 0.4353623874812552 0.04253127977947543 0.05793582700119032
10 0.8138566066794383 0.48053269327879344 0.020989462748312492 0.024549079237792596
71 0.9246446863878249 0.7291308538765554 0.05199378132981357 0.028186058827174808
71 0.836503132276302 0.48004171169403764 0.02209417131401324 0.027494968746327616
13 0.9298510060780081 0.5183382753049939 0.036455382668121955 0.03535067410242121
13 0.9296942829068081 0.6673725962511365 0.04139373505190953 0.04021997019219279
51 0.8621876064288423 0.5134284594574354 0.027065359859666387 0.03338674776339779
56 0.9316927328801989 0.5877814940946283 0.040540269532355025 0.038930282878437576
