81 0.21073250728862974 0.303935860058309 0.08855685131195333 0.10641399416909621
81 0.3021592565597668 0.41836734693877553 0.08609693877551021 0.10204081632653057
81 0.5891490524781342 0.32142857142857145 0.07625728862973759 0.10349854227405249
81 0.6764759475218659 0.434402332361516 0.08855685131195337 0.10787172011661803
72 0.857689504373178 0.6690962099125365 0.09183673469387771 0.10787172011661804
11 0.7568330903790084 0.9693877551020398 0.09347667638483963 0.05539358600583043
81 0.20540269679300294 0.7485422740524781 0.08609693877551024 0.10932944606413997
10 0.7621629008746357 0.7740524781341108 0.08937682215743437 0.1078717201166181
10 0.855229591836735 0.89067055393586 0.0934766763848397 0.11078717201166172
10 0.7670827259475219 0.5495626822157434 0.07133746355685133 0.09912536443148688
10 0.8621993440233237 0.44387755102040816 0.09265670553935877 0.11516034985422742
10 0.7728225218658892 0.32944606413994165 0.09101676384839649 0.1166180758017493
10 0.3021592565597668 0.5284256559766763 0.05329810495626823 0.10641399416909621
10 0.2082725947521866 0.9526239067055394 0.08855685131195337 0.08600583090379005
10 0.46533345481049565 0.14504373177842567 0.10905612244897953 0.2142857142857143
63 0.2099125364431487 0.41545189504373176 0.09183673469387756 0.1078717201166181
63 0.7642128279883383 0.6625364431486881 0.0869169096209913 0.10932944606414004
63 0.5846392128279885 0.434402332361516 0.0869169096209913 0.11078717201166179
63 0.8539996355685132 0.9701166180758019 0.0975765306122452 0.05102040816326521
63 0.20540269679300294 0.8556851311953352 0.0910167638483965 0.10204081632653057
22 0.6777059037900875 0.32215743440233235 0.08937682215743444 0.10495626822157429
22 0.298469387755102 0.9584548104956268 0.08691690962099127 0.07434402332361514
73 0.3005193148688047 0.64067055393586 0.09101676384839653 0.10058309037900863
73 0.8658892128279885 0.33017492711370267 0.08855685131195329 0.10349854227405249
47 0.7699526239067057 0.4395043731778426 0.08855685131195329 0.10932944606413997
57 0.30133928571428575 0.7507288629737608 0.09429664723032076 0.11370262390670546
26 0.6604865160349853 0.967201166180758 0.08773688046647245 0.06268221574344006
26 0.30338921282798836 0.30685131195335275 0.08855685131195333 0.1093294460641399
30 0.39973578717201164 0.4220116618075802 0.10085641399416907 0.1093294460641399
20 0.8568695335276968 0.7755102040816325 0.0934766763848397 0.10495626822157433
72 0.7597029883381924 0.8855685131195336 0.09265670553935862 0.10641399416909621
11 0.524371355685131 0.5415451895043731 0.32060860058309026 0.09766763848396492
