81 0.13647746243739564 0.558708959376739 0.12103505843071787 0.1409757002411427
81 0.1343906510851419 0.8451122240771656 0.12020033388981637 0.13207197180486005
81 0.37854757929883137 0.03264700426636988 0.11435726210350582 0.062326099053978845
81 0.6076794657762938 0.03858282322389167 0.11185308848080133 0.07716564644778334
81 0.8376460767946576 0.04155073270265257 0.11769616026711177 0.08310146540530514
81 0.8213689482470784 0.5728065294008533 0.10684474123539232 0.13355592654424042
81 0.8163606010016694 0.849564088295307 0.1085141903171953 0.1380077907623817
5 0.25918196994991655 0.4199591912446671 0.11435726210350587 0.13949174550176216
5 0.9390651085141903 0.43999258022630305 0.1118530884808014 0.1380077907623817
5 0.7178631051752922 0.15655722500463737 0.11018363939899842 0.13800779076238176
5 0.035058430717863104 0.9623446484882211 0.0651085141903172 0.06677796327212021
5 0.035058430717863104 0.10907067334446299 0.07011686143572621 0.15581524763494714
10 0.1419031719532554 0.2641439436097199 0.08347245409015022 0.13949174550176222
10 0.2595993322203673 0.13281394917455017 0.12020033388981638 0.15284733815618623
73 0.93322203672788 0.717492116490447 0.11352253756260425 0.13800779076238157
10 0.9465776293823037 0.15729920237432757 0.10350584307178635 0.13355592654424042
10 0.25918196994991655 0.7048785012057133 0.11769616026711184 0.13949174550176224
10 0.036727879799666116 0.7063624559450936 0.07178631051752922 0.13949174550176216
10 0.9332220367278797 0.9623446484882211 0.11853088480801346 0.07271378222964202
80 0.818864774624374 0.7167501391207568 0.1085141903171953 0.13355592654424042
80 0.25918196994991655 0.5624188462251901 0.11769616026711184 0.13949174550176216
80 0.9465776293823037 0.04080875533296235 0.1001669449081804 0.07864960118716378
81 0.8292988313856428 0.29604897050639956 0.10934891485809686 0.08458542014468563
10 0.7174457429048414 0.30124281209423115 0.06427378964941567 0.12762010758671866
11 0.4257095158597663 0.27675755889445375 0.32888146911519195 0.10239287701725097
36 0.03714524207011685 0.4095715080690038 0.07095158597662769 0.14542756445928393
73 0.7124373956594324 0.4370246707475422 0.1060100166944909 0.1320719718048599
78 0.13522537562604342 0.12094231125950661 0.12687813021702837 0.15878315711370805
37 0.13480801335559267 0.7011686143572621 0.12270450751252088 0.13503988128362088
81 0.3772954924874792 0.5676126878130217 0.11519198664440729 0.1380077907623817
55 0.3752086811352254 0.4251530328324986 0.10934891485809686 0.1380077907623818
24 0.8155258764607679 0.9571508069003895 0.1085141903171953 0.0771656464477833
24 0.03631051752921536 0.558708959376739 0.07262103505843072 0.1380077907623818
78 0.034641068447412354 0.8547579298831386 0.06928213689482471 0.142459654980523
78 0.6080968280467445 0.43554071600816174 0.08931552587646074 0.13207197180486
81 0.597245409015025 0.5705805972917826 0.10934891485809672 0.12316824336857728
78 0.934474123539232 0.578742348358375 0.1143572621035058 0.13652383602300133
68 0.9319699499165273 0.856241884622519 0.112687813021702 0.1305880170654798
60 0.3789649415692821 0.14468558708959375 0.11352253756260446 0.14987942867742535
24 0.7207846410684473 0.04080875533296235 0.10767946577629388 0.07864960118716378
68 0.823873121869783 0.43628269337785197 0.10350584307178635 0.12762010758671863
55 0.7099332220367279 0.5757744388796141 0.10601001669449076 0.13058801706547954
73 0.7057595993322203 0.7115562975329253 0.10601001669449076 0.12613615284733812
59 0.8326377295492488 0.15729920237432757 0.10934891485809686 0.13652383602300133
59 0.1310517529215359 0.9630866258579113 0.12353923205342239 0.0712298274902615
27 0.493322203672788 0.035614913745130775 0.1118530884808014 0.07122982749026155
60 0.1368948247078464 0.41550732702652565 0.12186978297161936 0.14542756445928404
36 0.6043405676126877 0.1550732702652568 0.11519198664440725 0.14097570024114248
60 0.25792988313856424 0.8451122240771656 0.12020033388981638 0.13503988128362082
37 0.25876460767946574 0.029679094787608978 0.12186978297161939 0.059358189575217955
