81 0.10100166944908179 0.30124281209423115 0.1085141903171953 0.13355592654424037
30 0.21285475792988312 0.43331478389909106 0.1068447412353923 0.12465219810795766
81 0.6452420701168614 0.4503802634019663 0.10016694490818033 0.12020033388981641
81 0.8493322203672787 0.7100723427935449 0.09432387312186975 0.129104062326099
81 0.09808013355592654 0.8243368577258394 0.10601001669449082 0.12316824336857735
81 0.20909849749582637 0.9445371916156557 0.10934891485809685 0.09942496753848999
73 0.20909849749582637 0.6944908180300502 0.10934891485809685 0.12762010758671877
73 0.8555926544240401 0.33240586162122054 0.09515859766277131 0.12465219810795766
10 0.7537562604340567 0.32572806529400855 0.09849749582637742 0.12613615284733815
10 0.8547579298831386 0.4555741049897978 0.09849749582637742 0.11871637915043592
10 0.7207846410684473 0.5216100908922279 0.0025041736227045417 0.001483954739380451
10 0.7520868113522533 0.5809682804674456 0.06343906510851409 0.11426451493229454
10 0.3234557595993322 0.3071786310517529 0.10767946577629388 0.12465219810795769
10 0.8497495826377295 0.9475051010944167 0.1051752921535892 0.0964570580597291
63 0.09682804674457429 0.9423112595065849 0.11018363939899832 0.10387683175663141
63 0.09891485809682805 0.43108885179002043 0.11101836393989982 0.12316824336857728
10 0.40191986644407346 0.11649044704136523 0.12771285475792993 0.22704507512520866
26 0.21202003338898162 0.3005008347245409 0.1085141903171953 0.1291040623260991
47 0.7516694490818031 0.4540901502504174 0.09933222036727883 0.12762010758671863
22 0.6452420701168614 0.32350213318493787 0.10350584307178629 0.12465219810795769
51 0.09766277128547579 0.6944908180300502 0.10851419031719532 0.12465219810795773
5 0.4282136894824708 0.43554071600816174 0.10684474123539232 0.11426451493229457
30 0.32053422370617696 0.43331478389909106 0.10183639398998338 0.12762010758671857
20 0.8518363939899833 0.8347245409015025 0.10434056761268778 0.1112966054535336
72 0.31636060100166946 0.6982007048785012 0.09682804674457429 0.12316824336857728
63 0.7483305509181969 0.7085883880541644 0.09933222036727883 0.1142645149322945
11 0.49123539232053415 0.5772583936189946 0.3664440734557596 0.12168428862919684
