81 0.2299426934097421 0.8392231773320599 0.11604584527220631 0.14008277618592813
81 0.2270773638968481 0.5565106653931869 0.11031518624641834 0.1349888570518943
81 0.024355300859598854 0.5590576249602038 0.04871060171919771 0.13498885705189437
81 0.024355300859598854 0.8443170964660937 0.04871060171919771 0.14008277618592813
81 0.024355300859598854 0.28143903215536453 0.04871060171919771 0.1451766953199618
81 0.22421203438395415 0.034383954154727794 0.11318051575931232 0.06876790830945559
81 0.45487106017191975 0.03947787328876154 0.11318051575931236 0.07895574657752308
81 0.6790830945558739 0.04202483285577841 0.11174785100286541 0.08404966571155682
81 0.9097421203438397 0.039477873288761525 0.12607449856733519 0.07895574657752305
81 0.9032951289398281 0.29162687042343205 0.11891117478510026 0.14008277618592807
81 0.8997134670487106 0.5679719834447627 0.11747851002865332 0.13244189748487742
81 0.8997134670487106 0.8494110156001272 0.11747851002865332 0.1451766953199619
5 0.10888252148997132 0.9584527220630372 0.11747851002865328 0.08309455587392549
5 0.3424068767908309 0.4278892072588348 0.11174785100286531 0.13244189748487742
5 0.10959885386819483 0.13753581661891118 0.12177650429799426 0.1426297357529449
5 0.7901146131805157 0.15281757402101243 0.11031518624641834 0.12734797835084366
5 0.787249283667622 0.9584527220630369 0.11318051575931205 0.08309455587392535
73 0.7858166189111748 0.43170964660936006 0.11318051575931236 0.12480101878382684
73 0.11246418338108882 0.422795288124801 0.1160458452722063 0.13244189748487742
10 0.7858166189111748 0.7004138809296403 0.11031518624641834 0.14772365488697858
10 0.7893982808022922 0.29544730977395733 0.11747851002865332 0.14262973575294488
10 0.34097421203438394 0.14772365488697867 0.11174785100286531 0.1426297357529449
10 0.22779369627507162 0.28653295128939826 0.12034383954154727 0.14008277618592807
10 0.11103151862464183 0.7004138809296401 0.11891117478510027 0.13753581661891118
71 0.7836676217765043 0.5654250238777458 0.11174785100286527 0.13753581661891118
71 0.3424068767908309 0.5628780643107291 0.10888252148997132 0.14262973575294488
71 0.022922636103151862 0.131168417701369 0.045845272206303724 0.1349888570518943
71 0.9068767908309456 0.15027061445399553 0.11461318051575929 0.13244189748487742
71 0.10673352435530087 0.8430436166825851 0.1189111747851003 0.13753581661891118
11 0.5021489971346703 0.2890799108564151 0.3595988538681948 0.13498885705189437
8 0.7851002865329513 0.8443170964660937 0.11174785100286527 0.13498885705189437
8 0.11031518624641834 0.5590576249602037 0.1174785100286533 0.1451766953199617
8 0.22636103151862463 0.14772365488697867 0.11747851002865328 0.1426297357529449
8 0.6755014326647565 0.1553645335880293 0.10744985673352431 0.13244189748487745
28 0.900429799426934 0.7106017191977076 0.11318051575931236 0.14772365488697872
28 0.6747851002865329 0.4329831263928686 0.10601719197707717 0.13244189748487736
28 0.566618911174785 0.0445717924227953 0.10744985673352439 0.0891435848455906
28 0.2270773638968481 0.42661572747532633 0.11031518624641834 0.140082776185928
28 0.22636103151862463 0.9563833174148361 0.12034383954154727 0.08404966571155682
28 0.024355300859598854 0.7067812798471824 0.04871060171919771 0.14517669531996183
69 0.9040114613180514 0.9597262018465458 0.11461318051575929 0.08054759630690868
69 0.9040114613180514 0.43170964660936006 0.12320916905444122 0.140082776185928
69 0.7922636103151862 0.04457179242279528 0.11747851002865332 0.08914358484559055
69 0.34097421203438394 0.03947787328876154 0.11174785100286531 0.07895574657752308
69 0.22779369627507165 0.7016873607131486 0.11747851002865328 0.1349888570518943
69 0.4512893982808023 0.42661572747532633 0.11174785100286527 0.1349888570518943
69 0.025787965616045846 0.42152180834129255 0.05157593123209169 0.14008277618592807
73 0.981375358166189 0.8494110156001272 0.037249283667621855 0.140082776185928
81 0.6726361031518624 0.5717924227952881 0.10744985673352431 0.12989493791786053
