81 0.6029864560374443 0.6921624496824463 0.05042994602423533 0.047527017404366205
81 0.6002523023373352 0.47343015367371516 0.04860717689082918 0.05292781483668065
81 0.6479480946614613 0.5295984469697844 0.0467844077574231 0.04860717689082918
81 0.8135162909458481 0.5263579685103958 0.034025023823580657 0.0421262199720519
81 0.8760980311927908 0.6106104084544998 0.027949126712226758 0.03996590099912616
73 0.8773132106150615 0.48639206751126957 0.029164306134497622 0.0421262199720519
85 0.6011636869040382 0.7353688291409611 0.05042994602423526 0.03456510356681193
85 0.5999485074817676 0.5312186861994788 0.0467844077574231 0.054007974323143554
10 0.8782245951817644 0.5274381279968586 0.02977189584563291 0.03996590099912623
10 0.8469337250582933 0.5684841884824477 0.03402502382358037 0.04644685791790337
10 0.8466299302027257 0.48207142956541804 0.030987075267903494 0.05076749586375492
10 0.6953400921300198 0.47505039290340945 0.043138869490611 0.05832861226899496
10 0.6485556843725966 0.5792857833470765 0.04799958717969382 0.05724845278253206
71 0.6008598920484706 0.63707431587284 0.049822356313099975 0.0540079743231437
61 0.6929097332854783 0.5285182874833215 0.043138869490611 0.0529278148366808
13 0.6479480946614612 0.4755904726466409 0.045569228335152305 0.05076749586375492
13 0.8466299302027255 0.5258178887671644 0.029771895845633053 0.04104606048558914
