81 0.13939899833055092 0.7746243739565943 0.11853088480801337 0.12168428862919684
81 0.1414858096828047 0.47412353923205347 0.11936560934891485 0.12613615284733817
81 0.38981636060100167 0.48451122240771655 0.12020033388981631 0.12910406232609908
81 0.6176961602671118 0.48005935818957524 0.11018363939899828 0.12613615284733812
81 0.8614357262103505 0.4785754034501947 0.11853088480801333 0.12613615284733817
81 0.8643572621035058 0.7746243739565943 0.11936560934891474 0.13355592654424028
81 0.865609348914858 0.17584863661658318 0.12520868113522524 0.10832869597477275
10 0.2646076794657763 0.6254869226488592 0.11185308848080133 0.1320719718048599
10 0.7378964941569283 0.6240029679094787 0.11686143572621034 0.13207197180486
10 0.9657762938230383 0.6262289000185493 0.06677796327211973 0.13652383602300142
10 0.9666110183639398 0.9296976442218512 0.0651085141903171 0.13503988128362096
10 0.964941569282137 0.04822852902986459 0.06844741235392306 0.09348914858096828
10 0.7424874791318865 0.1854943424225561 0.07595993322203683 0.14542756445928398
10 0.1423205342237062 0.1854943424225561 0.07762938230383976 0.1424596549805231
10 0.261686143572621 0.05342237061769616 0.11769616026711187 0.10090892227787052
10 0.037562604340567615 0.6262289000185494 0.07345575959933222 0.13355592654424042
5 0.26252086811352254 0.3331478389909108 0.11602671118530886 0.13207197180486
5 0.037145242070116866 0.050454461138935265 0.07262103505843072 0.09794101279910963
5 0.7408180300500834 0.9259877573734002 0.11101836393989985 0.1394917455017621
5 0.964941569282137 0.32721202003338895 0.0651085141903171 0.13503988128362077
5 0.741652754590985 0.05416434798738638 0.11602671118530893 0.10536078649601187
5 0.03631051752921536 0.9267297347430903 0.07262103505843072 0.1380077907623817
73 0.7391485809682805 0.333889816360601 0.11268781302170282 0.13058801706547954
73 0.503338898163606 0.05861621220552773 0.11018363939899835 0.10832869597477277
32 0.7378964941569283 0.48005935818957524 0.11352253756260425 0.12613615284733812
32 0.14065108514190316 0.3294379521424596 0.11435726210350582 0.1305880170654795
73 0.037562604340567615 0.32795399740307923 0.07512520868113523 0.13058801706547943
73 0.9641068447412354 0.7805601929141162 0.06844741235392333 0.14245965498052315
44 0.8618530884808012 0.3301799295121499 0.11936560934891488 0.12316824336857728
44 0.9636894824707847 0.4763494713411241 0.06928213689482476 0.13355592654424042
44 0.865609348914858 0.9245038026340197 0.1235392320534224 0.13355592654424028
44 0.7378964941569283 0.7753663513262845 0.11352253756260425 0.1320719718048599
44 0.1419031719532554 0.6262289000185494 0.12020033388981634 0.12465219810795766
44 0.038397328881469114 0.4785754034501947 0.07512520868113523 0.13207197180486
44 0.25959933222036724 0.7731404192172139 0.1051752921535893 0.12762010758671863
44 0.6193656093489148 0.05713225746614728 0.11018363939899828 0.10832869597477275
44 0.13939899833055092 0.050454461138935265 0.11185308848080132 0.09794101279910963
86 0.13772954924874792 0.9267297347430903 0.11519198664440733 0.13503988128362068
86 0.6206176961602671 0.33908365794843254 0.10934891485809686 0.13503988128362082
86 0.3835559265442404 0.05713225746614728 0.11268781302170282 0.10832869597477275
16 0.863939899833055 0.05193841587831572 0.11686143572621034 0.09794101279910963
16 0.036727879799666116 0.773882396586904 0.07178631051752922 0.1320719718048599
86 0.8614357262103505 0.6262289000185494 0.11519198664440737 0.13058801706547946
11 0.4419866444073456 0.19365609348914858 0.35642737896494153 0.12020033388981634
