81 0.13063439065108515 0.7709144871081431 0.11769616026711184 0.129104062326099
81 0.13564273789649417 0.47189760712298273 0.12103505843071787 0.13058801706547954
81 0.3831385642737897 0.4785754034501947 0.12020033388981638 0.13207197180486
81 0.6039232053422371 0.479317380819885 0.1243739565943239 0.13058801706547954
81 0.8518363939899833 0.47115562975329256 0.11769616026711177 0.12613615284733817
81 0.8547579298831386 0.7694305323687628 0.11853088480801333 0.12910406232609917
81 0.8560100166944907 0.17510665924689298 0.12938230383973293 0.09200519384158784
5 0.9595158597662771 0.32053422370617696 0.07595993322203669 0.12762010758671863
5 0.25584307178631055 0.3294379521424597 0.11435726210350587 0.13355592654424034
5 0.7333055091819699 0.050454461138935265 0.11769616026711191 0.09497310332034874
5 0.0333889816360601 0.04674457429048414 0.0634390651085142 0.09052123910220738
5 0.032971619365609356 0.9207939157855685 0.0626043405676127 0.13800779076238187
10 0.7291318864774624 0.6210350584307178 0.1143572621035058 0.13207197180486
10 0.9570116861435727 0.6210350584307178 0.07929883138564278 0.1380077907623817
10 0.9599332220367279 0.9274717121127806 0.07512520868113526 0.13949174550176224
10 0.7333055091819699 0.18401038768317568 0.0626043405676127 0.1335559265442404
10 0.13397328881469114 0.17584863661658318 0.08263772954924872 0.13800779076238176
10 0.25208681135225375 0.050454461138935265 0.11686143572621031 0.09497310332034874
10 0.9616026711185309 0.04526061955110369 0.07178631051752916 0.08755332962344647
10 0.2595993322203673 0.6225190131700983 0.11352253756260439 0.13503988128362088
10 0.032971619365609356 0.6210350584307178 0.0642737896494157 0.13207197180486
11 0.43447412353923204 0.18104247820441477 0.36143572621035064 0.10981265071415322
16 0.8555926544240401 0.049712483769245044 0.11686143572621034 0.09942496753849009
16 0.032971619365609356 0.7701725097384531 0.0642737896494157 0.13058801706547954
32 0.7287145242070117 0.47486551660174364 0.11352253756260425 0.12465219810795773
32 0.13439065108514192 0.3242441105546281 0.11853088480801337 0.12613615284733815
86 0.8522537562604342 0.6202930810610277 0.1168614357262102 0.13058801706547946
86 0.6114357262103506 0.3309219068818401 0.11268781302170289 0.13355592654424048
86 0.3722871452420701 0.055648302726766824 0.11185308848080129 0.10239287701725097
86 0.1302170283806344 0.9193099610461881 0.11686143572621034 0.12613615284733812
44 0.8522537562604342 0.3242441105546281 0.12020033388981645 0.12316824336857725
44 0.9574290484140233 0.46967167501391205 0.07679465776293824 0.12613615284733817
44 0.8555926544240401 0.9178260063068078 0.12353923205342227 0.13800779076238187
44 0.7308013355592656 0.7665544236615071 0.10934891485809686 0.13782418921937176
44 0.3806343906510851 0.33092190688184003 0.12520868113522535 0.12465219810795766
44 0.1335559265442404 0.6210350584307178 0.12020033388981638 0.129104062326099
44 0.033806343906510855 0.47412353923205347 0.0659432387312187 0.13207197180486
44 0.12979966611018365 0.04526061955110369 0.11268781302170286 0.08755332962344647
44 0.6110183639398998 0.05342237061769615 0.11352253756260439 0.09794101279910962
86 0.25876460767946574 0.4770914487108143 0.11352253756260434 0.12910406232609908
73 0.7283414230228213 0.3301405863243619 0.1142687399309827 0.14360263542574178
73 0.9574290484140235 0.7723984418475237 0.07846410684474123 0.13800779076238157
73 0.03422370617696159 0.31985781831613336 0.06677796327212017 0.13490873732432807
73 0.49040066777963276 0.04897050639955481 0.11101836393989992 0.08903728436282693
