81 0.15776293823038398 0.47412353923205347 0.11853088480801334 0.12910406232609908
81 0.3973288814691152 0.479317380819885 0.11018363939899835 0.12762010758671863
81 0.6272954924874791 0.4837692450380263 0.11936560934891488 0.12465219810795773
81 0.8768781302170283 0.47486551660174364 0.11936560934891503 0.13058801706547954
81 0.8764607679465777 0.7746243739565943 0.1168614357262105 0.1365238360230012
81 0.15609348914858096 0.7694305323687628 0.11686143572621034 0.1320719718048599
81 0.8768781302170283 0.17881654609534411 0.12437395659432383 0.10832869597477279
5 0.27671118530884803 0.333889816360601 0.1110183639398998 0.12762010758671863
5 0.9724540901502504 0.3242441105546281 0.05008347245409013 0.13207197180486
5 0.7554257095158597 0.05342237061769616 0.11185308848080126 0.10090892227787052
5 0.04549248747913188 0.049712483769245044 0.08931552587646076 0.09645705805972918
5 0.045909849749582635 0.9178260063068078 0.09015025041736227 0.13800779076238187
10 0.751669449081803 0.6232609905397886 0.11602671118530879 0.13355592654424042
10 0.9703672787979967 0.6254869226488592 0.05592654424040063 0.1409757002411427
10 0.974540901502504 0.9296976442218512 0.04924874791318857 0.1320719718048599
10 0.28130217028380633 0.6247449452791689 0.11519198664440737 0.13058801706547954
10 0.045492487479131885 0.6210350584307178 0.09098497495826377 0.129104062326099
10 0.15692821368948248 0.18178445557410497 0.07345575959933223 0.13800779076238176
10 0.2750417362270451 0.052680393248005934 0.11268781302170282 0.09942496753849006
10 0.7566777963272118 0.1854943424225561 0.07429048414023383 0.1394917455017622
10 0.9720367278797997 0.044518642181413465 0.05091819699499169 0.08013355592654424
73 0.0479966611018364 0.32795399740307923 0.0926544240400668 0.12762010758671866
73 0.9720367278797997 0.7813021702838063 0.05425709515859765 0.13800779076238187
73 0.7512520868113524 0.3316638842515303 0.1118530884808014 0.12316824336857721
32 0.7508347245409016 0.4756074939714338 0.11268781302170282 0.12316824336857728
32 0.15818030050083473 0.32795399740307923 0.11435726210350586 0.12762010758671866
73 0.5133555926544241 0.05490632535707661 0.11519198664440737 0.10684474123539232
86 0.27963272120200333 0.47783342608050455 0.11018363939899835 0.12762010758671863
86 0.15525876460767946 0.9259877573734002 0.11519198664440737 0.12465219810795773
86 0.8760434056761269 0.6262289000185494 0.11769616026711205 0.13058801706547946
86 0.39482470784641066 0.0549063253570766 0.11185308848080126 0.10090892227787052
16 0.8785475792988313 0.049712483769245044 0.11769616026711177 0.09348914858096828
16 0.046327212020033384 0.7701725097384531 0.08764607679465776 0.12762010758671863
44 0.8768781302170283 0.32795399740307923 0.11936560934891503 0.12762010758671866
44 0.9712020033388982 0.4763494713411241 0.05425709515859765 0.13652383602300133
44 0.8806343906510851 0.9252457800037098 0.12353923205342256 0.13800779076238157
44 0.15776293823038398 0.6240029679094787 0.11853088480801334 0.129104062326099
44 0.04674457429048414 0.47412353923205347 0.09015025041736227 0.12613615284733817
44 0.28046744574290483 0.7701725097384531 0.11686143572621034 0.12762010758671863
44 0.3969115191986645 0.33611574846967174 0.11101836393989985 0.12910406232609908
44 0.6343906510851418 0.05342237061769616 0.11352253756260432 0.10090892227787052
44 0.15358931552587646 0.050454461138935265 0.11853088480801337 0.09497310332034874
11 0.4494991652754591 0.18030050083472454 0.3430717863105175 0.11723242441105546
