5 0.06135225375626043 0.08013355592654424 0.11769616026711185 0.13949174550176222
5 0.28255425709515863 0.35985902429975886 0.10100166944908186 0.11723242441105544
5 0.0659432387312187 0.8577258393618995 0.10851419031719532 0.12168428862919684
5 0.9035893155258765 0.38137636802077535 0.10601001669449076 0.11574846967167503
81 0.17779632721202002 0.4808013355592655 0.10517529215358933 0.12762010758671857
81 0.1757095158597663 0.7323316638842514 0.10434056761268781 0.12020033388981631
81 0.7917362270450752 0.5045446113893526 0.1026711185308848 0.12168428862919675
81 0.7892320534223706 0.756816917084029 0.1026711185308848 0.12465219810795759
81 0.7904841402337226 0.9742162864032644 0.0951585976627708 0.04303468744203259
81 0.974540901502504 0.7679465776293823 0.04424040066777977 0.12020033388981631
81 0.9774624373956594 0.5104804303468744 0.04173622704507522 0.1305880170654796
81 0.7992487479131887 0.2515303283249861 0.10434056761268778 0.07864960118716378
10 0.8075959933222038 0.025227230569467633 0.10601001669449082 0.050454461138935265
81 0.5947412353923205 0.023743275830087184 0.10100166944908175 0.04748655166017437
10 0.06761268781302171 0.6032276015581525 0.11018363939899833 0.12020033388981631
10 0.2800500834724541 0.6113893526247449 0.10100166944908179 0.11871637915043592
10 0.8973288814691152 0.6329066963457615 0.1085141903171953 0.12613615284733812
10 0.8956594323873123 0.8903728436282694 0.11018363939899828 0.13355592654424042
10 0.6974123539232053 0.25078835095529584 0.0659432387312188 0.11574846967167499
10 0.1798831385642738 0.22927100723427937 0.0742904841402337 0.12020033388981638
10 0.28255425709515863 0.10165089964756074 0.1060100166944908 0.13503988128362085
10 0.9156928213689483 0.12020033388981637 0.10684474123539232 0.1305880170654795
80 0.7900667779632721 0.6321647189760712 0.10100166944908182 0.12168428862919675
80 0.9749582637729549 0.9000185494342423 0.045075125208681184 0.12613615284733826
80 0.28130217028380633 0.48747913188647746 0.0984974958263773 0.12020033388981638
81 0.3831385642737897 0.4934149508439992 0.10016694490818026 0.12613615284733812
5 0.6965776293823037 0.11797440178074568 0.1026711185308848 0.12316824336857725
73 0.6915692821368948 0.37989241328139495 0.10100166944908182 0.12465219810795773
73 0.8956594323873123 0.763494713411241 0.10684474123539232 0.12613615284733812
80 0.06385642737896494 0.9645705805972917 0.10934891485809682 0.0652940085327397
81 0.17362270450751258 0.9644778334260805 0.10517529215358938 0.07104433314783895
81 0.5876460767946576 0.49638286032276013 0.09849749582637735 0.11129660545353368
78 0.17529215358931555 0.09348914858096831 0.10851419031719535 0.12762010758671866
78 0.0659432387312187 0.7315896865145612 0.10684474123539232 0.11871637915043592
78 0.9002504173622705 0.5104804303468744 0.10601001669449076 0.12168428862919684
73 0.5888981636060102 0.3754405490632536 0.09766277128547607 0.12168428862919684
73 0.06552587646076795 0.347245409015025 0.11435726210350584 0.1305880170654795
59 0.17570951585976627 0.8599517714709702 0.10601001669449081 0.12316824336857721
59 0.8046744574290484 0.11945835652012611 0.10517529215358934 0.12020033388981634
80 0.9190317195325542 0.02448525319977741 0.11018363939899842 0.04600259692079391
36 0.5934891485809684 0.11723242441105546 0.09682804674457429 0.1276201075867186
68 0.7950751252086812 0.3791504359117047 0.10100166944908168 0.12316824336857728
68 0.3852253756260434 0.11055462808384345 0.10434056761268778 0.12020033388981634
24 0.7833889816360602 0.8866629567798182 0.10767946577629388 0.1142645149322945
24 0.0651085141903172 0.48080133555926546 0.10851419031719532 0.11574846967167503
37 0.17696160267111855 0.6061955110369134 0.1035058430717863 0.11723242441105547
60 0.17737896494156927 0.35540716008161755 0.10434056761268783 0.12910406232609906
60 0.9774624373956593 0.6388425153032827 0.045075125208680476 0.11723242441105543
55 0.8952420701168619 0.979317380819885 0.10601001669449081 0.04136523836023009
55 0.6886477462437395 0.5052865887590429 0.09849749582637728 0.12020033388981638
11 0.4382303839732888 0.23372287145242068 0.30884808013355597 0.09052123910220736
24 0.7007512520868113 0.02448525319977741 0.1026711185308848 0.04897050639955482
36 0.9812186978297163 0.3806343906510851 0.0342237061769616 0.12020033388981638
55 0.38397328881469117 0.3680207753663513 0.09682804674457429 0.12168428862919684
