81 0.13772954924874792 0.16397699870153956 0.10016694490818029 0.11723242441105544
81 0.33889816360601005 0.16768688554999073 0.09348914858096834 0.11278056019291414
81 0.7483305509181969 0.15878315711370802 0.09933222036727883 0.11574846967167501
81 0.9607679465776294 0.14839547393804486 0.07512520868113526 0.11871637915043591
81 0.9557595993322203 0.6870710443331478 0.08514190317195329 0.11871637915043592
81 0.9561769616026712 0.9452791689853458 0.0859766277128547 0.10684474123539232
81 0.7433222036727881 0.677425338527175 0.09766277128547571 0.11129660545353375
81 0.7362270450751253 0.9363754405490633 0.11686143572621034 0.11574846967167489
81 0.14398998330550916 0.6573919495455387 0.09098497495826374 0.11574846967167493
81 0.14524207011686144 0.9096642552402152 0.09181969949916528 0.08310146540530525
81 0.14065108514190316 0.4103134854386941 0.10434056761268783 0.08161751066592472
81 0.3409849749582638 0.4169912817659061 0.0943238731218698 0.08310146540530511
71 0.13689482470784642 0.2849193099610462 0.0968280467445743 0.10981265071415326
71 0.044240400667779636 0.6559079948061585 0.08848080133555927 0.10684474123539225
5 0.8522537562604342 0.9371174179187534 0.10350584307178635 0.1142645149322945
5 0.24248747913188648 0.9111482099795956 0.09265442404006677 0.08903728436282692
5 0.04507512520868114 0.5327397514375811 0.08681135225375627 0.10684474123539232
73 0.23956594323873123 0.29011315154887773 0.09515859766277131 0.10832869597477274
73 0.8576794657762937 0.2871452420701168 0.10767946577629388 0.11426451493229454
5 0.6268781302170283 0.5460953440920052 0.11853088480801346 0.10981265071415322
47 0.8539232053422371 0.5505472083101465 0.10517529215358934 0.11574846967167496
10 0.8530884808013357 0.8080133555926544 0.10350584307178635 0.12020033388981631
10 0.24248747913188648 0.5379335930254128 0.0959933222036728 0.11426451493229457
10 0.243322203672788 0.787237989241328 0.0993322203672788 0.12020033388981645
10 0.04757929883138565 0.7746243739565943 0.09015025041736228 0.10387683175663141
10 0.0463272120200334 0.9823780374698572 0.08931552587646077 0.03264700426636992
10 0.042153589315525875 0.2864032647004266 0.08263772954924875 0.11278056019291409
10 0.6406510851419032 0.28937117417918756 0.0993322203672789 0.11574846967167506
81 0.5379799666110183 0.16768688554999073 0.09432387312186975 0.12465219810795769
47 0.9578464106844742 0.28417733259135597 0.07929883138564264 0.1142645149322945
47 0.23747913188647746 0.16768688554999073 0.0959933222036728 0.10981265071415319
47 0.1427378964941569 0.783528102392877 0.09015025041736227 0.11278056019291412
47 0.8530884808013357 0.6781673158968651 0.10350584307178635 0.11278056019291398
7 0.7424874791318865 0.5460953440920052 0.10100166944908182 0.11871637915043586
7 0.6406510851419032 0.16249304396215916 0.09599332220367288 0.11426451493229457
7 0.3393155258764608 0.29382303839732893 0.09432387312186982 0.11574846967167506
7 0.24081803005008345 0.6603598590242997 0.09098497495826383 0.1068447412353924
8 0.9553422370617696 0.8191430161380078 0.08430717863105172 0.12168428862919668
8 0.1398163606010017 0.5342237061769616 0.0926544240400668 0.10684474123539232
8 0.04215358931552588 0.15952513448339825 0.07929883138564275 0.11426451493229457
8 0.746661101836394 0.290855128918568 0.10100166944908182 0.11871637915043597
11 0.8117696160267113 0.413281394917455 0.34474123539232054 0.10239287701725097
