81 0.9030869303726236 0.591735753526596 0.03715837902811346 0.03124428266628136
56 0.8390640475876989 0.4747928669756567 0.03263911671388328 0.03302967024721177
73 0.9060997719154438 0.4774709483470522 0.03615409851383973 0.03838583299000284
85 0.9013294394726452 0.704215171125209 0.03464767774242986 0.03124428266628128
85 0.9020826498583503 0.6292288927261331 0.03514981799956663 0.03302967024721191
81 0.9005762290869402 0.7390302289533506 0.035149817999566436 0.022317344761629415
10 0.9048444212726021 0.515856781337055 0.033643397228156575 0.03302967024721184
10 0.902584790115487 0.6676147257161366 0.03414553748529288 0.031244282666281275
10 0.8714520941730137 0.47657825455658703 0.03213697645674657 0.0348150578281421
13 0.8706988837873086 0.5136250468608922 0.029626275171063268 0.03749313919953764
