81 0.16221080300267587 0.4548243571426694 0.10182575954912496 0.11366596414786052
81 0.7027161429349501 0.7053104633203621 0.050912879774562624 0.07577730943190703
81 0.26226053186199055 0.5674378586595311 0.09590565724975729 0.10314133783787334
81 0.16645614464138525 0.9035621603224729 0.11011390276823993 0.11156103888586295
85 0.16813090530204364 0.9736884342250324 0.10656184138861921 0.05262313154993521
85 0.16221080300267587 0.564280470766535 0.10656184138861917 0.10945611362386565
73 0.2646285727817376 0.784245160645265 0.08880153449051598 0.09893148731387853
73 0.7086362452343176 0.47271622186964746 0.05091287977456261 0.08209208521789918
10 0.7044921736247602 0.5505984565635519 0.04972885931468895 0.07367238416990965
10 0.6553553245400081 0.6358479296744473 0.055648961614056865 0.09261671152788631
10 0.650027232470577 0.4695588339766513 0.05683298207393015 0.08840686100389142
10 0.3581661891117478 0.4579817450356656 0.09353761633001025 0.10735118836186822
10 0.26226053186199055 0.6737365843904007 0.09116957541026306 0.10945611362386572
10 0.4315754576239077 0.29695496249286324 0.13853039380520493 0.22312207777172607
13 0.26226053186199055 0.4579817450356656 0.09353761633001013 0.10735118836186822
13 0.6518032631603873 0.5484935313015544 0.05801700253380396 0.08630193574189386
71 0.1663548746122333 0.7968747122172496 0.11011390276823983 0.10735118836186829
61 0.35698216865187427 0.5642804707665351 0.08880153449051602 0.09682656205188124
