81 0.14941569282136896 0.5661287330736413 0.11352253756260433 0.12020033388981645
81 0.27128547579298834 0.7026525690966426 0.11185308848080137 0.11129660545353375
81 0.9632721202003338 0.4548321276201075 0.0651085141903171 0.11723242441105547
81 0.7445742904841401 0.15655722500463734 0.11519198664440737 0.12020033388981637
81 0.6235392320534224 0.04006677796327212 0.11686143572621041 0.07122982749026155
81 0.25792988313856435 0.14839547393804486 0.1118530884808014 0.12465219810795772
81 0.13063439065108515 0.02745316267853831 0.11268781302170285 0.04600259692079392
74 0.8426544240400667 0.8599517714709701 0.11101836393989989 0.12020033388981628
74 0.1515025041736227 0.6982007048785013 0.10934891485809682 0.10832869597477285
74 0.6189482470784641 0.16026711185308848 0.11268781302170282 0.12465219810795768
74 0.8580968280467445 0.45334817288072715 0.11352253756260425 0.11426451493229457
74 0.25292153589315525 0.034872936375440554 0.10684474123539232 0.06084214431459842
80 0.1352253756260434 0.13949174550176222 0.11018363939899832 0.11871637915043592
80 0.7303839732888148 0.588388054164348 0.11018363939899828 0.11426451493229464
80 0.3818864774624375 0.44073455759599334 0.1093489148580968 0.12168428862919684
74 0.842237061769616 0.9667965127063625 0.11519198664440722 0.05490632535707661
81 0.9515859766277128 0.9719903542941941 0.09181969949916521 0.047486551660174285
34 0.2671118530884808 0.5668707104433315 0.1085141903171953 0.10981265071415329
34 0.8735392320534224 0.15655722500463726 0.11769616026711185 0.13207197180485977
5 0.9528380634390652 0.8725653867557039 0.08931552587646067 0.11871637915043606
5 0.15943238731218698 0.9482470784641069 0.11185308848080135 0.09200519384158767
5 0.7349749582637729 0.4481543312928956 0.11101836393989986 0.11278056019291399
5 0.49874791318864775 0.04006677796327212 0.11101836393989985 0.07419773696902243
48 0.8464106844741235 0.7278797996661102 0.11352253756260439 0.11129660545353375
48 0.1431552587646077 0.4273789649415693 0.11435726210350586 0.11574846967167503
48 0.7495826377295493 0.03932480059358189 0.11853088480801333 0.07271378222964199
18 0.9578464106844742 0.5943238731218697 0.07762938230383981 0.11723242441105547
18 0.3777128547579299 0.1610090892227787 0.11268781302170282 0.12910406232609906
18 0.27086811352253753 0.829530699313671 0.1060100166944908 0.10981265071415322
73 0.26168614357262104 0.43257280652940083 0.10767946577629381 0.11426451493229457
10 0.15651085141903173 0.8302726766833612 0.11101836393989986 0.10832869597477285
10 0.8526711185308848 0.5920979410127991 0.11602671118530879 0.1127805601929142
10 0.9553422370617696 0.7367835281023929 0.08263772954924875 0.12316824336857735
10 0.9741235392320533 0.15729920237432757 0.05008347245409013 0.13355592654424042
10 0.8797996661101837 0.03932480059358189 0.12687813021702837 0.0667779632721202
10 0.37813021702838057 0.035614913745130775 0.11352253756260432 0.06232609905397886
10 0.8664440734557596 0.30569467631237246 0.10350584307178635 0.1276201075867186
10 0.2558430717863105 0.29753292524578 0.10100166944908179 0.13800779076238182
11 0.5542570951585976 0.3064366536820627 0.40233722871452415 0.13503988128362096
