64 0.17070116861435727 0.12836208495640883 0.11268781302170286 0.1380077907623817
81 0.3956594323873122 0.1335559265442404 0.10517529215358927 0.1305880170654795
81 0.6193656093489148 0.1335559265442404 0.10684474123539232 0.1305880170654795
81 0.8489148580968282 0.12836208495640883 0.11018363939899828 0.13207197180485994
81 0.8468280467445743 0.4051196438508626 0.11435726210350594 0.08606937488406607
81 0.8459933222036727 0.6841031348543869 0.11435726210350594 0.13652383602300142
81 0.8468280467445743 0.9452791689853458 0.11769616026711191 0.10684474123539232
81 0.17737896494156927 0.6774253385271749 0.11101836393989985 0.1320719718048599
81 0.1765442404006678 0.9423112595065851 0.10934891485809682 0.10981265071415322
5 0.28756260434056763 0.5431274346132443 0.10767946577629385 0.13058801706547946
5 0.058430717863105185 0.2641439436097199 0.11352253756260434 0.1305880170654795
5 0.7312186978297162 0.2700797625672417 0.11018363939899842 0.12762010758671863
5 0.9507512520868113 0.5438694119829345 0.09348914858096818 0.129104062326099
10 0.9515859766277128 0.26562789834910033 0.09348914858096818 0.1305880170654795
10 0.7308013355592655 0.4073455759599332 0.0626043405676127 0.12910406232609908
10 0.17821368948247077 0.4051196438508626 0.0709515859766277 0.13058801706547946
10 0.060517529215358926 0.816175106659247 0.11936560934891485 0.13949174550176224
10 0.28589315525876463 0.2671118530884808 0.11435726210350587 0.1335559265442404
73 0.7308013355592654 0.5416434798738637 0.10934891485809686 0.13058801706547946
73 0.06010016694490818 0.5401595251344834 0.12020033388981637 0.13058801706547946
73 0.9520033388981637 0.9475051010944167 0.09098497495826365 0.09942496753849013
10 0.9515859766277128 0.8228529029864589 0.09515859766277117 0.13503988128362068
10 0.7299666110183639 0.8154331292895565 0.10934891485809729 0.12910406232609892
20 0.06010016694490817 0.681135225375626 0.11853088480801334 0.13355592654424042
20 0.05926544240400667 0.9423112595065851 0.11686143572621034 0.10981265071415322
20 0.7337228714524207 0.12984603969578928 0.11185308848080126 0.12910406232609906
20 0.8447412353923204 0.5453533667223149 0.11519198664440737 0.129104062326099
64 0.17320534223706174 0.2671118530884808 0.10767946577629385 0.1335559265442404
64 0.9511686143572621 0.6848451122240772 0.09432387312186975 0.1320719718048599
54 0.17696160267111855 0.813207197180486 0.10851419031719532 0.13058801706547954
54 0.7287145242070117 0.6833611574846966 0.1118530884808014 0.13207197180486005
54 0.2850584307178632 0.12984603969578928 0.11101836393989988 0.13800779076238176
51 0.8451585976627711 0.26488592097941016 0.11101836393989985 0.13207197180485994
51 0.1769616026711185 0.5409015025041736 0.11018363939899832 0.1320719718048599
51 0.05717863105175292 0.12613615284733815 0.10934891485809682 0.1305880170654795
38 0.9524207011686144 0.12242626599888703 0.09181969949916521 0.13207197180485994
38 0.6164440734557597 0.2715637173066221 0.11435726210350605 0.1276201075867186
38 0.2863105175292154 0.6796512706362456 0.10350584307178626 0.1335559265442405
38 0.8468280467445743 0.8206269708773882 0.11769616026711191 0.13058801706547954
51 0.728297161936561 0.9423112595065851 0.11268781302170282 0.10684474123539232
11 0.4557595993322204 0.4080875533296235 0.32888146911519195 0.11574846967167503
