81 0.604020124526549 0.3352424314398598 0.04975663356734458 0.059892244108840774
81 0.8144492206551106 0.33800668886026786 0.05079323009999755 0.058049405828568726
81 0.9209595143852078 0.33386030272965583 0.048201738768365206 0.05897082496870471
81 0.9219961109178608 0.5969254672384872 0.05131152836632424 0.05436372926802463
81 0.9227735583173506 0.7236205990071888 0.053903019697956724 0.04975663356734458
81 0.6066116158581816 0.5932397906779431 0.04975663356734472 0.058049405828568795
81 0.6071299141245081 0.7226991798670528 0.04768344050203879 0.05528514840816058
81 0.5117630331204309 0.46470182062896936 0.021768527185713468 0.0571279866884327
81 0.5122813313867574 0.5950826289582151 0.023841720251019254 0.05989224410884063
81 0.5102081383214514 0.7245420181473249 0.021768527185713395 0.055285148408160865
10 0.8686113894862305 0.46654465890924146 0.04923833530101817 0.060813663248976794
10 0.9735667884173483 0.4002024808194486 0.04768344050203865 0.0571279866884327
10 0.9756399814826543 0.665110483608552 0.04664684396938568 0.058049405828568726
10 0.6579231442245057 0.4006631903895166 0.04975663356734465 0.058049405828568795
10 0.5529677452933882 0.6591212591976681 0.054421317964283206 0.05344231012788867
10 0.6076482123908347 0.4647018206289695 0.039390668240814504 0.058970824968704816
81 0.9232918565836772 0.4647018206289695 0.055976212763262506 0.046070957006800486
73 0.8686113894862308 0.5315047082888303 0.04612854570305913 0.05989224410884084
10 0.8662790472877614 0.6614248070480079 0.050793230099997685 0.05989224410884063
73 0.9748625340831645 0.7254634372874608 0.047165142235712096 0.046070957006800486
5 0.5508945522280821 0.39835964253917666 0.05338472143163031 0.0571279866884327
5 0.6597371881566485 0.5310439987187623 0.050274931833671134 0.0571279866884327
5 0.9746033849500014 0.5319654178588983 0.04872003703469161 0.060813663248976864
5 0.8688705386193939 0.4002024808194487 0.05182982663265051 0.055285148408160796
81 0.5091715417887984 0.3306353357391798 0.021768527185713184 0.061735082389112746
54 0.6566273985586895 0.33386030272965583 0.050274931833671134 0.0571279866884327
51 0.5091715417887983 0.3969775138289726 0.020731930653060147 0.058049405828568726
81 0.7138993569877685 0.33708526972013186 0.05597621276326265 0.05620656754829675
51 0.6055750193255285 0.5273583221582182 0.04768344050203865 0.05528514840816058
51 0.9219961109178609 0.3992810616793126 0.04820173876836506 0.05344231012788867
51 0.5102081383214514 0.6600426783378041 0.021768527185713395 0.05528514840816058
73 0.5521902978938985 0.5282797412983542 0.05286642316530368 0.051599471847616624
51 0.5501171048285924 0.33293888358951973 0.05493961623060969 0.05528514840816065
51 0.8683522403530674 0.7226991798670528 0.04353705437142679 0.046070957006800625
38 0.5086532435224719 0.5287404508684223 0.023841720251019324 0.05620656754829668
38 0.6605146355561385 0.5946219193881472 0.052866423165303184 0.05712798668843277
38 0.6610329338224648 0.7222384702969847 0.052866423165303614 0.05620656754829668
10 0.661292082955628 0.6577391304874641 0.0554579144969361 0.05252089098775272
54 0.6063524667250184 0.6554355826371239 0.04923833530101831 0.05344231012788867
54 0.8647241524887818 0.5955433385282832 0.052866423165303614 0.055285148408160796
38 0.9217369617846976 0.6609640974779399 0.050793230099997685 0.05897082496870468
38 0.9751216832163278 0.3338603027296558 0.04768344050203879 0.055285148408160685
38 0.8157449663209271 0.4025060286697887 0.04509194917040588 0.058049405828568795
20 0.5519311487607352 0.592779081107875 0.05338472143163024 0.0515994718476167
20 0.5519311487607351 0.7231598894371208 0.05234812489897699 0.048835214427208624
20 0.9217369617846976 0.5310439987187623 0.050793230099997685 0.05528514840816065
20 0.8683522403530674 0.3352424314398598 0.05079323009999755 0.054363729268024664
64 0.6047975719260388 0.3992810616793126 0.04820173876836506 0.05528514840816072
64 0.9746033849500012 0.5978468863786232 0.04664684396938568 0.05989224410884084
11 0.7385185246382775 0.4647018206289695 0.16326395389284953 0.05159947184761677
