81 0.13647746243739564 0.5601929141161195 0.12103505843071787 0.13503988128362088
81 0.1314691151919866 0.8503060656649971 0.12103505843071781 0.13949174550176205
81 0.8263772954924875 0.2997588573548507 0.12020033388981631 0.10090892227787056
81 0.8355592654424041 0.04155073270265257 0.1168614357262102 0.08310146540530514
81 0.606010016694491 0.04080875533296235 0.10851419031719538 0.07864960118716378
81 0.3768781302170284 0.034130959005750326 0.11602671118530881 0.06232609905397886
81 0.818864774624374 0.5780003709886848 0.10350584307178622 0.13207197180486
81 0.81677796327212 0.8503060656649972 0.11101836393989985 0.1365238360230012
81 0.3722871452420701 0.5601929141161195 0.11185308848080129 0.12020033388981638
10 0.25667779632721205 0.7056204785754033 0.11602671118530886 0.14097570024114262
10 0.037562604340567615 0.7071044333147839 0.07011686143572621 0.14394360971990353
10 0.946160267111853 0.15952513448339825 0.10601001669449076 0.14097570024114264
10 0.9328046744574291 0.7189760712298274 0.11268781302170282 0.13503988128362068
10 0.9298831385642736 0.9623446484882211 0.12020033388981645 0.06974587275088112
10 0.7049248747913188 0.7115562975329253 0.1060100166944909 0.1320719718048599
10 0.7107679465776293 0.3027267668336116 0.08096828046744577 0.12465219810795776
10 0.13564273789649417 0.2730476720460026 0.08263772954924875 0.13058801706547954
10 0.258347245409015 0.12984603969578928 0.12103505843071787 0.14987942867742532
5 0.25792988313856424 0.422927100723428 0.11519198664440733 0.14245965498052307
5 0.9369782971619367 0.4422185123353738 0.11101836393989985 0.13355592654424037
5 0.032554257095158606 0.9593767390094601 0.0634390651085142 0.06974587275088098
5 0.03547579298831385 0.10684474123539232 0.06928213689482471 0.15729920237432757
80 0.2575125208681135 0.5631608235948804 0.11602671118530886 0.13207197180486005
80 0.8151085141903173 0.7137822296419959 0.10934891485809672 0.13355592654424042
80 0.9453255425709516 0.042292710072342796 0.10100166944908182 0.07864960118716378
5 0.7170283806343906 0.15655722500463734 0.1118530884808014 0.13503988128362088
73 0.037562604340567615 0.4110554628083844 0.07345575959933222 0.14245965498052285
73 0.7120200333889818 0.43554071600816174 0.10684474123539232 0.13207197180486
81 0.5968280467445743 0.5705805972917826 0.1085141903171953 0.12613615284733817
59 0.9303005008347245 0.8606937488406602 0.11769616026711188 0.12762010758671835
59 0.8322203672787981 0.16026711185308848 0.11018363939899828 0.13652383602300128
59 0.13063439065108515 0.9645705805972917 0.12270450751252086 0.0682619180115006
37 0.1352253756260434 0.704136523836023 0.12020033388981634 0.1320719718048599
55 0.7082637729549249 0.5765164162493044 0.10767946577629374 0.13207197180486005
55 0.3752086811352254 0.4273789649415693 0.11101836393989985 0.13652383602300128
78 0.1343906510851419 0.12539417547764795 0.1268781302170284 0.1498794286774254
78 0.93322203672788 0.5809682804674458 0.11519198664440737 0.13503988128362096
78 0.5989148580968281 0.43257280652940083 0.10767946577629374 0.129104062326099
78 0.034641068447412354 0.8540159525134484 0.06761268781302171 0.14097570024114262
24 0.03547579298831385 0.5594509367464293 0.06928213689482471 0.13652383602300133
24 0.7186978297161937 0.04303468744203302 0.11018363939899828 0.08310146540530514
27 0.49499165275459106 0.034872936375440554 0.11018363939899835 0.0667779632721202
68 0.8230383973288815 0.4385086254869226 0.10517529215358934 0.1320719718048599
68 0.3772954924874792 0.13949174550176222 0.11185308848080133 0.13949174550176222
60 0.13606010016694492 0.413281394917455 0.12186978297161936 0.1380077907623818
68 0.2570951585976628 0.8480801335559265 0.11686143572621034 0.1380077907623817
36 0.8142737896494158 0.9593767390094599 0.10934891485809756 0.07864960118716324
36 0.6026711185308848 0.15878315711370802 0.11352253756260432 0.13652383602300133
37 0.2575125208681135 0.030421072157299202 0.11936560934891488 0.060842144314598404
