81 0.17487479131886474 0.12910406232609906 0.1060100166944908 0.13355592654424037
81 0.39983305509182004 0.13281394917455014 0.10517529215358938 0.13207197180485994
81 0.8514190317195327 0.12613615284733812 0.10851419031719528 0.1335559265442403
81 0.6176961602671117 0.13281394917455017 0.11352253756260432 0.12910406232609903
81 0.8493322203672787 0.4058616212205528 0.121035058430718 0.08161751066592458
81 0.18030050083472454 0.6774253385271749 0.10517529215358933 0.1320719718048599
81 0.1803005008347245 0.9415692821368944 0.10851419031719535 0.10536078649601172
81 0.8468280467445741 0.6826191801150061 0.11435726210350527 0.1305880170654793
81 0.8514190317195326 0.9482470784641069 0.11018363939899842 0.09794101279910962
73 0.9553422370617696 0.9482470784641069 0.0859766277128547 0.09200519384158767
73 0.7341402337228715 0.5416434798738639 0.10767946577629392 0.1216842886291968
73 0.06260434056761267 0.542385457243554 0.11853088480801334 0.1320719718048599
5 0.28964941569282154 0.5431274346132443 0.10517529215358938 0.12465219810795759
5 0.734974958263773 0.267853830458171 0.1076794657762936 0.12613615284733817
5 0.9540901502504174 0.5460953440920052 0.08848080133555924 0.12762010758671857
5 0.059682804674457426 0.26562789834910033 0.11769616026711185 0.12465219810795773
10 0.181135225375626 0.4058616212205528 0.07011686143572621 0.12316824336857735
10 0.2888146911519199 0.267853830458171 0.10684474123539235 0.12316824336857728
10 0.2888146911519198 0.8146911519198669 0.10183639398998313 0.12762010758671896
10 0.059682804674457426 0.8191430161380079 0.11936560934891485 0.12762010758671863
10 0.9540901502504172 0.8302726766833612 0.08681135225375627 0.13207197180486005
11 0.9545075125208671 0.26340196624002965 0.08764607679465782 0.13207197180485997
10 0.7370617696160267 0.4125394175477648 0.0717863105175293 0.12762010758671857
54 0.2883973288814691 0.1335559265442404 0.11101836393989997 0.1365238360230013
54 0.4019198664440735 0.5460953440920052 0.10767946577629381 0.12465219810795766
54 0.18071786310517532 0.8139491745501762 0.10601001669449085 0.12020033388981624
64 0.17570951585976627 0.26488592097941016 0.10601001669449081 0.12910406232609906
64 0.9540901502504167 0.688554999072528 0.09015025041736223 0.1305880170654795
20 0.39899833055091816 0.27156371730662215 0.10183639398998323 0.12465219810795773
20 0.7387312186978298 0.12984603969578928 0.11185308848080129 0.13503988128362082
20 0.8468280467445743 0.5409015025041737 0.10434056761268778 0.11723242441105547
20 0.06176961602671117 0.6848451122240772 0.11686143572621033 0.12910406232609875
20 0.06260434056761267 0.9452791689853458 0.11352253756260432 0.09794101279910945
51 0.17863105175292154 0.5416434798738639 0.1051752921535893 0.12465219810795773
51 0.060517529215358926 0.12391022073826746 0.1043405676126878 0.12316824336857725
51 0.8489148580968279 0.2671118530884808 0.1051752921535892 0.12762010758671863
38 0.9536727879799665 0.12539417547764795 0.08764607679465752 0.13207197180485994
38 0.2909015025041736 0.6789092932665554 0.10434056761268785 0.129104062326099
38 0.2950751252086811 0.9430532368762752 0.11268781302170282 0.10832869597477285
73 0.7846410684474122 0.4756074939714338 0.0066777963272120645 0.001483954739380451
11 0.4453255425709516 0.40140975700241144 0.30634390651085147 0.11129660545353368
