81 0.1435726210350584 0.47783342608050455 0.12020033388981637 0.13058801706547954
81 0.13898163606010017 0.7746243739565943 0.11769616026711184 0.1276201075867185
81 0.8668614357262104 0.7790762381747359 0.11769616026711185 0.13652383602300133
81 0.8639398998330552 0.4756074939714338 0.11853088480801333 0.12613615284733817
81 0.6206176961602671 0.48154331292895564 0.10934891485809686 0.12316824336857728
81 0.387729549248748 0.4845112224077166 0.11769616026711184 0.13503988128362082
81 0.8685308848080134 0.17955852346503431 0.12437395659432397 0.13652383602300128
10 0.7433222036727878 0.1869782971619366 0.0776293823038398 0.1454275644592841
10 0.14148580968280464 0.18178445557410494 0.07429048414023373 0.1469115191986644
10 0.2612687813021703 0.05193841587831571 0.11519198664440733 0.10387683175663141
10 0.2671118530884808 0.6269708773882399 0.11352253756260434 0.129104062326099
10 0.7412353923205344 0.6247449452791689 0.11686143572621034 0.13058801706547954
10 0.9636894824707847 0.6291968094973103 0.06761268781302178 0.13652383602300142
10 0.9695325542570952 0.9318308291597112 0.06093489148580856 0.13633834168057846
10 0.037562604340567615 0.6269708773882396 0.0717863105175292 0.1380077907623818
10 0.9674457429048414 0.04600259692079391 0.06343906510851412 0.08903728436282693
5 0.03797996661101836 0.9282136894824708 0.0726210350584307 0.13503988128362082
5 0.7504173622704507 0.9289556668521609 0.10183639398998338 0.13652383602300133
5 0.7462437395659433 0.05193841587831571 0.11686143572621034 0.10387683175663141
73 0.2625208681135225 0.33388981636060117 0.11602671118530881 0.13652383602300128
5 0.9666110183639399 0.3249860879243183 0.06343906510851412 0.13355592654424042
73 0.038814691151919864 0.3286959747727694 0.07595993322203673 0.13503988128362077
73 0.7412353923205341 0.333889816360601 0.11352253756260425 0.13355592654424042
73 0.5029215358931552 0.05639028009645705 0.11268781302170282 0.1098126507141532
73 0.964941569282137 0.7820441476534965 0.06677796327212021 0.13949174550176224
32 0.14190317195325544 0.3301799295121498 0.11519198664440734 0.13207197180486013
32 0.7395659432387314 0.4785754034501947 0.1118530884808014 0.12613615284733817
73 0.038814691151919864 0.049712483769245044 0.07262103505843072 0.09645705805972918
86 0.8651919866444072 0.6277128547579298 0.11769616026711177 0.13652383602300133
86 0.6222871452420701 0.3368577258393619 0.11268781302170282 0.13652383602300133
86 0.3839732888146912 0.05342237061769616 0.11185308848080133 0.10387683175663141
86 0.26585976627712854 0.479317380819885 0.11268781302170282 0.12762010758671863
86 0.13939899833055092 0.9267297347430903 0.11519198664440733 0.14097570024114262
16 0.4432387312186975 0.1914301613800779 0.35058430717863037 0.11871637915043594
16 0.868948247078464 0.05119643850862549 0.11853088480801333 0.09645705805972918
16 0.036727879799666116 0.7761083286959747 0.07178631051752922 0.12762010758671863
44 0.8672787979966611 0.9274717121127806 0.12020033388981631 0.13949174550176224
44 0.7404006677796329 0.7775922834353551 0.11853088480801333 0.13058801706547954
44 0.8664440734557596 0.32795399740307923 0.12186978297161943 0.12168428862919684
44 0.9653589315525877 0.4756074939714338 0.06427378964941567 0.12910406232609908
44 0.14232053422370616 0.6284548321276201 0.11936560934891485 0.12910406232609908
44 0.26669449081803004 0.7783342608050455 0.11602671118530886 0.129104062326099
44 0.03964941569282136 0.4770914487108143 0.07595993322203672 0.12910406232609908
44 0.6227045075125208 0.05639028009645705 0.11185308848080133 0.1098126507141532
44 0.13772954924874792 0.052680393248005934 0.11519198664440733 0.09942496753849006
