81 0.14440734557595994 0.479317380819885 0.11853088480801334 0.12762010758671863
81 0.6197829716193656 0.48228529029864586 0.1093489148580968 0.12465219810795773
81 0.8626878130217028 0.479317380819885 0.11769616026711191 0.12465219810795766
81 0.865609348914858 0.7761083286959747 0.11519198664440737 0.1305880170654794
81 0.8651919866444073 0.1765906139862734 0.12437395659432383 0.1038768317566314
81 0.14398998330550916 0.7761083286959747 0.12103505843071785 0.1305880170654794
5 0.7412353923205344 0.9230198478946392 0.11686143572621034 0.1365238360230012
5 0.037979966611018365 0.9267297347430903 0.07595993322203673 0.1320719718048599
5 0.03714524207011686 0.05119643850862549 0.07429048414023372 0.09645705805972918
5 0.7437395659432389 0.05416434798738638 0.11519198664440737 0.10536078649601187
5 0.9653589315525877 0.32795399740307923 0.06427378964941567 0.13652383602300122
10 0.7391485809682805 0.6262289000185494 0.1143572621035058 0.13058801706547946
10 0.9636894824707847 0.6269708773882396 0.06594323873121866 0.13503988128362096
10 0.9666110183639399 0.9319235763309218 0.06343906510851412 0.13355592654424042
10 0.7433222036727881 0.18623631979224634 0.06761268781302178 0.13207197180485994
10 0.9666110183639398 0.04748655166017437 0.0651085141903171 0.09497310332034874
10 0.14774624373956594 0.1877202745316268 0.07679465776293824 0.14691151919866446
10 0.26335559265442404 0.05490632535707661 0.11435726210350584 0.10387683175663141
10 0.040484140233722876 0.6262289000185494 0.07595993322203673 0.13652383602300142
10 0.5041736227045075 0.33908365794843265 0.11018363939899835 0.13207197180486
11 0.4670283806343906 0.19736598033759972 0.30467445742904836 0.12465219810795773
73 0.7391485809682805 0.33537377109998145 0.11268781302170282 0.13058801706547954
73 0.5020868113522537 0.05861621220552773 0.1143572621035058 0.10832869597477277
73 0.041318864774624375 0.33092190688184003 0.08096828046744575 0.13058801706547946
73 0.9641068447412354 0.7827861250231868 0.06677796327212007 0.1380077907623817
16 0.8651919866444073 0.05193841587831571 0.11602671118530879 0.10090892227787052
86 0.039232053422370614 0.7746243739565942 0.07512520868113522 0.13058801706547943
86 0.8631051752921536 0.6254869226488592 0.11686143572621034 0.12910406232609908
86 0.6206176961602671 0.3413095900575033 0.10934891485809686 0.12762010758671866
44 0.26585976627712854 0.4845112224077166 0.1060100166944908 0.13503988128362082
5 0.2629382303839733 0.33611574846967174 0.10851419031719534 0.13207197180486
44 0.8626878130217028 0.3309219068818401 0.11936560934891474 0.11871637915043592
44 0.9641068447412354 0.4763494713411241 0.06677796327212007 0.13355592654424042
44 0.8672787979966611 0.9274717121127806 0.1235392320534224 0.1365238360230012
44 0.739983305509182 0.7753663513262845 0.11268781302170282 0.12613615284733812
44 0.6181135225375626 0.6247449452791689 0.10767946577629388 0.12762010758671857
44 0.5004173622704507 0.4837692450380263 0.11435726210350587 0.12762010758671863
44 0.1456594323873122 0.6262289000185494 0.12437395659432388 0.13355592654424042
44 0.04006677796327212 0.48080133555926546 0.07679465776293823 0.13058801706547954
44 0.6227045075125208 0.05564830272676684 0.11352253756260439 0.10536078649601187
44 0.14106844741235391 0.052680393248005934 0.11686143572621034 0.10239287701725097
32 0.738313856427379 0.48154331292895564 0.11268781302170282 0.12316824336857728
32 0.1456594323873122 0.333889816360601 0.11602671118530886 0.13058801706547954
