81 0.6136176844148188 0.6914899728270331 0.047502468325128576 0.047134232136561566
81 0.660567798457097 0.5319209577813818 0.04529305119372715 0.05204404798412007
81 0.6147223929805194 0.47496709394970316 0.04639775975942783 0.05400797432314363
81 0.7870569292298228 0.48576868881433183 0.04308363406232573 0.046152268967049964
81 0.8870330544257328 0.6173517535288997 0.02761771414251655 0.044188342628026546
56 0.8265502604536215 0.48625967039908774 0.03479831981957077 0.043206379458514875
73 0.8917280658299606 0.49166046783140205 0.030379485556768202 0.040260489949979716
85 0.6138938615562439 0.7346963522855477 0.04805482260797888 0.02945889508535103
85 0.6147223929805194 0.527993105103335 0.04750246832512851 0.05597190066216683
85 0.8870330544257328 0.6595761698179028 0.02761771414251655 0.040260489949979716
10 0.8911757115471103 0.5329029209508934 0.0292747769910676 0.0382965636109563
10 0.8605200488489169 0.4892055599076228 0.030931839839618506 0.039278526780468115
10 0.6611201527399473 0.5849469689350135 0.04750246832512851 0.054007974323143554
71 0.6133415072733936 0.6384639616734012 0.045845405476577526 0.053026011153631744
13 0.8580344545760904 0.5319209577813817 0.0325889026881697 0.040260489949979716
13 0.6622248613056478 0.4769310202887265 0.04639775975942783 0.05597190066216697
