81 0.1890651085141903 0.21443145984047488 0.09933222036727879 0.11426451493229456
81 0.6101836393989983 0.22036727879799664 0.09849749582637735 0.12020033388981634
81 0.827212020033389 0.2159154145798553 0.10016694490818026 0.10832869597477277
81 0.5642737896494157 0.03709886848451121 0.14023372287145242 0.07122982749026152
81 0.8222036727879799 0.7397514375811538 0.10183639398998323 0.11129660545353375
81 0.19031719532554256 0.7315896865145612 0.10350584307178633 0.10684474123539232
10 0.08013355592654424 0.6054535336672231 0.1051752921535893 0.11574846967167496
81 0.19115191986644406 0.4748655166017437 0.0984974958263773 0.10387683175663148
10 0.4040066777963272 0.48080133555926535 0.06844741235392325 0.1216842886291965
10 0.9373956594323873 0.48228529029864586 0.07345575959933229 0.12168428862919684
10 0.931135225375626 0.8755332962344649 0.10267111853088466 0.12168428862919684
10 0.7141068447412354 0.6091634205156743 0.09766277128547571 0.11723242441105547
10 0.08013355592654425 0.8673715451678724 0.1018363939899833 0.1112966054535338
81 0.4040066777963272 0.21888332405861619 0.10350584307178635 0.12020033388981634
5 0.2967445742904841 0.3450194769059544 0.09933222036727876 0.11129660545353368
5 0.07637729549248748 0.9712483769245037 0.10601001669449082 0.04897050639955481
81 0.19365609348914858 0.9697644221851234 0.1051752921535893 0.054906325357076756
5 0.9365609348914858 0.34279354479688373 0.10350584307178635 0.11278056019291412
73 0.08055091819699499 0.3442774995362642 0.10767946577629381 0.11871637915043592
73 0.3055091819699499 0.6039695789278428 0.11185308848080129 0.10387683175663141
73 0.934474123539232 0.6106473752550546 0.10767946577629388 0.11129660545353368
73 0.7174457429048414 0.3494713411240957 0.09766277128547586 0.10536078649601191
81 0.8217863105175292 0.9742162864032647 0.10434056761268778 0.04897050639955481
8 0.8205342237061768 0.8733073641253941 0.10183639398998323 0.11426451493229464
8 0.6114357262103506 0.35169727323316635 0.09766277128547586 0.11278056019291409
8 0.9411519198664442 0.20701168614357265 0.11101836393989985 0.12613615284733815
7 0.08096828046744572 0.7360415507327026 0.1068447412353923 0.11574846967167503
7 0.18989983305509184 0.3465034316453348 0.10267111853088483 0.10536078649601191
71 0.1924040066777963 0.862919680949731 0.1026711185308848 0.1112966054535336
71 0.932804674457429 0.7412353923205341 0.10434056761268778 0.10832869597477285
71 0.2959098497495826 0.21739936931923576 0.10100166944908179 0.10536078649601187
47 0.7166110183639398 0.7404934149508441 0.08931552587646067 0.11574846967167517
47 0.8234557595993323 0.3472454090150251 0.1026711185308848 0.11278056019291416
47 0.07762938230383973 0.2099795956223335 0.10851419031719534 0.11723242441105547
47 0.19198664440734559 0.6054535336672232 0.1018363939899833 0.11278056019291412
11 0.6527545909849749 0.4785754034501947 0.3455759599332221 0.1023928770172509
