81 0.14106844741235391 0.7701725097384531 0.12186978297161936 0.12465219810795773
81 0.1448247078464107 0.4763494713411241 0.11936560934891484 0.13058801706547954
81 0.38731218697829717 0.48228529029864586 0.11686143572621034 0.13058801706547946
81 0.6239565943238731 0.48080133555926546 0.10100166944908168 0.13058801706547954
81 0.863939899833055 0.479317380819885 0.12020033388981631 0.12762010758671863
81 0.8672787979966611 0.7761083286959747 0.12186978297161928 0.13355592654424042
5 0.2654424040066778 0.33537377109998157 0.11352253756260439 0.13949174550176227
5 0.7391485809682805 0.9267297347430903 0.121035058430718 0.13503988128362068
5 0.9661936560934891 0.3242441105546281 0.06594323873121866 0.13503988128362088
5 0.7433222036727881 0.05193841587831571 0.11268781302170297 0.10090892227787052
5 0.037979966611018365 0.050454461138935265 0.07429048414023373 0.09497310332034874
5 0.037562604340567615 0.9259877573734002 0.07345575959933222 0.1394917455017621
10 0.7429048414023373 0.6254869226488592 0.1085141903171953 0.12910406232609908
10 0.26669449081803004 0.6269708773882396 0.11268781302170282 0.13207197180486
10 0.039232053422370614 0.6277128547579299 0.07679465776293823 0.1335559265442405
10 0.14065108514190316 0.18104247820441477 0.07262103505843072 0.14542756445928398
10 0.7458263772954925 0.18697829716193656 0.08430717863105172 0.13652383602300128
10 0.26252086811352254 0.05639028009645706 0.11602671118530886 0.10684474123539232
10 0.9632721202003338 0.6284548321276201 0.06677796327212036 0.13800779076238187
10 0.9666110183639398 0.9304396215915415 0.06176961602671113 0.13058801706547954
81 0.8656093489148582 0.18178445557410497 0.13021702838063448 0.12910406232609906
11 0.4436560934891486 0.19291411611945833 0.3530884808013355 0.12168428862919681
44 0.8643572621035058 0.3294379521424597 0.11936560934891474 0.12168428862919684
44 0.9661936560934892 0.4763494713411241 0.06427378964941567 0.13355592654424042
44 0.8693656093489149 0.9267297347430903 0.12270450751252099 0.1380077907623817
44 0.7420701168614356 0.7753663513262845 0.11519198664440725 0.1380077907623814
44 0.1414858096828047 0.6247449452791689 0.11769616026711187 0.13058801706547954
44 0.2637729549248748 0.7686885549990725 0.11185308848080133 0.11871637915043592
44 0.038397328881469114 0.4763494713411241 0.07679465776293823 0.13652383602300133
44 0.6218697829716193 0.054164347987386376 0.1118530884808014 0.09645705805972916
73 0.7408180300500835 0.3346317937302912 0.11268781302170282 0.12613615284733817
73 0.5012520868113522 0.05639028009645705 0.11268781302170282 0.10387683175663141
73 0.04006677796327212 0.32795399740307923 0.07679465776293823 0.13355592654424034
73 0.9657762938230384 0.7805601929141162 0.06343906510851412 0.13949174550176224
86 0.8643572621035058 0.6269708773882396 0.11769616026711191 0.13503988128362096
86 0.6222871452420701 0.33611574846967174 0.11268781302170282 0.13503988128362088
86 0.2662771285475793 0.48302726766833615 0.1085141903171953 0.12910406232609908
86 0.3818864774624375 0.057874234835837514 0.11435726210350587 0.10981265071415322
44 0.13981636060100167 0.05193841587831571 0.11602671118530881 0.10090892227787052
16 0.8685308848080133 0.04674457429048414 0.11769616026711191 0.09052123910220738
16 0.03964941569282136 0.773882396586904 0.06928213689482471 0.1320719718048599
86 0.13898163606010017 0.9289556668521609 0.11602671118530886 0.1305880170654794
10 0.9670283806343906 0.04674457429048414 0.0626043405676127 0.09052123910220738
32 0.7404006677796328 0.479317380819885 0.11352253756260439 0.12762010758671863
32 0.1431552587646077 0.3309219068818401 0.11435726210350586 0.13355592654424048
