81 0.6466586567212572 0.5565708202495585 0.06211476063401534 0.07874658178738542
81 0.9027547599910087 0.5620016189935163 0.06516958492749168 0.07512604929141375
81 0.9032638973732549 0.7185896494442943 0.06618785969198371 0.07150551679544222
81 0.5229382728354726 0.7158742500723156 0.04378581487315849 0.07331578304342784
81 0.5229382728354726 0.5583810864975445 0.04684063916663454 0.07874658178738542
81 0.5216654293798575 0.39274172480683694 0.04938632607786474 0.06607471805148435
81 0.905809584284485 0.26557052088582933 0.0651695849274914 0.028964259967774027
81 0.7757249831206251 0.2655705208858293 0.06262389801626142 0.0307745262157599
81 0.6464040880301342 0.2642128211998399 0.06567872230973755 0.02986939309176698
5 0.5791979535736586 0.31218487677146556 0.06873354660321361 0.07693631553939963
5 0.9686880509918694 0.3194259417634091 0.057532524193800894 0.0769363155393997
73 0.5802162283381506 0.4773716719001766 0.06669699707422957 0.07784144866339268
73 0.8414037054303626 0.32259390769738433 0.06364217278075344 0.07784144866339257
10 0.8391125872102555 0.48099220439614837 0.06516958492749154 0.07603118241540685
10 0.971488306594223 0.39907765667478756 0.04073099057968149 0.0715055167954422
10 0.6492043436324874 0.39907765667478756 0.03971271581519005 0.07331578304342784
10 0.5794525222647816 0.6357699685989405 0.06516958492749148 0.07784144866339254
10 0.9666515014628854 0.643916166714877 0.06262389801626128 0.07965171491137837
10 0.7110645355753797 0.3216887745733914 0.06364217278075344 0.07603118241540674
71 0.9676697762273773 0.5629067521175092 0.06058734848727724 0.07512604929141375
71 0.5784342475002896 0.7163268166343122 0.06415131016299945 0.07422091616742094
5 0.5239565475999648 0.3139951430194514 0.04480408963765042 0.07512604929141375
5 0.7103008295020107 0.4764665387761836 0.05905993634053899 0.07241064991943497
8 0.9676697762273773 0.7167793831963084 0.06058734848727724 0.06245418555551268
8 0.8373306063723944 0.5610964858695233 0.06364217278075344 0.0787465817873855
8 0.906064152975608 0.32123620801139496 0.06364217278075344 0.07331578304342798
8 0.6466586567212572 0.31987850832540554 0.06313303539850751 0.0778414486633925
8 0.5804707970292736 0.557023386811555 0.06618785969198349 0.07603118241540663
69 0.9012273478442708 0.6425584670288876 0.06618785969198342 0.07693631553939966
69 0.5242111162910879 0.4773716719001765 0.050404600842356345 0.0742209161674209
69 0.6464040880301342 0.6353174020369441 0.06364217278075351 0.07331578304342798
28 0.9030093286821318 0.48234990408213774 0.0616056232517694 0.07512604929141382
28 0.645894950647888 0.4764665387761836 0.061605623251769256 0.07241064991943497
28 0.5216654293798575 0.6339597023509548 0.045313227019896374 0.07422091616742087
73 0.9679243449185003 0.48234990408213774 0.06007821110503116 0.07150551679544208
11 0.7963450471015893 0.40586615510473456 0.21994734913028366 0.06335931867950563
