81 0.6166450080378538 0.31331629317645665 0.05208475420376871 0.06272572549271054
81 0.8171433091663391 0.3217792878857907 0.0453641407581209 0.05575620043796494
81 0.9106718462849344 0.323272757540379 0.042003834035297276 0.05675184687435714
81 0.9896390542712933 0.32377058075857507 0.017361584734589285 0.053764907565180486
81 0.9084316418030519 0.44175468347105434 0.045364140758121035 0.04082150389208145
81 0.5205962408771407 0.4422525066892506 0.039203578432944045 0.04579973607404263
81 0.5161158319133752 0.3103293538672797 0.03360306722823789 0.07069089698384806
81 0.5219963686783173 0.5682017808928678 0.040883731794356 0.06272572549271047
81 0.619445263640207 0.5657126648018873 0.05096465196282743 0.05575620043796484
81 0.6233656214835014 0.6871815300417393 0.054324958685651056 0.05376490756518052
81 0.5239565475999646 0.694648878314681 0.04032368067388539 0.060734432619926226
81 0.905911411760934 0.5542627307833765 0.04368398739670923 0.05077796825600373
81 0.9039512328392868 0.6692598941866792 0.04424403851717969 0.05376490756518052
81 0.9862787475484694 0.5527692611287881 0.027442504903061007 0.057747493310749506
81 0.9857186964279989 0.6652773084411102 0.028562607144002213 0.05575620043796505
5 0.5648402793943204 0.37803331154195147 0.05376490756518033 0.06272572549271051
5 0.6698498644825637 0.5054760554001572 0.05096465196282736 0.056751846874357026
5 0.572400969520674 0.7379594982977431 0.053204856444709764 0.03186068596455154
5 0.9507155013985846 0.4950217678180387 0.04480408963765044 0.05774749331074936
5 0.8647476544063428 0.38201589728752056 0.0453641407581209 0.0567518468743571
81 0.9882389264701166 0.43976339059826997 0.02352214705976664 0.04878667538321921
5 0.8583070665209306 0.7270073874974284 0.04256388515576788 0.05177361469239585
73 0.5676405349966737 0.5059738786183534 0.05264480532423924 0.059738786183533815
73 0.8616673732437543 0.4990043535636076 0.04480408963765029 0.05376490756518045
73 0.9479152457962314 0.6662729548775025 0.04368398739670923 0.051773614692396
10 0.5698807394785562 0.6274427438582054 0.05264480532423924 0.055756200437964976
10 0.9490353480371726 0.6105167544395376 0.04368398739670923 0.05575620043796484
10 0.9479152457962314 0.7220291553154675 0.04368398739670923 0.05177361469239585
10 0.8602672454425777 0.6149971634033026 0.04536414075812132 0.054760554001572787
10 0.954635859241879 0.38350936694210896 0.04480408963765029 0.05774749331074944
10 0.8653077055268135 0.4417546834710545 0.033043016107767186 0.0507779682560038
10 0.6205653658811482 0.4437459763438389 0.03640332283059088 0.05874313974714156
10 0.6681697111211516 0.3790289579783439 0.05096465196282722 0.05675184687435717
71 0.9095517440439932 0.3820158972875206 0.03976362955341472 0.052769261128788256
71 0.9868387986689402 0.4945239445998428 0.026322402662119656 0.052769261128788186
71 0.6692898133620929 0.31530758604924114 0.04984454972188601 0.058743139747141626
71 0.6236456470437366 0.6274427438582054 0.05040460084235683 0.055756200437964976
71 0.5200361897566701 0.5069695250547457 0.03696337395106156 0.061730079056318346
11 0.7434965868244514 0.44424379956203497 0.146733393563305 0.05177361469239607
19 0.5623200493522026 0.31331629317645665 0.055445060926592266 0.06869960411106397
19 0.5211562919976114 0.6299318599491861 0.039203578432944114 0.058743139747141626
19 0.9064714628814048 0.4995021767818038 0.04256388515576802 0.05476055400157272
19 0.8160232069253979 0.3825137205057167 0.047604345240003454 0.055756200437964906
19 0.6244857237244426 0.7364660286431547 0.05096465196282722 0.03883021101929685
71 0.8563468875992833 0.6722468334958558 0.046484242999062245 0.05376490756518038
1 0.6191652380799717 0.5039825857455688 0.049284498601415476 0.059738786183533746
1 0.5183560363952582 0.37653984188736334 0.038083476192002835 0.061730079056318346
1 0.8611073221232834 0.557747493310749 0.04368398739670921 0.05376490756518
49 0.5712808672797327 0.6871815300417393 0.04984454972188615 0.05774749331074929
49 0.6180451358390304 0.38102025085112834 0.04928449860141541 0.05874313974714156
49 0.8655877310870488 0.3197879950130062 0.04480408963765029 0.055756200437964976
49 0.9501554502781139 0.5522714379105921 0.039203578432944114 0.04878667538321928
49 0.9033911817188164 0.7225269785336635 0.042003834035297276 0.05077796825600373
50 0.568760637237615 0.5677039576746716 0.049284498601415476 0.05575620043796477
50 0.8149031046844567 0.4995021767818038 0.04424403851717969 0.0567518468743571
50 0.9047913095199928 0.6125080473123219 0.04144378291482667 0.055756200437964976
50 0.9565960381635261 0.3242684039767712 0.043123936276238624 0.05675184687435717
50 0.9862787475484694 0.7190422160062907 0.027442504903061007 0.049782321819611466
50 0.5211562919976114 0.7324834428975859 0.04256388515576788 0.024891160909805733
