81 0.21934220116618078 0.630466472303207 0.09921647230320702 0.10932944606413997
81 0.22098214285714285 0.8717201166180757 0.09101676384839649 0.1078717201166181
81 0.7830721574344024 0.6107871720116619 0.08527696793002917 0.10787172011661804
81 0.782662172011662 0.8294460641399417 0.08281705539358612 0.10204081632653071
81 0.9556760204081634 0.8243440233236151 0.08773688046647238 0.11516034985422749
81 0.9591836734693878 0.6049562682215743 0.0816326530612244 0.1049562682215744
81 0.9589559037900875 0.37973760932944606 0.07953717201166172 0.08017492711370267
81 0.7912718658892129 0.3848396501457726 0.09183673469387756 0.08454810495626816
81 0.7941417638483966 0.1508746355685131 0.08773688046647223 0.12099125364431487
81 0.9641034985422741 0.15306122448979592 0.07179300291545175 0.11078717201166181
81 0.6104682944606414 0.1465014577259475 0.09265670553935862 0.12099125364431484
81 0.21237244897959187 0.13556851311953352 0.10331632653061228 0.12244897959183675
81 0.021729227405247818 0.1282798833819242 0.04017857142857143 0.12536443148688048
81 0.031158892128279887 0.6450437317784256 0.062317784256559774 0.11516034985422735
81 0.030748906705539366 0.8862973760932945 0.06149781341107873 0.1311953352769679
81 0.026239067055393594 0.3899416909620992 0.05247813411078719 0.09475218658892125
5 0.32142857142857145 0.511661807580175 0.09839650145772595 0.10495626822157433
5 0.1041362973760933 0.2623906705539359 0.11151603498542276 0.12244897959183676
5 0.7018950437317784 0.2638483965014577 0.08527696793002904 0.11370262390670557
5 0.8724489795918368 0.4956268221574344 0.0836370262390669 0.10204081632653057
5 0.692875364431487 0.9460641399416909 0.08363702623906705 0.10204081632653057
5 0.12258564139941691 0.9693877551020408 0.1041362973760933 0.06122448979591837
73 0.11315597667638486 0.5167638483965016 0.10987609329446066 0.12099125364431494
73 0.6990251457725948 0.4970845481049561 0.08937682215743414 0.1078717201166176
73 0.8675291545189505 0.8265306122448979 0.08527696793002917 0.09912536443148681
10 0.868759110787172 0.7172011661807579 0.08773688046647238 0.1078717201166181
10 0.8658892128279885 0.9351311953352769 0.0836370262390669 0.09475218658892132
10 0.6932853498542276 0.7274052478134111 0.0910167638483965 0.10787172011661812
10 0.8798287172011663 0.2674927113702624 0.08527696793002917 0.10349854227405249
10 0.7055849125364432 0.38119533527696786 0.07625728862973759 0.1093294460641399
10 0.21975218658892132 0.39067055393586003 0.07215743440233237 0.10787172011661816
10 0.31486880466472306 0.2653061224489796 0.10495626822157433 0.11661807580174927
10 0.11725583090379012 0.760932944606414 0.10331632653061223 0.11661807580174938
71 0.6941053206997085 0.8338192419825073 0.08117711370262398 0.0962099125364432
71 0.7896319241982508 0.2704081632653061 0.08199708454810505 0.10641399416909618
71 0.3152787900874635 0.14067055393586006 0.099216472303207 0.12390670553935858
71 0.2213921282798834 0.7551020408163265 0.10167638483965018 0.11078717201166186
71 0.02787900874635569 0.5182215743440233 0.05575801749271138 0.1268221574344023
11 0.4649234693877552 0.38265306122448983 0.3001093294460642 0.09475218658892132
71 0.9589559037900875 0.489795918367347 0.07625728862973773 0.10204081632653064
19 0.22590196793002917 0.9686588921282799 0.09265670553935862 0.05976676384839649
19 0.7855320699708455 0.4934402332361516 0.08199708454810505 0.10058309037900877
19 0.6063684402332362 0.2674927113702624 0.09593658892128289 0.11516034985422738
19 0.10126639941690964 0.1260932944606414 0.11561588921282802 0.12682215743440234
19 0.030338921282798838 0.7674927113702625 0.060677842565597676 0.11807580174927111
19 0.9579537172011662 0.7150145772594751 0.0840925655976676 0.1005830903790087
1 0.2181122448979592 0.512390670553936 0.10003644314868804 0.10932944606413997
1 0.9614158163265307 0.2653061224489796 0.07297740524781346 0.10495626822157433
1 0.6949252915451897 0.6166180758017493 0.0860969387755101 0.10495626822157433
49 0.026239067055393594 0.260932944606414 0.05247813411078719 0.12244897959183673
49 0.21319241982507292 0.26457725947521865 0.09839650145772598 0.11807580174927111
49 0.703125 0.1501457725947522 0.08773688046647223 0.11078717201166181
49 0.1213556851311954 0.8768221574344025 0.1065962099125365 0.11224489795918367
49 0.7785623177842567 0.9416909620991254 0.08117711370262398 0.09037900874635582
49 0.8728589650145773 0.6056851311953353 0.0860969387755101 0.10058309037900884
50 0.11684584548104958 0.6370262390670554 0.1057762390670554 0.10787172011661803
50 0.6051384839650146 0.49708454810495634 0.08855685131195337 0.10495626822157433
50 0.784302113702624 0.7208454810495627 0.08609693877551024 0.1005830903790087
50 0.9554938046647231 0.9336734693877551 0.08901239067055386 0.10349854227405246
50 0.8843385568513119 0.15306122448979592 0.0860969387755101 0.11370262390670556
