81 0.13939504373177844 0.5 0.12791545189504375 0.14577259475218668
81 0.14308491253644318 0.8104956268221574 0.13693513119533532 0.1428571428571429
81 0.40014577259475215 0.5021865889212829 0.13611516034985421 0.1501457725947523
81 0.6444970845481051 0.4839650145772595 0.11643586005830912 0.1486880466472303
81 0.899918002915452 0.47886297376093295 0.12545553935860057 0.15306122448979587
81 0.9048378279883383 0.7915451895043732 0.14349489795918374 0.1486880466472303
81 0.9048378279883377 0.15524781341107868 0.13201530612244947 0.12099125364431479
81 0.6408072157434404 0.17128279883381925 0.1303753644314868 0.11516034985422742
73 0.26280065597667646 0.05685131195335277 0.1320153061224489 0.11370262390670555
73 0.7736424927113703 0.7849854227405249 0.11233600583090393 0.14723032069970843
5 0.03484876093294461 0.3469387755102038 0.06805758017492712 0.15743440233236142
5 0.5157616618075802 0.048833819241982504 0.11807580174927111 0.09766763848396501
5 0.7658527696793004 0.3206997084548105 0.1311953352769679 0.1428571428571429
5 0.27059037900874644 0.8083090379008746 0.11971574344023328 0.14723032069970843
10 0.2710003644314869 0.6479591836734694 0.1238155976676385 0.14139941690962096
10 0.264850583090379 0.34329446064139946 0.131195335276968 0.14139941690962096
10 0.7715925655976678 0.6333819241982508 0.12791545189504375 0.14431486880466488
10 0.03935860058309038 0.661807580174927 0.07871720116618076 0.16034985422740525
10 0.03935860058309039 0.9489795918367346 0.07871720116618078 0.10204081632653057
11 0.1935131195335277 0.1836734693877551 0.3870262390670554 0.13994169096209913
10 0.030338921282798838 0.05102040816326531 0.060677842565597676 0.10204081632653061
10 0.767082725947522 0.04591836734693878 0.12873542274052469 0.09183673469387756
14 0.6408072157434404 0.3272594752186589 0.1303753644314868 0.14723032069970846
41 0.7699526239067056 0.4803206997084548 0.12791545189504375 0.14431486880466474
58 0.03566873177842566 0.5036443148688048 0.07133746355685132 0.14723032069970848
25 0.13693513119533526 0.3469387755102041 0.13119533527696794 0.1428571428571429
25 0.9011479591836736 0.6311953352769679 0.13119533527696803 0.14285714285714277
43 0.12709548104956267 0.053206997084548104 0.13283527696793002 0.10641399416909621
43 0.2681304664723032 0.49562682215743437 0.12627551020408162 0.1457725947521866
43 0.6391672740524783 0.047376093294460644 0.1270954810495627 0.09475218658892129
6 0.14554482507288632 0.652332361516035 0.1270954810495627 0.13848396501457735
6 0.3890761661807581 0.33454810495626824 0.11889577259475217 0.141399416909621
9 0.8978680758017493 0.3206997084548105 0.12791545189504375 0.13994169096209907
31 0.14923469387755106 0.9431486880466471 0.12791545189504375 0.10204081632653025
31 0.036898688046647234 0.8163265306122449 0.07379737609329447 0.14285714285714277
0 0.9072977405247815 0.9314868804664723 0.13529518950437308 0.1253644314868805
