81 0.22590196793002917 0.49198250728862974 0.12381559766763854 0.13848396501457721
81 0.22877186588921283 0.7791545189504373 0.11971574344023328 0.1268221574344024
81 0.6986151603498543 0.4876093294460641 0.11151603498542272 0.14139941690962096
81 0.9314868804664723 0.4868804664723032 0.11971574344023338 0.13994169096209916
81 0.924927113702624 0.7631195335276968 0.12627551020408162 0.1268221574344024
81 0.9427842565597669 0.19387755102040816 0.11443148688046634 0.13411078717201166
81 0.018859329446064138 0.7908163265306123 0.037718658892128276 0.14431486880466465
62 0.22262208454810498 0.34183673469387754 0.13037536443148692 0.15014577259475217
62 0.699845116618076 0.34402332361516036 0.11725583090379005 0.13411078717201164
62 0.9277970116618076 0.6231778425655977 0.1254555393586007 0.12973760932944614
62 0.2250819970845481 0.9183673469387754 0.10577623906705544 0.12244897959183675
5 0.3488975947521866 0.34839650145772594 0.11889577259475213 0.14868804664723034
5 0.8273505830903791 0.0575801749271137 0.1246355685131195 0.1151603498542274
5 0.08199708454810498 0.053206997084548104 0.13119533527696794 0.10641399416909621
5 0.10659620991253643 0.9234693877551021 0.12791545189504372 0.12682215743440226
5 0.8064413265306123 0.8986880466472303 0.10905612244897953 0.13265306122448992
73 0.0926567055393586 0.3403790087463557 0.13611516034985424 0.14431486880466468
73 0.5870991253644315 0.0575801749271137 0.12135568513119552 0.1151603498542274
73 0.8187408892128281 0.3425655976676385 0.11397594752186592 0.13702623906705544
10 0.10331632653061225 0.6392128279883381 0.13283527696793004 0.13556851311953352
10 0.8113611516034988 0.6275510204081632 0.11069606413994179 0.12682215743440226
10 0.3431577988338193 0.05466472303206997 0.1205357142857142 0.10932944606413994
10 0.2181122448979592 0.19387755102040816 0.0918367346938776 0.15160349854227406
10 0.8273505830903791 0.1946064139941691 0.08363702623906705 0.1326530612244898
17 0.924927113702624 0.9045189504373178 0.11479591836734698 0.14139941690962105
17 0.9384566326530613 0.3381924198250729 0.11233600583090379 0.13411078717201172
17 0.23000182215743442 0.6392128279883381 0.1205357142857143 0.13556851311953352
82 0.1057762390670554 0.7835276967930029 0.13119533527696794 0.129737609329446
82 0.8134110787172013 0.4883381924198251 0.10823615160349846 0.1370262390670554
82 0.9468841107871719 0.05466472303206997 0.10623177842565595 0.10932944606413994
82 0.4645134839650146 0.05685131195335277 0.11561588921282798 0.11370262390670555
82 0.3480776239067056 0.4956268221574344 0.11561588921282798 0.1428571428571429
87 0.8080812682215744 0.7667638483965014 0.11069606413994165 0.12827988338192425
87 0.09839650145772597 0.4948979591836735 0.13283527696793004 0.14723032069970848
87 0.703125 0.06268221574344024 0.11561588921282791 0.11078717201166181
87 0.21729227405247817 0.05393586005830904 0.12627551020408165 0.10787172011661808
11 0.5260112973760933 0.1967930029154519 0.36324708454810506 0.12536443148688045
