81 0.04673833819241983 0.6151603498542274 0.08855685131195337 0.15451895043731795
81 0.0446884110787172 0.9278425655976676 0.08609693877551021 0.14139941690962105
81 0.2919096209912537 0.6151603498542274 0.12627551020408168 0.15451895043731795
81 0.8060313411078718 0.6253644314868805 0.1311953352769679 0.16034985422740533
81 0.8052113702623908 0.9314868804664722 0.13447521865889228 0.13119533527696778
81 0.8109511661807582 0.03206997084548105 0.1311953352769679 0.05830903790087463
81 0.5502004373177843 0.03644314868804665 0.13283527696793002 0.061224489795918366
81 0.2910896501457726 0.029883381924198257 0.12955539358600582 0.051020408163265314
81 0.0463283527696793 0.29373177842565595 0.08937682215743442 0.10641399416909618
73 0.1598943148688047 0.4540816326530612 0.13119533527696797 0.1559766763848396
73 0.9355867346938777 0.46574344023323616 0.1246355685131195 0.1559766763848397
73 0.6793458454810494 0.14723032069970857 0.1303753644314868 0.15160349854227423
10 0.6777059037900875 0.46938775510204084 0.12873542274052482 0.14577259475218654
10 0.9339467930029156 0.7900874635568513 0.12627551020408162 0.15743440233236158
10 0.15784438775510207 0.7762390670553936 0.1336552478134111 0.15597667638483956
10 0.2960094752186589 0.29883381924198255 0.07051749271137027 0.13702623906705544
10 0.942966472303207 0.30612244897959184 0.0934766763848397 0.14285714285714285
10 0.41818513119533535 0.14431486880466474 0.11807580174927118 0.1545189504373178
5 0.41490524781341115 0.45991253644314867 0.11479591836734698 0.15597667638483956
5 0.15948432944606417 0.1348396501457726 0.13201530612244902 0.15889212827988336
5 0.9364067055393588 0.14139941690962096 0.11971574344023324 0.14577259475218657
71 0.9347667638483966 0.6260932944606413 0.12299562682215737 0.1501457725947523
71 0.15456450437317787 0.9293002915451894 0.1303753644314869 0.13556851311953352
71 0.04591836734693878 0.12755102040816324 0.08691690962099127 0.1443148688046647
8 0.15948432944606417 0.6151603498542273 0.1303753644314869 0.15160349854227398
8 0.29190962099125367 0.13994169096209913 0.12791545189504372 0.1574344023323615
8 0.808491253644315 0.141399416909621 0.1229956268221575 0.15160349854227406
8 0.6723760932944607 0.6188046647230321 0.12299562682215744 0.1501457725947521
69 0.9359967201166183 0.9307580174927115 0.12545553935860024 0.12682215743440248
69 0.8064413265306123 0.7857142857142857 0.11889577259475231 0.15160349854227406
69 0.04591836734693878 0.4555393586005831 0.08855685131195337 0.14723032069970843
69 0.29313957725947526 0.7849854227405249 0.1270954810495627 0.1588921282798833
28 0.8043913994169096 0.46574344023323616 0.1229956268221575 0.15014577259475226
28 0.04427842565597667 0.7762390670553936 0.08691690962099125 0.15014577259475217
28 0.29067966472303214 0.4569970845481049 0.12381559766763846 0.1501457725947521
11 0.6121082361516035 0.3104956268221574 0.38292638483965014 0.12244897959183675
