81 0.16932397959183676 0.6239067055393587 0.1254555393586006 0.13702623906705555
81 0.7129646501457727 0.08819241982507289 0.0024599125364431983 0.0014577259475218617
81 0.6535167638483966 0.047376093294460644 0.11643586005830897 0.09475218658892129
81 0.8933582361516037 0.04446064139941691 0.11725583090379005 0.08600583090379009
81 0.8765488338192421 0.6005830903790088 0.11151603498542272 0.13411078717201164
81 0.8712190233236151 0.880466472303207 0.10905612244897966 0.13411078717201164
81 0.15456450437317787 0.037900874635568516 0.1270954810495627 0.06997084548104957
5 0.044278425655976686 0.15524781341107857 0.08855685131195337 0.15306122448979584
5 0.29354956268221577 0.47376093294460647 0.12135568513119538 0.13702623906705533
5 0.043048469387755105 0.0816326530612245 0.004099854227405251 0.0029154518950437235
5 0.7699526239067055 0.17274052478134108 0.11315597667638483 0.14431486880466476
73 0.0496082361516035 0.4825072886297376 0.0975765306122449 0.14868804664723037
73 0.7650327988338192 0.46282798833819244 0.10823615160349859 0.13265306122448972
73 0.9634657434402334 0.8753644314868805 0.06723760932944614 0.13556851311953366
81 0.41736516034985427 0.04518950437317784 0.1246355685131195 0.09037900874635568
10 0.7613429300291545 0.7478134110787172 0.11069606413994165 0.13119533527696803
10 0.774872448979592 0.31559766763848396 0.07379737609329487 0.1326530612244899
10 0.9733053935860059 0.16034985422740525 0.04919825072886288 0.14285714285714285
10 0.28903972303207 0.16763848396501457 0.1287354227405248 0.14868804664723032
10 0.16768403790087466 0.31924198250728864 0.099216472303207 0.14577259475218665
10 0.052478134110787174 0.7835276967930029 0.10003644314868806 0.15014577259475204
10 0.9642857142857144 0.740524781341108 0.06723760932944614 0.1370262390670554
81 0.17055393586005835 0.924198250728863 0.12627551020408165 0.13702623906705524
71 0.8872084548104957 0.1639941690962099 0.10659620991253646 0.13848396501457724
71 0.17055393586005826 0.7776967930029156 0.1262755102040817 0.1501457725947525
71 0.2882197521865887 0.043002915451895024 0.12709548104956322 0.08600583090379005
50 0.7597029883381927 0.8797376093294453 0.1106960641399414 0.12973760932944603
50 0.8728589650145773 0.7412536443148687 0.10905612244897953 0.12973760932944614
50 0.052478134110787174 0.631195335276968 0.10003644314868806 0.1545189504373178
50 0.6498268950437318 0.46282798833819244 0.11397594752186592 0.13265306122448975
19 0.8785987609329448 0.45991253644314867 0.10741618075801754 0.129737609329446
19 0.6526967930029156 0.17274052478134114 0.11479591836734698 0.13556851311953355
19 0.04427842565597667 0.03644314868804665 0.08527696793002916 0.0728862973760933
19 0.29477951895043736 0.6202623906705539 0.11725583090379008 0.13848396501457727
5 0.9671556122448982 0.4555393586005831 0.06477769679300295 0.13556851311953352
81 0.8876184402332362 0.3206997084548105 0.12381559766763843 0.11078717201166179
49 0.15825437317784258 0.1610787172011662 0.13283527696793004 0.15597667638483967
49 0.7720025510204083 0.04591836734693877 0.11725583090379019 0.08892128279883382
49 0.9651056851311955 0.5962099125364432 0.06067784256559761 0.1311953352769679
49 0.05411807580174928 0.9336734693877551 0.10495626822157438 0.12390670553935862
1 0.164814139941691 0.47303206997084546 0.12791545189504377 0.13848396501457727
1 0.7621629008746357 0.6049562682215743 0.1057762390670554 0.1282798833819242
1 0.5379008746355686 0.04737609329446063 0.11151603498542272 0.08600583090379008
11 0.4759930758017493 0.32215743440233224 0.3583272594752186 0.1282798833819242
