81 0.046328352769679296 0.2966472303206997 0.0893768221574344 0.11224489795918353
81 0.2886297376093295 0.6158892128279883 0.13119533527696794 0.14723032069970843
81 0.8043913994169096 0.6253644314868805 0.1295553935860059 0.16034985422740533
81 0.8043913994169096 0.9314868804664722 0.1295553935860059 0.12244897959183675
81 0.0446884110787172 0.6166180758017493 0.08445699708454811 0.15160349854227412
81 0.04263848396501458 0.9285714285714286 0.08363702623906706 0.13119533527696803
81 0.5477405247813412 0.03425655976676385 0.1229956268221575 0.0597667638483965
81 0.8080812682215744 0.030612244897959186 0.13201530612244894 0.05830903790087464
81 0.28985969387755106 0.027696793002915453 0.1270954810495627 0.052478134110787174
5 0.9351767492711371 0.14139941690962096 0.12217565597667644 0.14577259475218657
5 0.15456450437317787 0.13192419825072885 0.13693513119533532 0.1530612244897959
73 0.9318968658892129 0.46574344023323616 0.1270954810495627 0.15014577259475226
73 0.1566144314868805 0.45626822157434405 0.13119533527696797 0.1457725947521866
73 0.6760659620991254 0.14504373177842564 0.1254555393586007 0.14723032069970846
10 0.6748360058309038 0.4635568513119533 0.1311953352769679 0.1574344023323615
10 0.9339467930029156 0.7893586005830904 0.12463556851311963 0.1559766763848397
10 0.15210459183673472 0.771137026239067 0.1336552478134111 0.1486880466472303
10 0.29067966472303214 0.30247813411078717 0.08445699708454811 0.14723032069970843
10 0.9384566326530611 0.30247813411078717 0.09101676384839649 0.13556851311953352
28 0.8039814139941691 0.4679300291545189 0.1254555393586007 0.1486880466472303
8 0.2894497084548105 0.4562682215743439 0.1295553935860059 0.14577259475218654
71 0.043048469387755105 0.7776967930029152 0.08445699708454811 0.1501457725947523
71 0.935176749271137 0.6260932944606413 0.1270954810495627 0.15306122448979578
71 0.04181851311953353 0.1326530612244898 0.07871720116618076 0.14868804664723032
69 0.14964467930029154 0.9300291545189495 0.1287354227405247 0.12827988338192425
69 0.802341472303207 0.7849854227405249 0.12873542274052496 0.15306122448979578
69 0.044278425655976686 0.4526239067055393 0.08199708454810496 0.14431486880466465
5 0.421055029154519 0.46428571428571425 0.1336552478134111 0.14723032069970843
8 0.6727860787172013 0.6246355685131195 0.1238155976676385 0.153061224489796
8 0.9347667638483966 0.9344023323615162 0.12627551020408176 0.11953352769679312
8 0.15620444606413997 0.6129737609329446 0.13201530612244902 0.14431486880466474
8 0.28903972303207004 0.141399416909621 0.12545553935860063 0.15160349854227406
8 0.8056213556851313 0.14431486880466474 0.12381559766763843 0.14868804664723032
