81 0.1238155976676385 0.6042274052478135 0.1393950437317784 0.16180758017492713
81 0.1254555393586006 0.9336734693877551 0.1475947521865889 0.1268221574344024
81 0.940506559766764 0.5779883381924198 0.11315597667638486 0.16472303206997074
81 0.9423742711370263 0.9212827988338192 0.1152514577259474 0.1545189504373178
81 0.9347667638483966 0.23469387755102042 0.1295553935860059 0.10787172011661812
81 0.6567966472303207 0.2529154518950437 0.14923469387755092 0.11807580174927111
5 0.2619806851311954 0.9256559766763849 0.132015306122449 0.1486880466472303
5 0.8064413265306123 0.41399416909620995 0.146774781341108 0.16034985422740525
73 0.257060860058309 0.09620991253644316 0.1287354227405248 0.17201166180758018
73 0.8158709912536445 0.9205539358600583 0.1393950437317784 0.1559766763848397
10 0.2607507288629738 0.4329446064139942 0.13939504373177847 0.16326530612244908
10 0.2603407434402333 0.7660349854227405 0.13201530612244902 0.15597667638483956
10 0.8101311953352771 0.7543731778425655 0.1475947521865889 0.1559766763848397
10 0.8064413265306123 0.0794460641399417 0.13693513119533535 0.1588921282798834
14 0.667866253644315 0.42419825072886297 0.13201530612244894 0.15160349854227406
41 0.8105411807580175 0.5830903790087464 0.14513483965014587 0.15743440233236142
41 0.39030612244897966 0.09693877551020408 0.13119533527696794 0.15597667638483967
58 0.024189139941690963 0.607871720116618 0.048378279883381926 0.16909620991253654
25 0.12135568513119534 0.4322157434402332 0.1377551020408163 0.1559766763848396
25 0.940506559766764 0.750728862973761 0.11151603498542272 0.1603498542274052
12 0.11192602040816325 0.09839650145772595 0.14513483965014576 0.17055393586005832
43 0.2611607142857143 0.6027696793002915 0.1336552478134111 0.15306122448979592
43 0.6641763848396502 0.08236151603498543 0.14267492711370267 0.15597667638483967
6 0.12504555393586006 0.770408163265306 0.1418549562682216 0.15014577259475217
6 0.3931760204081634 0.4329446064139942 0.12709548104956275 0.15743440233236144
10 0.02172922740524781 0.7806122448979592 0.04345845481049562 0.16472303206997083
77 0.940506559766764 0.06997084548104957 0.11807580174927125 0.1370262390670554
11 0.1980229591836735 0.26822157434402333 0.396045918367347 0.1457725947521866
