81 0.2357416180758018 0.6290087463556852 0.11725583090379012 0.129737609329446
81 0.22918185131195337 0.07142857142857142 0.11397594752186592 0.1282798833819242
81 0.6752459912536442 0.086734693877551 0.11069606413994189 0.1443148688046647
81 0.899918002915452 0.08819241982507282 0.1139759475218663 0.13265306122448967
81 0.8904883381924199 0.35714285714285715 0.11643586005830912 0.09037900874635571
81 0.02910896501457726 0.34766763848396515 0.05821793002915452 0.09766763848396509
81 0.02869897959183674 0.6319241982507289 0.05739795918367348 0.12390670553935855
81 0.02869897959183674 0.9103498542274052 0.05739795918367348 0.13848396501457727
81 0.24189139941690965 0.8957725947521865 0.11479591836734698 0.12099125364431487
81 0.8859784985422741 0.6217201166180758 0.10905612244897966 0.1268221574344024
81 0.8785987609329448 0.8819241982507288 0.10413629737609327 0.12827988338192411
62 0.2377915451895044 0.49052478134110783 0.11151603498542276 0.13556851311953352
62 0.34438775510204084 0.07725947521865889 0.10823615160349853 0.1370262390670554
62 0.7871720116618077 0.08819241982507289 0.10495626822157447 0.13848396501457727
62 0.6715561224489796 0.49125364431486884 0.10823615160349863 0.12244897959183668
62 0.883518586005831 0.7507288629737608 0.10577623906705526 0.12827988338192425
73 0.1188957725947522 0.49781341107871724 0.12627551020408165 0.13848396501457735
73 0.7802022594752194 0.49271137026239076 0.10413629737609334 0.12536443148688048
73 0.9700255102040817 0.8841107871720116 0.05739795918367335 0.12390670553935848
10 0.12135568513119535 0.772594752186589 0.11971574344023325 0.12827988338192453
10 0.34848760932944617 0.22157434402332363 0.11151603498542276 0.14285714285714288
10 0.23287172011661808 0.36078717201166194 0.09019679300291554 0.12973760932944606
10 0.7752824344023324 0.35932944606413997 0.08445699708454825 0.11224489795918366
10 0.9792729591836735 0.2193877551020408 0.04145408163265302 0.12973760932944609
10 0.9731231778425656 0.7536443148688048 0.053753644314868725 0.11953352769679312
10 0.7810222303206998 0.7536443148688048 0.08773688046647223 0.13994169096209916
10 0.9690233236151604 0.9766763848396502 0.0619533527696791 0.04664723032069972
81 0.02295918367346939 0.0619533527696793 0.04591836734693878 0.1239067055393586
5 0.1090561224489796 0.21137026239067055 0.12299562682215745 0.14577259475218657
5 0.3509475218658893 0.49052478134110783 0.10987609329446063 0.129737609329446
5 0.7830721574344024 0.2208454810495627 0.10331632653061235 0.1268221574344023
5 0.9708454810495627 0.49052478134110783 0.05575801749271136 0.12390670553935862
62 0.030748906705539366 0.7696793002915453 0.056577988338192435 0.13994169096209916
73 0.57807944606414 0.22448979591836735 0.09183673469387756 0.13119533527696794
87 0.6768859329446064 0.2252186588921283 0.10249635568513121 0.1268221574344024
87 0.11930575801749274 0.6333819241982508 0.1188957725947522 0.13265306122448975
87 0.23287172011661808 0.21865889212827988 0.11479591836734698 0.13411078717201164
87 0.9723032069970847 0.6231778425655976 0.05539358600583071 0.12682215743440226
82 0.8978680758017493 0.22667638483965014 0.10987609329446059 0.12682215743440234
82 0.023369169096209914 0.2099125364431487 0.04673833819241983 0.14285714285714285
82 0.12463556851311954 0.9059766763848396 0.11971574344023324 0.12390670553935862
82 0.777332361516035 0.6260932944606414 0.10331632653061205 0.12390670553935862
17 0.8880284256559767 0.49125364431486873 0.1082361516034986 0.1282798833819242
17 0.5678298104956269 0.08381924198250727 0.09921647230320702 0.13265306122448978
81 0.4591836734693878 0.0794460641399417 0.10659620991253646 0.12390670553935859
17 0.23697157434402336 0.7667638483965016 0.1082361516034986 0.12536443148688037
17 0.026649052478134115 0.49562682215743437 0.05165816326530614 0.13411078717201172
11 0.5210914723032068 0.35568513119533535 0.3435677842565598 0.11078717201166173
