81 0.1238155976676385 0.6158892128279884 0.1393950437317784 0.1588921282798834
81 0.12340561224489796 0.9402332361516034 0.14349489795918366 0.11370262390670562
81 0.9409165451895043 0.5932944606413993 0.11561588921282791 0.1603498542274052
81 0.9409165451895045 0.9285714285714286 0.11397594752186592 0.13994169096209916
81 0.6682762390670556 0.2638483965014577 0.1311953352769679 0.12827988338192423
81 0.9400965743440233 0.25145772594752186 0.11725583090379005 0.13556851311953352
73 0.2558309037900875 0.11224489795918367 0.13775510204081634 0.16034985422740525
5 0.8080812682215744 0.4314868804664723 0.13857507288629733 0.15160349854227406
12 0.11315597667638486 0.10860058309037901 0.14267492711370264 0.16763848396501457
6 0.39153607871720125 0.4504373177842565 0.12873542274052474 0.1574344023323615
6 0.12463556851311955 0.791545189504373 0.14267492711370264 0.1603498542274052
25 0.942146501457726 0.7638483965014577 0.11479591836734698 0.1603498542274052
25 0.1209456997084548 0.45335276967930027 0.13693513119533526 0.15160349854227406
58 0.02377915451895044 0.6260932944606413 0.04755830903790088 0.15597667638483975
10 0.25829081632653067 0.44460641399416917 0.13775510204081642 0.15451895043731775
10 0.2611607142857143 0.7784256559766763 0.1270954810495627 0.15743440233236142
10 0.8138210641399418 0.7616618075801749 0.13529518950437308 0.16472303206997083
10 0.8052113702623908 0.08527696793002916 0.14103498542274054 0.1501457725947522
43 0.2632106413994169 0.6144314868804664 0.13283527696793007 0.15597667638483975
43 0.6662263119533529 0.09110787172011663 0.133655247813411 0.1588921282798834
14 0.6670462827988339 0.43731778425655976 0.12873542274052469 0.1486880466472303
41 0.8105411807580176 0.5976676384839651 0.14349489795918358 0.1545189504373178
41 0.39850583090379016 0.11734693877551021 0.1410349854227406 0.16472303206997083
11 0.19843294460641403 0.28134110787172006 0.3952259475218659 0.13994169096209907
73 0.8162809766763849 0.9278425655976676 0.13037536443148695 0.14431486880466465
77 0.9392766034985424 0.07725947521865889 0.11397594752186592 0.14285714285714285
9 0.9384566326530615 0.41836734693877553 0.11889577259475217 0.15160349854227406
