12 0.5593415956660636 0.30992204396148326 0.07280664566118183 0.08146198115936432
25 0.5616327138861706 0.48099220439614837 0.07127923351444367 0.08146198115936436
25 0.9709791692119765 0.6384853679709194 0.05498683728257106 0.07784144866339254
81 0.5641784007974008 0.5651695849274915 0.07026095874995185 0.0742209161674208
81 0.9727611500498375 0.5543079874395762 0.05345942513583296 0.0796517149113783
81 0.9714883065942226 0.7158742500723156 0.051932012989094715 0.06426445180349859
81 0.5631601260329088 0.7249255813122454 0.0712792335144438 0.058833653059541406
81 0.8335120760055491 0.38776349262487586 0.07433405780792 0.06335931867950563
81 0.9691971883741155 0.3805224276329323 0.05855079895829306 0.06335931867950563
73 0.6313845352538763 0.313542576457455 0.0682244092209676 0.07603118241540667
73 0.9086098398868381 0.7194947825682874 0.06567872230973748 0.06064391930752677
14 0.8332575073144262 0.47284600628021195 0.06873354660321354 0.08146198115936429
5 0.905045878211116 0.4701306069082331 0.06975182136770598 0.07603118241540663
10 0.904282172137747 0.3008707127215538 0.07026095874995164 0.07241064991943497
10 0.906318721666731 0.6371276682849301 0.07433405780791986 0.0805568480353714
10 0.6326573787094913 0.47872937158616596 0.06873354660321361 0.08236711428335731
10 0.6296025544160152 0.6484418323348418 0.05956907372278536 0.07965171491137844
41 0.6968086888724909 0.313542576457455 0.06058734848727724 0.08508251365533606
41 0.9068278590489771 0.5534028543155833 0.07229750827893583 0.08146198115936429
6 0.5623964199595396 0.6525149313928099 0.06975182136770564 0.07693631553939972
6 0.6983361010192288 0.48144477095814486 0.059569073722785075 0.07874658178738557
43 0.6341847908562295 0.5642644518034986 0.06364217278075338 0.07784144866339254
43 0.8340212133877952 0.3017758458455468 0.06924268398545977 0.07241064991943504
77 0.9702154631386075 0.29498734741559973 0.05753252419380118 0.0787465817873855
9 0.9709791692119765 0.4674152075362544 0.05804166157604712 0.07965171491137844
58 0.5147920747195361 0.5669798511754773 0.023420319583317237 0.07965171491137844
10 0.5132646625727979 0.6525149313928099 0.024438594347809258 0.08779791302731489
11 0.6022685860058309 0.3965014577259475 0.20581268221574348 0.07288629737609334
