81 0.6314863627303253 0.2829490768664937 0.059365418769886776 0.07766042203859402
81 0.8594271687618713 0.2919098947940233 0.05376490756517925 0.06969525054745598
81 0.9714373928559976 0.28792730904845476 0.05376490756518038 0.06969525054745614
81 0.9641567282898795 0.5622279022745144 0.05488500980612173 0.06471701836549493
81 0.9619165238079971 0.6956445247510733 0.054885009806121446 0.06670831123827953
81 0.8538266575571655 0.5622279022745144 0.051524703083297964 0.06670831123827937
81 0.8563468875992828 0.6911641157873073 0.04872444748094569 0.06372137192910263
81 0.5250766498409059 0.5672061344564755 0.04032368067388525 0.0686996041110639
81 0.5205962408771407 0.27896649112092475 0.039203578432944045 0.07168654342024067
81 0.5247966242806705 0.7011205801512306 0.042003834035297276 0.06571266480188712
62 0.5231164709192586 0.6359057385675395 0.0487244474809448 0.06670831123827953
62 0.633726567212208 0.4940261213816466 0.0593654187698867 0.061730079056318346
62 0.9154322808089348 0.28991860192123925 0.05376490756518052 0.06969525054745616
62 0.9619165238079971 0.6284383902945977 0.05600511204706294 0.06372137192910288
62 0.8535466319969303 0.4975108839090193 0.05656516316753368 0.06670831123827953
81 0.5208762664373761 0.42134393152501365 0.04648424299906239 0.04978232181961161
81 0.9663969327717621 0.42930910301615155 0.06384582773365154 0.05376490756518045
5 0.5732410462013801 0.35214650419575366 0.060485521010828054 0.07268218985663279
5 0.9126320252065816 0.35861820603230316 0.05488500980612173 0.06372137192910281
5 0.9078715906825812 0.7394529679523313 0.05880536764941624 0.03086503952815903
73 0.576321327363968 0.4945239445998425 0.06328577661318179 0.0667083112382796
73 0.8009018266726909 0.3601116756868915 0.055445060926592335 0.0686996041110639
73 0.9095517440439932 0.4955195910362349 0.05208475420376843 0.06670831123827953
62 0.689731679259271 0.2914120715758276 0.051524703083297964 0.07467348272941728
10 0.5794016085265568 0.6329187992583627 0.060485521010828054 0.06471701836549493
10 0.8006218011124556 0.4970130606908233 0.05264480532423917 0.0657126648018874
10 0.9115119229656403 0.4278156333615632 0.031362862746355094 0.0627257254927106
10 0.634566643892914 0.4283134565797593 0.034163118348708325 0.059738786183533746
10 0.907591565122346 0.6284383902945977 0.051524703083297964 0.06571266480188726
82 0.9084316418030519 0.5597387861835338 0.05320485644470978 0.059738786183533746
82 0.9689171628138799 0.3606094989050876 0.05432495868565099 0.06571266480188726
82 0.5802416852072628 0.7016184033694266 0.05768526540847496 0.05675184687435717
87 0.5233964964794936 0.35314215063214555 0.043683987396709624 0.07268218985663269
87 0.9075915651223461 0.6956445247510732 0.05376490756518052 0.0627257254927106
87 0.8571869642799893 0.35961385246869537 0.05264480532423917 0.06372137192910288
87 0.6334465416519727 0.35513344350493037 0.056565163167533614 0.07069089698384844
87 0.576881378484439 0.5642191951472988 0.05992546989035738 0.06272572549271047
17 0.8535466319969303 0.6279405670764016 0.05096465196282736 0.06073443261992608
17 0.9655568560910561 0.4945239445998426 0.055445060926592335 0.064717018365495
17 0.522556419798788 0.4955195910362349 0.042003834035297276 0.06670831123827953
17 0.5726809950809093 0.2829490768664936 0.06496592997459316 0.07168654342024058
17 0.8028620055943381 0.2904164251394354 0.05376490756518067 0.06670831123827942
81 0.6351266950133847 0.5637213719291028 0.05320485644470985 0.061730079056318346
11 0.7779397307333952 0.4298069262343478 0.15849446709318826 0.06272572549271054
