81 0.22057215743440234 0.10641399416909621 0.10167638483965014 0.13119533527696794
81 0.6432671282798834 0.11880466472303207 0.10905612244897953 0.10932944606413994
81 0.8650692419825073 0.10641399416909621 0.11643586005830885 0.1341107871720117
81 0.8380102040816328 0.6173469387755103 0.10167638483965036 0.12682215743440226
81 0.23000182215743442 0.6137026239067055 0.10249635568513124 0.1253644314868805
81 0.036898688046647234 0.6049562682215743 0.07379737609329447 0.11953352769679298
81 0.03566873177842566 0.8556851311953352 0.07133746355685132 0.12827988338192425
81 0.8466198979591837 0.369533527696793 0.10085641399416914 0.0801749271137026
81 0.030748906705539363 0.34985422740524785 0.061497813411078725 0.08163265306122447
81 0.024189139941690963 0.08673469387755102 0.048378279883381926 0.12099125364431487
56 0.10495626822157438 0.09183673469387756 0.10495626822157435 0.1370262390670554
56 0.1270954810495627 0.6056851311953353 0.10167638483965014 0.12099125364431487
56 0.637527332361516 0.500728862973761 0.10249635568513113 0.11516034985422735
56 0.03730867346938776 0.9635568513119535 0.07133746355685132 0.07288629737609327
5 0.10659620991253646 0.22521865889212825 0.11315597667638487 0.1326530612244898
5 0.32798833819241985 0.49198250728862974 0.10659620991253643 0.11224489795918366
5 0.750683309037901 0.24416909620991256 0.10085641399416914 0.12682215743440234
5 0.9472940962099125 0.500728862973761 0.10541180758017488 0.12390670553935862
73 0.12463556851311956 0.4839650145772595 0.10495626822157438 0.1253644314868805
73 0.7404336734693878 0.49927113702623893 0.10003644314868784 0.11224489795918359
73 0.941326530612245 0.8782798833819243 0.10331632653061235 0.12390670553935862
85 0.03484876093294461 0.4803206997084548 0.06805758017492712 0.11807580174927118
85 0.21729227405247817 0.23469387755102042 0.10331632653061228 0.12536443148688042
10 0.9441964285714286 0.7529154518950437 0.10413629737609327 0.11807580174927111
10 0.9546738338192421 0.23542274052478135 0.09065233236151599 0.12099125364431487
10 0.7482233965014577 0.3731778425655976 0.08117711370262384 0.11078717201166179
10 0.22221209912536438 0.3622448979591836 0.06559766763848383 0.10058309037900867
10 0.32470845481049565 0.23833819241982507 0.09675655976676388 0.10641399416909621
10 0.12750546647230324 0.727405247813411 0.10085641399416911 0.1078717201166181
51 0.7523232507288633 0.11516034985422742 0.10741618075801758 0.11370262390670562
51 0.735103862973761 0.6180758017492711 0.09265670553935877 0.11953352769679298
13 0.9458363702623908 0.6260932944606414 0.100856413994169 0.11807580174927111
13 0.6432671282798834 0.24635568513119532 0.10741618075801761 0.12244897959183675
13 0.9646956997084548 0.10204081632653061 0.06805758017492707 0.1282798833819242
13 0.223442055393586 0.4912536443148688 0.09921647230320702 0.11370262390670546
71 0.835140306122449 0.7492711370262392 0.10085641399416914 0.12244897959183675
71 0.8576895043731778 0.24271137026239067 0.09511661807580182 0.12099125364431487
11 0.49116253644314883 0.36953352769679304 0.3296282798833819 0.10058309037900875
61 0.844569970845481 0.49927113702623904 0.09511661807580182 0.11516034985422749
61 0.33003826530612246 0.12026239067055393 0.10085641399416907 0.11807580174927114
61 0.03648870262390671 0.7295918367346939 0.07297740524781342 0.12390670553935848
61 0.23369169096209913 0.9591836734693875 0.0983965014577261 0.08163265306122444
5 0.7314139941690962 0.9657434402332362 0.10167638483965007 0.06851311953352762
