81 0.22303206997084551 0.879008746355685 0.10167638483965018 0.1078717201166181
81 0.2172922740524781 0.6348396501457726 0.09839650145772591 0.11807580174927111
81 0.20909256559766767 0.13192419825072885 0.10331632653061223 0.12099125364431487
81 0.6116982507288631 0.14941690962099125 0.0934766763848397 0.11516034985422738
81 0.7916818513119535 0.15451895043731778 0.08445699708454811 0.119533527696793
81 0.9614158163265307 0.1508746355685131 0.07133746355685133 0.11224489795918366
81 0.9605958454810497 0.380466472303207 0.07625728862973745 0.09620991253644312
81 0.792091836734694 0.38483965014577265 0.09839650145772595 0.09037900874635575
81 0.9548560495626823 0.6042274052478135 0.08445699708454811 0.10932944606413997
81 0.7822521865889215 0.6100583090379008 0.08363702623906719 0.10349854227405246
81 0.7785623177842567 0.8301749271137027 0.08281705539358597 0.1005830903790087
81 0.9540360787172011 0.825801749271137 0.08937682215743437 0.10641399416909621
81 0.028288994169096214 0.6377551020408163 0.05657798833819243 0.12390670553935862
81 0.029928935860058313 0.8855685131195336 0.059857871720116626 0.11807580174927111
81 0.019269314868804666 0.12317784256559765 0.036898688046647234 0.12973760932944606
5 0.1057762390670554 0.25801749271137026 0.11151603498542274 0.12827988338192417
5 0.31814868804664725 0.510932944606414 0.09839650145772595 0.11224489795918373
5 0.869579081632653 0.49052478134110783 0.08117711370262398 0.10349854227405246
5 0.6998451166180759 0.2660349854227405 0.08609693877551024 0.10932944606413997
5 0.11930575801749273 0.9715743440233237 0.10413629737609326 0.05685131195335282
5 0.6916454081632654 0.9460641399416909 0.08445699708454811 0.1078717201166181
73 0.11151603498542276 0.5131195335276968 0.10495626822157433 0.11953352769679305
73 0.6969752186588921 0.5014577259475219 0.0819970845481049 0.10787172011661803
73 0.8634293002915453 0.825801749271137 0.08363702623906705 0.09766763848396494
10 0.8650692419825075 0.7135568513119533 0.08363702623906719 0.09766763848396494
10 0.8671191690962101 0.9365889212827989 0.0860969387755101 0.10349854227405246
10 0.6982051749271138 0.7281341107871719 0.07953717201166172 0.11807580174927111
10 0.11520590379008748 0.7565597667638484 0.1074161807580175 0.10787172011661823
10 0.21729227405247817 0.39067055393586003 0.07379737609329445 0.11078717201166179
10 0.31486880466472306 0.26239067055393583 0.10003644314868812 0.1224489795918367
10 0.7035349854227404 0.3826530612244898 0.065597667638484 0.10641399416909617
71 0.9589559037900875 0.48906705539358597 0.08117711370262398 0.10349854227405253
71 0.7937317784256561 0.271865889212828 0.08035714285714292 0.10641399416909621
10 0.8785987609329448 0.2660349854227405 0.08609693877551024 0.10349854227405249
71 0.31486880466472306 0.1370262390670554 0.10331632653061228 0.119533527696793
71 0.22221209912536444 0.7565597667638485 0.10167638483965014 0.10495626822157433
71 0.029518950437317792 0.5153061224489796 0.059037900874635584 0.11807580174927108
81 0.025829081632653062 0.38921282798833823 0.051658163265306124 0.09037900874635568
71 0.6912354227405249 0.838192419825073 0.081997084548105 0.09620991253644297
19 0.029518950437317792 0.761661807580175 0.059037900874635584 0.11516034985422735
19 0.22180211370262393 0.9672011661807579 0.09921647230320702 0.06559766763848401
19 0.09880648688046648 0.1282798833819242 0.11725583090379012 0.13411078717201164
19 0.603908527696793 0.26676384839650147 0.09921647230320695 0.1137026239067055
19 0.7830721574344024 0.49854227405247814 0.0869169096209913 0.10787172011661803
19 0.9556760204081632 0.7164723032069971 0.0860969387755101 0.10349854227405246
1 0.21524234693877553 0.510932944606414 0.10249635568513117 0.11807580174927118
1 0.024599125364431488 0.2565597667638484 0.049198250728862976 0.12536443148688048
1 0.9605958454810497 0.2653061224489796 0.07789723032069971 0.10495626822157433
1 0.6969752186588923 0.6129737609329446 0.07871720116618079 0.10932944606413997
49 0.21114249271137026 0.26457725947521865 0.09921647230320702 0.11807580174927111
49 0.1205357142857143 0.880466472303207 0.10495626822157435 0.10204081632653071
49 0.8675291545189506 0.607871720116618 0.08199708454810505 0.0962099125364432
49 0.776512390670554 0.9395043731778426 0.08035714285714278 0.09766763848396508
50 0.7806122448979593 0.7186588921282799 0.08035714285714292 0.09329446064139929
50 0.9560860058309038 0.9358600583090378 0.08363702623906719 0.0962099125364432
50 0.11479591836734696 0.6399416909620992 0.10495626822157433 0.11370262390670555
50 0.8814686588921284 0.15014577259475217 0.0836370262390669 0.11370262390670552
49 0.7027150145772596 0.14723032069970846 0.0869169096209913 0.10787172011661808
11 0.46656341107871724 0.3862973760932944 0.29682944606414 0.09912536443148688
50 0.6010386297376094 0.500728862973761 0.09675655976676381 0.10641399416909629
