81 0.1861333819241983 0.55466472303207 0.12463556851311956 0.14723032069970843
81 0.19269314868804666 0.838192419825073 0.11807580174927113 0.13994169096209916
81 0.42679482507288635 0.5663265306122449 0.1205357142857143 0.13556851311953352
81 0.9122175655976679 0.5706997084548106 0.12217565597667644 0.1559766763848396
11 0.9064777696793 0.868804664723032 0.12709548104956267 0.14577259475218662
81 0.9358145043731778 0.26822157434402333 0.12837099125364432 0.10204081632653061
56 0.06682762390670555 0.5481049562682216 0.1270954810495627 0.15160349854227398
5 0.30338921282798836 0.41690962099125367 0.12791545189504372 0.1486880466472303
5 0.07010750728862974 0.956997084548105 0.1270954810495627 0.08017492711370267
5 0.0545280612244898 0.09548104956268222 0.0959365889212828 0.1588921282798834
5 0.8113611516034988 0.11588921282798832 0.13365524781341165 0.15889212827988336
73 0.792911807580175 0.42055393586005835 0.1311953352769679 0.14723032069970848
73 0.06436771137026238 0.40451895043731784 0.11889577259475217 0.13556851311953347
85 0.19105320699708458 0.6916909620991254 0.11971574344023324 0.13556851311953358
85 0.1709639212827989 0.09693877551020406 0.132015306122449 0.1618075801749271
10 0.31117893586005835 0.6997084548104957 0.1205357142857143 0.1457725947521866
10 0.07010750728862974 0.6953352769679298 0.12545553935860057 0.14285714285714265
10 0.3021592565597668 0.11443148688046648 0.12709548104956267 0.14139941690962102
10 0.17588374635568513 0.25947521865889217 0.08281705539358601 0.14577259475218657
51 0.8093112244897961 0.2740524781341108 0.10167638483965007 0.14285714285714282
51 0.4284347667638484 0.12317784256559765 0.11889577259475224 0.1443148688046647
51 0.7879919825072887 0.5670553935860059 0.11643586005830912 0.13994169096209902
51 0.07010750728862974 0.838192419825073 0.12053571428571429 0.1311953352769679
13 0.31568877551020413 0.8396501457725947 0.1213556851311954 0.1311953352769679
13 0.18162354227405253 0.4067055393586005 0.12053571428571437 0.12536443148688042
13 0.6797558309037902 0.1217201166180758 0.12463556851311956 0.141399416909621
71 0.942146501457726 0.10714285714285715 0.11479591836734698 0.15306122448979592
71 0.4276147959183674 0.41690962099125367 0.1205357142857143 0.13994169096209916
10 0.2988793731778426 0.956997084548105 0.09429664723032072 0.07725947521865877
61 0.19269314868804666 0.956997084548105 0.11643586005830904 0.08600583090379005
61 0.306259110787172 0.5597667638483966 0.11889577259475231 0.13702623906705513
71 0.9093476676384842 0.7201166180758016 0.1229956268221575 0.14577259475218668
11 0.47640306122448983 0.2631195335276968 0.3575072886297376 0.11516034985422742
61 0.9200072886297377 0.4227405247813411 0.11643586005830912 0.13994169096209907
