81 0.1861333819241983 0.5561224489795918 0.12463556851311956 0.13848396501457727
81 0.1931031341107872 0.8374635568513119 0.12217565597667639 0.13848396501457727
81 0.9089376822157424 0.8731778425655975 0.13037536443148676 0.14577259475218665
81 0.9130375364431487 0.5670553935860059 0.12217565597667644 0.14868804664723037
81 0.6666362973760934 0.5597667638483965 0.11807580174927125 0.13411078717201164
81 0.9331268221574345 0.27040816326530615 0.1246355685131195 0.11516034985422742
56 0.06887755102040817 0.543731778425656 0.12791545189504375 0.15160349854227398
56 0.6699161807580176 0.4227405247813411 0.12299562682215752 0.13702623906705533
5 0.30420918367346944 0.4139941690962099 0.12791545189504375 0.1486880466472303
5 0.7810222303206998 0.9635568513119533 0.12873542274052469 0.06705539358600589
5 0.8130010932944606 0.11005830903790083 0.13529518950437383 0.15306122448979584
5 0.05206814868804665 0.09839650145772595 0.1041362973760933 0.16472303206997083
73 0.060677842565597676 0.40524781341107863 0.12135568513119535 0.13411078717201164
73 0.552250364431487 0.12463556851311954 0.1205357142857143 0.14431486880466474
73 0.7933217930029156 0.41982507288629733 0.11397594752186592 0.1370262390670554
85 0.19187317784256563 0.6931486880466473 0.11479591836734696 0.13556851311953352
85 0.17547376093294453 0.10204081632653061 0.12955539358600582 0.16034985422740525
5 0.06969752186588922 0.9555393586005831 0.12299562682215745 0.08017492711370253
10 0.7838921282798834 0.7135568513119535 0.12135568513119523 0.15014577259475217
10 0.8043913994169096 0.2747813411078717 0.0819970845481049 0.13848396501457727
10 0.1767037172011662 0.25728862973760935 0.07953717201166183 0.15306122448979592
10 0.30092930029154524 0.11588921282798834 0.12627551020408162 0.141399416909621
10 0.06969752186588923 0.6938775510204082 0.12791545189504375 0.13119533527696794
51 0.7863520408163267 0.5663265306122449 0.11479591836734698 0.13848396501457721
51 0.07174744897959184 0.8389212827988338 0.1238155976676385 0.13556851311953352
13 0.6822157434402334 0.12172011661807579 0.12463556851311941 0.14723032069970846
13 0.18244351311953355 0.40889212827988336 0.1238155976676385 0.15306122448979592
71 0.9089376822157434 0.7164723032069972 0.1270954810495627 0.1413994169096209
71 0.7838921282798834 0.8622448979591837 0.12627551020408162 0.14723032069970843
11 0.494442419825073 0.26895043731778423 0.3837463556851313 0.1326530612244899
61 0.9403243440233237 0.10568513119533528 0.11935131195335233 0.15597667638483964
61 0.9187773323615163 0.4176384839650147 0.12217565597667703 0.14139941690962102
61 0.30953899416909636 0.5590379008746357 0.1221756559766762 0.13848396501457744
61 0.19515306122448983 0.956268221574344 0.11807580174927114 0.08746355685131192
