81 0.22590196793002917 0.49271137026239076 0.12873542274052482 0.14868804664723037
81 0.2242620262390671 0.782798833819242 0.11725583090379015 0.14285714285714277
81 0.6990251457725948 0.489795918367347 0.11889577259475224 0.13411078717201172
81 0.9343567784256562 0.48469387755102034 0.11889577259475206 0.14723032069970843
81 0.924107142857143 0.7660349854227405 0.11643586005830897 0.13848396501457727
81 0.9419642857142858 0.1967930029154519 0.11607142857142846 0.1282798833819242
62 0.22549198250728866 0.3447521865889213 0.13119533527696797 0.1501457725947522
62 0.6990251457725948 0.3447521865889213 0.12053571428571437 0.14723032069970848
62 0.9273870262390672 0.6253644314868805 0.11479591836734698 0.13411078717201178
62 0.23205174927113706 0.924198250728863 0.11479591836734698 0.13119533527696803
5 0.1074161807580175 0.9278425655976676 0.13119533527696794 0.14139941690962105
5 0.3513575072886298 0.3505830903790087 0.11233600583090382 0.14139941690962096
5 0.08035714285714286 0.052478134110787174 0.13119533527696794 0.10495626822157435
5 0.826530612244898 0.05903790087463557 0.1295553935860059 0.11807580174927114
5 0.8056213556851313 0.8950437317784257 0.11725583090379019 0.11661807580174922
73 0.09593658892128282 0.347667638483965 0.14103498542274054 0.15306122448979592
73 0.8179209183673468 0.33965014577259484 0.11397594752186571 0.1399416909620993
73 0.586689139941691 0.061224489795918366 0.11397594752186599 0.11370262390670555
10 0.10044642857142858 0.6370262390670554 0.1303753644314869 0.13994169096209902
10 0.8130010932944607 0.629737609329446 0.11561588921282805 0.13702623906705547
10 0.8273505830903791 0.1946064139941691 0.07707725947521879 0.13556851311953352
10 0.21893221574344024 0.19314868804664723 0.08035714285714285 0.14139941690962102
87 0.3411078717201167 0.0575801749271137 0.116435860058309 0.1151603498542274
82 0.02254919825072886 0.7908163265306121 0.04509839650145772 0.14139941690962102
82 0.8158709912536445 0.48906705539358597 0.11315597667638495 0.13265306122448975
82 0.9456541545189505 0.05393586005830904 0.10869169096209902 0.10787172011661808
82 0.346847667638484 0.4883381924198251 0.11315597667638479 0.13994169096209907
82 0.1057762390670554 0.7857142857142857 0.12463556851311956 0.1399416909620993
82 0.4669733965014578 0.060495626822157436 0.1188957725947521 0.11807580174927114
87 0.21852223032069973 0.05466472303206997 0.1238155976676385 0.10641399416909621
87 0.7080448250728864 0.05903790087463557 0.12217565597667644 0.11807580174927114
87 0.8072612973760934 0.7660349854227405 0.11233600583090393 0.13265306122448975
17 0.10044642857142858 0.49489795918367363 0.1352951895043732 0.15014577259475237
17 0.9216472303206998 0.8994169096209913 0.11479591836734684 0.1370262390670554
17 0.9392766034985424 0.3360058309037901 0.11725583090379019 0.13848396501457727
17 0.23246173469387757 0.6377551020408163 0.12709548104956273 0.13848396501457721
11 0.529701166180758 0.19314868804664723 0.3624271137026238 0.12682215743440234
