5 0.04509839650145772 0.17419825072886305 0.08855685131195334 0.13848396501457735
81 0.2669005102040817 0.1836734693877551 0.11561588921282798 0.14285714285714288
81 0.7207543731778426 0.19387755102040816 0.10987609329446059 0.1282798833819242
81 0.9487062682215744 0.1967930029154519 0.09839650145772595 0.13119533527696792
81 0.9450163994169096 0.7653061224489796 0.10413629737609327 0.1428571428571429
81 0.9429664723032072 0.4839650145772595 0.10823615160349846 0.10204081632653057
81 0.04427842565597667 0.4591836734693878 0.08691690962099125 0.09037900874635575
81 0.04509839650145773 0.7405247813411079 0.08691690962099127 0.13411078717201166
81 0.26608053935860054 0.7405247813411079 0.11233600583090371 0.13702623906705538
5 0.15005466472303208 0.3177842565597668 0.11643586005830904 0.13411078717201164
5 0.8347303206997085 0.33600583090379005 0.11315597667638486 0.12973760932944609
73 0.8339103498542275 0.618075801749271 0.11315597667638483 0.13702623906705505
71 0.15005466472303206 0.6013119533527695 0.11643586005830903 0.13265306122448986
71 0.2681304664723032 0.3250728862973762 0.10987609329446059 0.13411078717201172
71 0.6051384839650146 0.19606413994169095 0.10987609329446052 0.1268221574344023
10 0.833500364431487 0.8943148688046648 0.11725583090379005 0.14723032069970843
10 0.1439048833819242 0.8826530612244897 0.11725583090379009 0.12973760932944614
10 0.2681304664723032 0.46282798833819244 0.07379737609329445 0.1268221574344023
10 0.8330903790087464 0.47157434402332354 0.09019679300291529 0.1268221574344023
4 0.9466563411078718 0.3374635568513119 0.10249635568513113 0.13265306122448975
4 0.9470663265306123 0.9001457725947524 0.1016763848396502 0.12390670553935862
53 0.38989613702623915 0.1858600583090379 0.1238155976676385 0.13556851311953352
53 0.045098396501457694 0.31486880466472306 0.08855685131195329 0.1399416909620992
53 0.041408527696793006 0.8870262390670554 0.08117711370262391 0.13848396501457727
53 0.9462463556851313 0.6188046647230321 0.10331632653061235 0.13848396501457727
67 0.8363702623906707 0.19460641399416911 0.11315597667638486 0.13848396501457727
67 0.8330903790087464 0.7543731778425656 0.11643586005830897 0.1443148688046648
67 0.044278425655976686 0.6013119533527697 0.08855685131195337 0.13265306122448983
8 0.15046465014577262 0.17638483965014579 0.1205357142857143 0.14285714285714288
8 0.7125546647230321 0.6122448979591836 0.11807580174927125 0.1282798833819242
8 0.1471847667638484 0.7419825072886297 0.11725583090379008 0.13411078717201164
35 0.26731049562682224 0.6056851311953353 0.11315597667638488 0.13848396501457735
35 0.719524416909621 0.3338192419825073 0.10905612244897953 0.13119533527696792
10 0.3878462099125365 0.3301749271137026 0.12299562682215744 0.13848396501457724
11 0.5473305393586007 0.47376093294460647 0.3419278425655976 0.1078717201166181
