81 0.2513210641399417 0.6989795918367346 0.11725583090379008 0.16763848396501452
67 0.7699526239067055 0.7069970845481047 0.12463556851311985 0.14868804664723023
81 0.775692419825073 0.07580174927113703 0.12627551020408148 0.15160349854227406
81 0.2578808309037901 0.06924198250728862 0.12873542274052482 0.13556851311953352
81 0.027469023323615168 0.0641399416909621 0.05001822157434404 0.119533527696793
81 0.028288994169096218 0.3746355685131195 0.05329810495626823 0.10787172011661803
81 0.9854227405247815 0.3848396501457724 0.02915451895043678 0.08163265306122444
5 0.12463556851311955 0.21282798833819241 0.13283527696793004 0.1545189504373178
5 0.9048378279883383 0.23396501457725946 0.13529518950437308 0.14723032069970846
81 0.029928935860058313 0.6967930029154519 0.058217930029154534 0.15451895043731775
73 0.12504555393586006 0.5379008746355685 0.1303753644314869 0.1545189504373178
73 0.9019679300291545 0.553935860058309 0.13119533527696778 0.15743440233236153
10 0.6416271865889212 0.2383381924198251 0.1270954810495627 0.14723032069970846
10 0.9003279883381924 0.8753644314868804 0.13447521865889214 0.16763848396501457
10 0.6412172011661808 0.5473760932944606 0.11971574344023331 0.14139941690962096
10 0.11889577259475219 0.8578717201166179 0.13119533527696792 0.15014577259475217
10 0.25665087463556857 0.3870262390670554 0.09839650145772598 0.1501457725947522
10 0.900737973760933 0.3957725947521865 0.07953717201166186 0.14431486880466474
10 0.3886661807580175 0.22813411078717202 0.13119533527696803 0.1501457725947522
71 0.6440870991253645 0.07653061224489796 0.12381559766763843 0.14723032069970846
71 0.25665087463556857 0.2274052478134111 0.1279154518950438 0.14577259475218657
8 0.124225583090379 0.6967930029154519 0.12709548104956267 0.1486880466472303
8 0.7666727405247815 0.5539358600583091 0.12791545189504375 0.15160349854227412
8 0.12299562682215744 0.06778425655976676 0.13283527696793002 0.1326530612244898
35 0.7711825801749272 0.23542274052478135 0.12381559766763843 0.14723032069970846
35 0.2582908163265306 0.5415451895043732 0.12955539358600582 0.15014577259475226
53 0.38661625364431496 0.07798833819241982 0.12545553935860057 0.1443148688046647
53 0.9856049562682216 0.5568513119533527 0.02623906705539355 0.1545189504373178
53 0.027469023323615168 0.8600583090379008 0.05001822157434404 0.1486880466472303
35 0.7683126822157437 0.8709912536443147 0.11643586005830897 0.15889212827988344
67 0.9007379737609331 0.7157434402332362 0.13201530612244908 0.1486880466472303
67 0.025829081632653062 0.5357142857142857 0.051658163265306124 0.14723032069970848
53 0.02869897959183673 0.21428571428571425 0.049198250728862955 0.1486880466472303
67 0.907707725947522 0.07434402332361516 0.13283527696793002 0.14868804664723032
11 0.5829992711370263 0.3877551020408163 0.3919460641399418 0.11661807580174922
67 0.24394132653061226 0.9701166180758019 0.10249635568513119 0.05976676384839654
4 0.24681122448979592 0.85932944606414 0.11151603498542276 0.1413994169096209
