81 0.2127824344023324 0.6049562682215743 0.13693513119533532 0.1486880466472303
81 0.7096847667638485 0.5947521865889214 0.12381559766763843 0.1486880466472303
81 0.7182944606413995 0.29373177842565595 0.12627551020408176 0.141399416909621
81 0.9419642857142858 0.2981049562682216 0.11607142857142846 0.12973760932944609
81 0.9478862973760934 0.5991253644314868 0.10167638483965007 0.1486880466472303
81 0.9485240524781338 0.900874635568513 0.10295189504373167 0.14868804664723048
81 0.7158345481049564 0.8972303206997084 0.11315597667638486 0.13848396501457727
81 0.20909256559766767 0.9365889212827989 0.12299562682215745 0.12682215743440226
81 0.7113247084548107 0.03134110787172012 0.11725583090379005 0.06268221574344024
81 0.9526239067055394 0.030612244897959183 0.09475218658892118 0.0553935860058309
81 0.4690233236151602 0.02842565597667638 0.1229956268221574 0.05685131195335276
5 0.5907889941690968 0.1413994169096209 0.11725583090379038 0.14577259475218654
5 0.8314504373177843 0.4482507288629738 0.11151603498542272 0.14139941690962096
5 0.07256741982507289 0.4489795918367347 0.1402150145772595 0.15743440233236158
73 0.5911989795918369 0.45335276967930027 0.11315597667638493 0.15160349854227406
73 0.8367802478134112 0.902332361516035 0.1205357142857143 0.14577259475218668
73 0.34233782798833823 0.13411078717201164 0.1205357142857143 0.16034985422740522
10 0.8339103498542275 0.14139941690962096 0.1229956268221575 0.14577259475218657
10 0.5928389212827989 0.29591836734693877 0.10659620991253639 0.14285714285714288
10 0.8322704081632654 0.7470845481049563 0.11807580174927125 0.14139941690962105
10 0.07010750728862974 0.11516034985422742 0.1402150145772595 0.15160349854227406
10 0.34479774052478135 0.4489795918367347 0.12545553935860063 0.15743440233236158
10 0.07133746355685132 0.7798833819241984 0.13939504373177844 0.17201166180758024
71 0.7109147230320702 0.1465014577259475 0.11807580174927111 0.14723032069970846
71 0.21073250728862977 0.12536443148688045 0.13447521865889214 0.16326530612244894
71 0.07174744897959183 0.6122448979591834 0.14349489795918366 0.14868804664723018
69 0.709274781341108 0.44314868804664725 0.11807580174927125 0.13994169096209907
69 0.21360240524781346 0.44533527696793 0.13529518950437322 0.15306122448979587
69 0.9477040816326532 0.7485422740524781 0.10459183673469369 0.1443148688046648
28 0.9470663265306123 0.4482507288629738 0.10331632653061205 0.1443148688046648
28 0.7117346938775512 0.7514577259475219 0.113155976676385 0.14139941690962105
28 0.21319241982507292 0.7674927113702623 0.13939504373177847 0.14723032069970843
8 0.833500364431487 0.596938775510204 0.11889577259475231 0.1443148688046648
8 0.9497540087463556 0.14139941690962096 0.1004919825072885 0.14577259475218657
8 0.07010750728862974 0.9358600583090378 0.1385750728862974 0.12536443148688037
11 0.2820699708454811 0.28352769679300294 0.43294460641399424 0.12973760932944609
