81 0.18285349854227406 0.07580174927113703 0.1443148688046648 0.15160349854227406
81 0.33044825072886297 0.2543731778425656 0.1410349854227406 0.17638483965014579
81 0.784302113702624 0.09037900874635568 0.15825437317784263 0.18075801749271136
81 0.9304846938775511 0.27405247813411077 0.1390306122448979 0.17201166180758015
81 0.1844934402332362 0.7616618075801749 0.14267492711370264 0.16180758017492708
5 0.924107142857143 0.6399416909620992 0.1508746355685132 0.17492711370262393
73 0.33167820699708456 0.6027696793002915 0.13857507288629742 0.16763848396501452
10 0.3341381195335278 0.43075801749271136 0.07789723032069976 0.15889212827988344
10 0.47968294460641403 0.08381924198250727 0.14595481049562686 0.16472303206997083
80 0.9218749999999997 0.8236151603498544 0.15625000000000072 0.17492711370262373
48 0.1853134110787172 0.24635568513119538 0.1475947521865889 0.16618075801749266
48 0.9351767492711371 0.09183673469387756 0.12873542274052482 0.17492711370262393
48 0.17957361516034986 0.5918367346938775 0.14595481049562684 0.16326530612244888
18 0.7703626093294461 0.6333819241982508 0.14513483965014587 0.1705539358600584
34 0.6272776967930029 0.08892128279883382 0.14103498542274046 0.17784256559766765
74 0.777332361516035 0.27623906705539353 0.15251457725947518 0.16763848396501455
74 0.33167820699708456 0.0794460641399417 0.13857507288629742 0.1588921282798834
74 0.18654336734693877 0.9263848396501458 0.14513483965014579 0.14723032069970843
11 0.7408436588921283 0.4591836734693877 0.412445335276968 0.15160349854227406
