81 0.21032252186588923 0.18367346938775508 0.10085641399416909 0.12244897959183673
81 0.41531523323615166 0.18075801749271142 0.10085641399416899 0.12244897959183673
81 0.6227678571428572 0.17419825072886297 0.11233600583090379 0.1268221574344023
81 0.8523596938775512 0.15597667638483964 0.11233600583090393 0.11661807580174927
81 0.21934220116618078 0.4387755102040816 0.1090561224489796 0.09329446064139937
81 0.02910896501457726 0.434402332361516 0.05821793002915452 0.09037900874635568
81 0.0282889941690962 0.18513119533527686 0.0565779883381924 0.13119533527696778
81 0.21893221574344024 0.6931486880466473 0.10167638483965014 0.12682215743440226
81 0.03443877551020407 0.6887755102040817 0.06887755102040814 0.11807580174927129
81 0.034438775510204085 0.9314868804664723 0.06887755102040817 0.11078717201166186
81 0.8478498542274053 0.6975218658892127 0.1197157434402331 0.12973760932944592
81 0.847849854227405 0.9518950437317787 0.11151603498542269 0.0962099125364432
5 0.12135568513119534 0.9395043731778426 0.10003644314868806 0.11807580174927111
5 0.9542638483965016 0.28571428571428575 0.09147230320699691 0.13411078717201172
5 0.3160987609329446 0.31341107871720114 0.10249635568513124 0.12536443148688042
73 0.1102860787172012 0.31486880466472306 0.10741618075801751 0.12536443148688037
73 0.9519861516034988 0.564868804664723 0.09511661807580182 0.14139941690962096
73 0.7363338192419822 0.29810495626822153 0.10987609329446053 0.12973760932944603
10 0.4153152332361516 0.43731778425655976 0.05985787172011662 0.1166180758017493
10 0.9636935131195336 0.42419825072886297 0.07261297376093295 0.12244897959183675
10 0.7408436588921284 0.564868804664723 0.09429664723032076 0.12390670553935862
10 0.9528061224489797 0.8389212827988338 0.09019679300291557 0.14139941690962105
10 0.11766581632653063 0.565597667638484 0.1041362973760933 0.11953352769679305
10 0.11848578717201168 0.8170553935860059 0.09593658892128282 0.12099125364431487
20 0.9571337463556852 0.14285714285714285 0.08573250728862973 0.1370262390670554
20 0.849899781341108 0.8301749271137027 0.09921647230320715 0.12973760932944614
20 0.031158892128279887 0.5626822157434402 0.062317784256559774 0.11661807580174922
5 0.7367438046647231 0.9467930029154519 0.10905612244897966 0.10641399416909621
51 0.9556760204081632 0.9489795918367346 0.0860969387755101 0.0845481049562683
51 0.314048833819242 0.18075801749271136 0.10003644314868804 0.11953352769679303
20 0.321838556851312 0.9402332361516035 0.09265670553935862 0.11953352769679298
38 0.03402879008746356 0.814868804664723 0.06805758017492712 0.1253644314868805
38 0.849899781341108 0.2879008746355685 0.11561588921282791 0.12390670553935862
38 0.107006195335277 0.18367346938775508 0.09757653061224487 0.1224489795918367
38 0.21770225947521865 0.564868804664723 0.09429664723032069 0.12390670553935862
64 0.8486698250728864 0.564868804664723 0.11479591836734698 0.1268221574344023
64 0.7371537900874636 0.16545189504373176 0.11151603498542272 0.12973760932944606
64 0.11930575801749271 0.6895043731778426 0.09265670553935859 0.11370262390670555
54 0.9546738338192421 0.7018950437317784 0.09065233236151599 0.1239067055393587
11 0.2115524781341108 0.3097667638483965 0.09675655976676381 0.1122448979591837
11 0.6822157434402333 0.4395043731778426 0.3263483965014577 0.12099125364431487
64 0.4161352040816327 0.30903790087463556 0.09757653061224487 0.1166180758017493
