81 0.21852223032069973 0.18658892128279883 0.1041362973760933 0.12244897959183675
81 0.6326075072886298 0.17638483965014579 0.1057762390670554 0.1282798833819242
81 0.8621993440233239 0.15524781341107874 0.11561588921282795 0.13265306122448986
81 0.8531796647230319 0.7018950437317782 0.11069606413994233 0.1384839650145772
81 0.8568695335276969 0.9511661807580175 0.11643586005830912 0.09766763848396494
81 0.22631195335276966 0.6902332361516035 0.10331632653061225 0.12099125364431479
81 0.23123177842565604 0.9373177842565598 0.10003644314868812 0.1253644314868805
81 0.03853862973760933 0.9402332361516035 0.07707725947521867 0.11953352769679298
81 0.03648870262390671 0.6924198250728862 0.07297740524781342 0.12244897959183675
81 0.03238884839650146 0.19023323615160342 0.06477769679300292 0.11516034985422742
81 0.033618804664723036 0.44387755102040816 0.06723760932944607 0.08017492711370267
81 0.22426202623906707 0.43440233236151604 0.1090561224489796 0.07580174927113703
5 0.32265852769679304 0.31195335276967934 0.09757653061224492 0.11953352769679298
5 0.13119533527696794 0.9380466472303206 0.10331632653061223 0.12390670553935862
5 0.7437135568513119 0.9504373177842566 0.10659620991253646 0.09912536443148695
5 0.9595936588921283 0.29373177842565595 0.08081268221574334 0.13556851311953352
73 0.12012572886297378 0.31632653061224486 0.10413629737609328 0.12536443148688048
73 0.74207361516035 0.3032069970845481 0.11807580174927121 0.13994169096209924
54 0.9575437317784253 0.5736151603498542 0.0849125364431485 0.12682215743440223
10 0.1250455539358601 0.5692419825072882 0.09429664723032066 0.1209912536443146
10 0.4259748542274053 0.44241982507288624 0.07133746355685133 0.10641399416909629
10 0.9673833819241984 0.43075801749271136 0.06523323615160337 0.12390670553935855
10 0.7408436588921284 0.5641399416909622 0.11069606413994165 0.13119533527696803
10 0.9583637026239067 0.8374635568513119 0.08327259475218654 0.13556851311953352
10 0.7437135568513119 0.827259475218659 0.11315597667638472 0.13265306122448975
10 0.12832543731778426 0.8126822157434402 0.0959365889212828 0.11224489795918373
51 0.7392037172011663 0.6997084548104955 0.10741618075801754 0.12536443148688042
51 0.2324617346938776 0.8163265306122449 0.10413629737609334 0.11953352769679298
51 0.31978862973760935 0.18658892128279883 0.09839650145772591 0.12536443148688045
51 0.057807944606414 0.3564139941690962 0.01885932944606415 0.04518950437317784
51 0.03320881924198251 0.314868804664723 0.06313775510204082 0.11953352769679296
20 0.6305575801749271 0.30758017492711376 0.10495626822157433 0.11953352769679303
20 0.9604136297376092 0.14868804664723032 0.07917274052478135 0.13119533527696792
20 0.8544096209912538 0.8323615160349853 0.11151603498542352 0.1282798833819226
20 0.03648870262390671 0.5706997084548106 0.07297740524781342 0.11224489795918359
73 0.32265852769679304 0.5677842565597667 0.09593658892128276 0.11516034985422734
38 0.22426202623906707 0.564868804664723 0.09593658892128282 0.11224489795918373
38 0.03935860058309038 0.8141399416909622 0.07543731778425657 0.11516034985422735
38 0.8548196064139942 0.2966472303206997 0.11233600583090379 0.1268221574344023
38 0.11520590379008748 0.18658892128279883 0.09921647230320702 0.11370262390670556
64 0.12914540816326534 0.6931486880466471 0.1041362973760933 0.11807580174927111
64 0.8544096209912537 0.5692419825072886 0.11315597667638486 0.12390670553935855
64 0.74207361516035 0.1661807580174927 0.10987609329446053 0.1341107871720116
54 0.9571337463556852 0.6989795918367346 0.08573250728862973 0.1239067055393587
54 0.6252277696793004 0.564868804664723 0.12217565597667644 0.11516034985422742
51 0.9579537172011662 0.956997084548105 0.0840925655976676 0.08600583090379005
11 0.694515306122449 0.44096209912536444 0.3329081632653061 0.11807580174927111
54 0.21934220116618078 0.314868804664723 0.10085641399416911 0.1224489795918367
