81 0.05739795918367348 0.08600583090379008 0.11151603498542276 0.1282798833819242
81 0.2783801020408163 0.09402332361516035 0.10577623906705537 0.12390670553935859
81 0.6982051749271139 0.09912536443148688 0.10741618075801754 0.11953352769679298
81 0.9175473760932945 0.09548104956268222 0.10659620991253646 0.12390670553935862
81 0.908527696793003 0.3556851311953353 0.12135568513119538 0.12244897959183676
81 0.07215743440233237 0.347667638483965 0.12463556851311955 0.09766763848396504
81 0.06846756559766766 0.6042274052478135 0.10905612244897961 0.1268221574344023
81 0.28452988338192425 0.6027696793002916 0.10495626822157438 0.12390670553935855
81 0.6973852040816328 0.6129737609329446 0.08937682215743437 0.11516034985422749
81 0.9048378279883383 0.6180758017492711 0.10577623906705554 0.12827988338192411
81 0.9031978862973762 0.8673469387755103 0.1057762390670554 0.12827988338192425
81 0.06764759475218661 0.8658892128279884 0.10741618075801751 0.1253644314868805
81 0.2857598396501458 0.8607871720116619 0.11561588921282802 0.11516034985422746
62 0.28329992711370267 0.4759475218658892 0.10249635568513117 0.12099125364431487
62 0.3878462099125365 0.09548104956268222 0.10495626822157433 0.12390670553935862
62 0.8064413265306123 0.09402332361516035 0.10085641399416914 0.1326530612244898
62 0.6957452623906706 0.4861516034985422 0.09757653061224487 0.11807580174927118
62 0.9027879008746357 0.7419825072886297 0.10495626822157433 0.12827988338192425
62 0.06846756559766765 0.7346938775510204 0.1139759475218659 0.11661807580174938
5 0.17424380466472308 0.21574344023323616 0.1074161807580175 0.12536443148688048
5 0.388256195335277 0.48323615160349853 0.10413629737609327 0.11807580174927111
5 0.8015215014577259 0.22813411078717202 0.10741618075801754 0.12390670553935862
5 0.7957817055393587 0.9628279883381924 0.09757653061224487 0.07434402332361514
5 0.17547376093294464 0.9642857142857143 0.10495626822157435 0.07142857142857138
62 0.28985969387755106 0.9635568513119535 0.11233600583090379 0.07288629737609327
73 0.1783436588921283 0.4774052478134111 0.10413629737609333 0.12099125364431479
73 0.7970116618075801 0.4832361516034983 0.10495626822157417 0.1239067055393586
73 0.5969387755102042 0.23250728862973757 0.08855685131195344 0.11807580174927114
10 0.28657981049562686 0.3534985422740525 0.08281705539358601 0.12099125364431483
10 0.38333637026239076 0.2230320699708455 0.09757653061224496 0.1282798833819242
10 0.5948888483965016 0.4810495626822157 0.10085641399416914 0.12244897959183668
10 0.7949617346938777 0.7346938775510203 0.10413629737609327 0.12244897959183675
10 0.1799836005830904 0.7368804664723032 0.10905612244897962 0.12390670553935848
10 0.9809129008746357 0.7507288629737608 0.03817419825072875 0.12827988338192425
10 0.7966016763848398 0.35932944606413997 0.08609693877551038 0.11516034985422738
87 0.28165998542274057 0.2252186588921283 0.10249635568513121 0.1268221574344024
87 0.6986151603498543 0.23250728862973763 0.10003644314868808 0.12099125364431487
87 0.7949617346938777 0.85932944606414 0.10249635568513128 0.11224489795918373
87 0.17916362973760935 0.6064139941690962 0.11069606413994172 0.12244897959183675
82 0.913447521865889 0.22813411078717202 0.10823615160349843 0.12390670553935866
82 0.7966016763848398 0.6115160349854228 0.09921647230320715 0.11516034985422735
82 0.06149781341107873 0.2164723032069971 0.11479591836734697 0.12390670553935862
82 0.1799836005830904 0.860058309037901 0.10741618075801751 0.11078717201166186
87 0.9809129008746357 0.6158892128279884 0.03817419825072875 0.1268221574344023
17 0.907707725947522 0.48906705539358597 0.10331632653061221 0.12390670553935855
17 0.5957088192419825 0.10058309037900873 0.10085641399416907 0.1224489795918367
17 0.1717838921282799 0.09110787172011663 0.1123360058309038 0.12973760932944606
17 0.06395772594752187 0.4759475218658892 0.11643586005830904 0.11807580174927111
17 0.28739978134110794 0.7376093294460643 0.09593658892128279 0.11953352769679312
87 0.0660076530612245 0.9672011661807579 0.1139759475218659 0.06559766763848401
81 0.4928024781341108 0.09985422740524781 0.10331632653061228 0.1326530612244898
11 0.5403607871720117 0.3556851311953353 0.31322886297376107 0.11078717201166186
