81 0.5554764844744003 0.3873109260628793 0.05905993634053921 0.07150551679544215
81 0.6704721050371509 0.38866862574886873 0.057532524193800894 0.0669798511754773
81 0.8983110835922483 0.3868583595008829 0.05702338681155496 0.06335931867950563
81 0.8980565149011249 0.5253437274718022 0.06262389801626156 0.05068745494360449
81 0.8972928088277561 0.6656393616907076 0.05702338681155496 0.06697985117547738
81 0.5551524879584258 0.6701650273106722 0.06109648586952318 0.06516958492749148
5 0.6187946607391791 0.5982069439532337 0.06313303539850743 0.06245418555551261
5 0.8410331280895701 0.45655361004833905 0.055495974664817 0.06516958492749148
5 0.9550799017126801 0.5936812783332691 0.0585507989582932 0.06426445180349866
10 0.6134487182255959 0.4588164428583214 0.05855079895829306 0.06426445180349859
10 0.5551524879584258 0.5289642599677741 0.04785891393112664 0.06154905243151973
10 0.9560981764771722 0.4556484769243461 0.05549597466481714 0.06154905243151973
10 0.8395057159428321 0.5289642599677741 0.042258402726420174 0.059738786183533815
10 0.6490883349828178 0.2909142483576315 0.0850259428350865 0.08146198115936436
52 0.8979870870762732 0.4576233128312397 0.056005112047063224 0.06994210503581776
70 0.8396677142008191 0.3860355112063437 0.05693081637841942 0.06500501526858357
70 0.6721152302253083 0.45803473697850916 0.05693081637841942 0.0625364703849666
70 0.5540879279773656 0.5995646436392229 0.058782225041132105 0.06418216697404468
70 0.9567693121174051 0.6653925072023457 0.05785652070977577 0.0674735601522007
33 0.899838495738986 0.7250490085564255 0.055079407715706595 0.05183944255595904
33 0.5561707627229165 0.7295746741763868 0.056467964212739724 0.04443380790510767
33 0.6142587095155325 0.38850405608996086 0.058782225041132036 0.073233498213974
45 0.6168043964267628 0.6686839003805016 0.06109648586952325 0.06582786356312269
45 0.897755660993434 0.5954504021665278 0.0555422598813847 0.06747356015220078
2 0.5547822062258829 0.4563890403894311 0.05924507720681042 0.06418216697404447
40 0.9567693121174052 0.3848012387645352 0.059707929372488595 0.0674735601522007
40 0.7869025673135035 0.4600918577148568 0.04767377306485514 0.06665071185766173
10 0.6158786920954057 0.7291632500291202 0.059245077206810375 0.046902352788724094
11 0.6991920819174829 0.5287996903088648 0.1694038926382223 0.06582786356312248
