81 0.13324526239067058 0.7813411078717201 0.1434948979591837 0.15743440233236172
81 0.9452441690962096 0.48032069970845476 0.10951166180757987 0.15306122448979592
81 0.6801658163265307 0.7922740524781341 0.13201530612244902 0.15306122448979598
5 0.28452988338192425 0.45553935860058303 0.14103498542274057 0.1588921282798834
5 0.9433764577259476 0.32142857142857145 0.11069606413994165 0.14723032069970846
73 0.8191508746355685 0.48032069970845503 0.1311953352769681 0.1559766763848398
10 0.9569059766763844 0.6413994169096209 0.08363702623906688 0.13994169096209894
10 0.8216107871720117 0.8032069970845481 0.13611516034985427 0.1603498542274052
10 0.27305029154518956 0.619533527696793 0.08527696793002917 0.1486880466472303
71 0.2816599854227405 0.3010204081632653 0.13201530612244894 0.1530612244897959
8 0.6834456997084548 0.3177842565597668 0.1270954810495627 0.14577259475218657
8 0.13939504373177844 0.4526239067055393 0.13611516034985427 0.16472303206997083
8 0.9466563411078718 0.8104956268221574 0.10413629737609327 0.1661807580174927
4 0.8216107871720117 0.9438775510204082 0.1393950437317784 0.11224489795918373
4 0.1275054664723032 0.9358600583090378 0.13857507288629736 0.12827988338192425
67 0.14267492711370264 0.2915451895043732 0.13611516034985424 0.15451895043731784
53 0.9472940962099125 0.9489795918367346 0.10541180758017489 0.10204081632653057
53 0.6854956268221575 0.47667638483965014 0.12627551020408162 0.15160349854227406
35 0.8207908163265307 0.3236151603498542 0.13119533527696803 0.15451895043731778
10 0.5182215743440234 0.1129737609329446 0.15415451895043739 0.2230320699708455
11 0.6063684402332362 0.633381924198251 0.46820335276967934 0.13848396501457733
