81 0.07625728862973763 0.7208454810495627 0.14267492711370264 0.1443148688046648
81 0.3505375364431487 0.4110787172011662 0.13529518950437316 0.13994169096209916
81 0.8384201895043734 0.4110787172011662 0.12217565597667644 0.1428571428571429
81 0.9487062682215744 0.2704081632653061 0.09839650145772595 0.13265306122448975
81 0.9530338921282799 0.8600583090379008 0.09393221574344011 0.13702623906705555
5 0.21852223032069976 0.4110787172011662 0.12873542274052485 0.1428571428571429
5 0.8388301749271139 0.26895043731778423 0.11971574344023324 0.13848396501457724
73 0.7203443877551021 0.41399416909620995 0.1205357142857143 0.13702623906705547
10 0.34848760932944617 0.25947521865889217 0.1279154518950437 0.14577259475218657
10 0.4362244897959184 0.09475218658892126 0.1508746355685131 0.1865889212827988
10 0.9509839650145773 0.4154518950437318 0.09803206997084529 0.14285714285714285
10 0.8429300291545191 0.5626822157434402 0.08363702623906705 0.13994169096209916
10 0.21442237609329445 0.5604956268221575 0.08117711370262391 0.1443148688046648
71 0.2164723032069971 0.25728862973760935 0.12791545189504375 0.14723032069970843
8 0.08404701166180759 0.4096209912536443 0.14677478134110788 0.1574344023323615
8 0.8433400145772596 0.7018950437317784 0.12381559766763843 0.14431486880466465
4 0.0709274781341108 0.8826530612244897 0.1418549562682216 0.14723032069970843
10 0.9567237609329448 0.9672011661807579 0.08655247813411066 0.06559766763848401
81 0.849899781341108 0.9650145772594751 0.12217565597667644 0.06997084548104965
67 0.07912718658892129 0.24927113702623907 0.1402150145772595 0.15160349854227406
67 0.9542638483965016 0.7040816326530613 0.09147230320699691 0.14285714285714285
67 0.21647230320699712 0.8739067055393587 0.1295553935860059 0.14723032069970857
35 0.20827259475218654 0.9788629737609327 0.12463556851311947 0.04227405247813412
35 0.21606231778425658 0.7150145772594754 0.1270954810495627 0.13848396501457727
35 0.7150145772594751 0.2631195335276968 0.11643586005830897 0.141399416909621
53 0.8462099125364432 0.8534985422740524 0.12955539358600576 0.14723032069970843
11 0.5321610787172013 0.5634110787172012 0.40998542274052485 0.13848396501457727
