81 0.6220812067237442 0.29305365392343297 0.05785652070977584 0.07158780162489592
81 0.5140052260378825 0.2893508365980065 0.030548242934761393 0.07241064991943476
81 0.5172451911976305 0.42964647081691254 0.03517676459154373 0.05513083573411528
81 0.6239326153864571 0.5719992257721653 0.05600511204706308 0.06994210503581783
81 0.5165509129491132 0.5752906189503214 0.036565321088578316 0.07323349821397393
81 0.518170895528987 0.7147634048746876 0.027771129940692276 0.06418216697404461
81 0.6246268936349744 0.7098263151074533 0.05831937287545386 0.06911925674127886
81 0.9608889920001912 0.5748791948030519 0.06063363370384493 0.07241064991943504
81 0.9620461224143868 0.7155862531692267 0.06017078153816669 0.07076495333035694
81 0.9678317744853645 0.2955221988070501 0.059707929372488595 0.06829640844673975
81 0.8498044722374217 0.2984021678379367 0.05322799905299362 0.06418216697404464
81 0.7366371177291003 0.2963450471015891 0.05646796421274132 0.06665071185766173
81 0.9650546614912952 0.4333492881423382 0.06433645102927059 0.0625364703849666
5 0.6810948578477155 0.5049370897672341 0.05369085121867201 0.06911925674127872
5 0.5635304077654512 0.36340718310652037 0.06017078153816677 0.07076495333035694
5 0.9071981407815193 0.36834427287375454 0.05415370338435011 0.06418216697404461
62 0.6230069110551006 0.5020571207363475 0.057856520709775906 0.06335931867950549
62 0.6801691535163592 0.2967564712488586 0.05554225988138484 0.0707649533303568
62 0.8467959331605135 0.5061713622090427 0.052765146887315525 0.06335931867950563
62 0.9074295668643583 0.29593362295431963 0.05461655555002821 0.06911925674127879
62 0.9625089745800649 0.6464669964279479 0.05831937287545401 0.05759938061773227
73 0.9034953234560936 0.505759938061773 0.05322799905299362 0.06253647038496651
73 0.5649189642624858 0.501645696589078 0.06109648586952332 0.07076495333035687
10 0.6248583197178135 0.4333492881423382 0.033788208094509074 0.06582786356312269
10 0.9051153060359672 0.4382863779095725 0.03610246892290021 0.0608907737958885
10 0.9004867843791854 0.6431756032497918 0.057393668544097665 0.06582786356312269
10 0.5658446685938422 0.6427641791025223 0.06017078153816684 0.06665071185766173
10 0.680169153516359 0.36669857628467645 0.052765146887315525 0.06911925674127886
87 0.9014124887105419 0.7118834358438011 0.05461655555002821 0.06994210503581783
87 0.8481844896575481 0.368755697021024 0.052765146887315664 0.06665071185766167
87 0.6239326153864571 0.36423003140105936 0.05600511204706308 0.0674735601522007
87 0.5670017990080377 0.5752906189503214 0.059707929372488665 0.06829640844673981
62 0.5165509129491132 0.6460555722806783 0.033788208094509144 0.0666507118576616
82 0.9014124887105404 0.5748791948030514 0.052765146887315394 0.06582786356312363
82 0.9650546614912952 0.36669857628467645 0.05785652070977577 0.06582786356312255
82 0.5156252086177567 0.36258433481198127 0.030085390769083488 0.07076495333035687
82 0.5660760946766813 0.7143519807274181 0.06155933803520149 0.06335931867950563
17 0.9618146963315476 0.5057599380617731 0.06063363370384493 0.0674735601522007
17 0.7921793776104851 0.2992250161324757 0.05183944255595918 0.06582786356312266
17 0.5623732773512556 0.2922308056288939 0.06433645102927066 0.07981628457028624
17 0.5179394694461478 0.5049370897672341 0.03471391242586556 0.06911925674127872
11 0.6223126328065833 0.6427641791025223 0.057393668544097665 0.06665071185766173
11 0.7634825433384362 0.43828637790957237 0.1675524839755107 0.059245077206810354
