81 0.5379578256117303 0.6163096064330925 0.07077009613219772 0.08417738053134322
81 0.815692267626938 0.6190250058050714 0.06618785969198371 0.08236711428335734
81 0.9521410860688735 0.4579113097343284 0.06415131016299938 0.07693631553939959
5 0.6173832572421105 0.44931254505639556 0.0758614699546581 0.07784144866339261
5 0.9529047921422427 0.37690189513696054 0.06567872230973748 0.07603118241540678
73 0.8846803829212749 0.45745874317233204 0.06466044754524532 0.07422091616742087
71 0.6143284329486345 0.36739799733503475 0.06771527183872167 0.07693631553939972
10 0.9536684982156117 0.5343950587117317 0.03869444105069803 0.07060038367144919
10 0.886971501141382 0.616762172995089 0.062114760634015484 0.0760311824154067
10 0.6125464521107733 0.5303219596537635 0.042767540108666326 0.07331578304342791
10 0.7314300308652207 0.2881988489856527 0.07789801948364229 0.07965171491137849
10 0.8179833858470452 0.6973190210304603 0.06567872230973762 0.07060038367144912
8 0.5399943751407145 0.4465971456844167 0.07382492042567385 0.08146198115936422
8 0.9539230669067345 0.6190250058050712 0.06669699707422935 0.08055684803537133
4 0.5374486882294843 0.701844686650425 0.07484319519016601 0.07784144866339261
4 0.885698657685767 0.6973190210304603 0.06364217278075315 0.07422091616742094
67 0.5389761003762223 0.364682597963056 0.07586146995465803 0.08236711428335731
8 0.8169651110825533 0.3773544616989571 0.06567872230973762 0.0787465817873855
35 0.8846803829212749 0.3755441954509712 0.06364217278075329 0.07512604929141375
53 0.9551959103623497 0.7009395535264321 0.06924268398545962 0.08146198115936443
53 0.8184925232292914 0.4551959103623497 0.06567872230973748 0.06788498429947033
11 0.774197570973887 0.5362053249597176 0.2479499051538153 0.06879011742346322
