81 0.05862791545189506 0.23979591836734696 0.11069606413994171 0.11224489795918366
81 0.26280065597667646 0.026239067055393587 0.09921647230320702 0.052478134110787174
81 0.4612336005830905 0.02988338192419825 0.09429664723032069 0.0597667638483965
81 0.6547467201166183 0.02988338192419825 0.09757653061224496 0.0597667638483965
81 0.8515397230320702 0.02988338192419825 0.10085641399416914 0.0597667638483965
81 0.8445699708454809 0.23688046647230326 0.10003644314868793 0.08309037900874633
81 0.8441599854227405 0.4832361516034985 0.09429664723032076 0.1093294460641399
69 0.6502368804664723 0.48250728862973735 0.09675655976676388 0.11953352769679315
81 0.26936042274052485 0.48542274052478135 0.09757653061224492 0.11953352769679298
81 0.06190779883381925 0.489795918367347 0.09921647230320702 0.11953352769679298
81 0.0610878279883382 0.729591836734694 0.10249635568513121 0.11516034985422735
81 0.26649052478134116 0.7303206997084547 0.0918367346938776 0.12244897959183661
81 0.8433400145772595 0.7157434402332362 0.09429664723032076 0.11370262390670546
81 0.8441599854227405 0.9446064139941691 0.10085641399416914 0.10495626822157433
5 0.16891399416909625 0.8454810495626822 0.10167638483965016 0.11078717201166172
5 0.3648870262390671 0.3666180758017492 0.09511661807580171 0.10932944606413994
5 0.1598943148688047 0.1122448979591837 0.10659620991253646 0.11953352769679303
5 0.7502733236151604 0.12682215743440234 0.09675655976676395 0.11370262390670556
5 0.9454263848396502 0.3629737609329446 0.09839650145772595 0.11370262390670557
73 0.16563411078717202 0.3644314868804665 0.10167638483965018 0.1137026239067055
73 0.7469934402332362 0.3622448979591837 0.09839650145772595 0.1122448979591837
73 0.9429664723032072 0.7201166180758016 0.10003644314868808 0.11661807580174922
10 0.7478134110787172 0.596938775510204 0.09019679300291543 0.11224489795918366
10 0.9425564868804667 0.597667638483965 0.09429664723032062 0.11078717201166186
10 0.7531432215743439 0.24562682215743442 0.07133746355685129 0.11807580174927117
10 0.9503462099125366 0.11734693877551021 0.09511661807580182 0.10641399416909621
10 0.36283709912536444 0.12244897959183675 0.09921647230320702 0.119533527696793
10 0.2656705539358601 0.24416909620991256 0.07051749271137027 0.11807580174927114
10 0.16645408163265307 0.607871720116618 0.10331632653061228 0.11078717201166179
10 0.060267857142857144 0.9613702623906706 0.1057762390670554 0.0772594752186589
69 0.0561680029154519 0.36370262390670555 0.11069606413994171 0.12099125364431487
69 0.06149781341107872 0.8534985422740524 0.10659620991253645 0.10641399416909621
69 0.3603771865889213 0.027696793002915453 0.09429664723032076 0.05539358600583091
69 0.7478134110787172 0.030612244897959176 0.09183673469387756 0.06122448979591835
69 0.8453899416909622 0.36588921282798836 0.0934766763848397 0.11953352769679303
69 0.8441599854227406 0.8316326530612246 0.10249635568513128 0.10932944606413997
5 0.7519132653061226 0.8323615160349854 0.07543731778425652 0.11078717201166172
71 0.7453534985422741 0.48177842565597667 0.08855685131195329 0.10932944606413997
71 0.8482598396501463 0.12390670553935855 0.09593658892128291 0.1166180758017493
71 0.052888119533527705 0.10932944606413994 0.10577623906705541 0.13411078717201166
71 0.16645408163265307 0.7266763848396502 0.10003644314868808 0.10641399416909636
28 0.26854045189504366 0.6071428571428569 0.09429664723032083 0.11807580174927111
28 0.8441599854227405 0.596938775510204 0.09429664723032076 0.11516034985422742
28 0.6526967930029156 0.37026239067055394 0.08855685131195344 0.10495626822157433
28 0.5559402332361516 0.03206997084548105 0.09675655976676374 0.0641399416909621
28 0.9513939504373178 0.029154518950437316 0.09721209912536438 0.05830903790087463
28 0.06067784256559767 0.607871720116618 0.10823615160349855 0.11953352769679305
8 0.9458363702623908 0.9504373177842566 0.09921647230320702 0.09912536443148695
8 0.9450163994169096 0.47959183673469385 0.10085641399416914 0.10495626822157433
8 0.7510932944606415 0.7150145772594751 0.08527696793002904 0.11516034985422735
8 0.16604409620991256 0.9577259475218659 0.0959365889212828 0.08454810495626816
8 0.164814139941691 0.49052478134110783 0.10331632653061228 0.11516034985422735
28 0.26772048104956275 0.3673469387755102 0.09921647230320702 0.11370262390670555
8 0.2632106413994169 0.1217201166180758 0.09675655976676381 0.12099125364431487
10 0.9409165451895043 0.8323615160349854 0.10249635568513113 0.11953352769679298
11 0.5042820699708456 0.24416909620991256 0.3050291545189504 0.10641399416909618
