81 0.6092370591261741 0.5538554208775799 0.06669699707422964 0.07874658178738542
81 0.8579506703533585 0.5484246221336222 0.06109648586952332 0.07693631553939959
81 0.8576961016622354 0.3931942913688335 0.0605873484872771 0.05249772119159033
81 0.9750522682699447 0.39771995698879814 0.049895463460110534 0.0669798511754773
81 0.9745431308876986 0.5488771886956186 0.0509137382246027 0.07241064991943497
81 0.9753068369610677 0.7000344204024392 0.0493863260778646 0.07422091616742094
81 0.8602417885734656 0.7032023863364144 0.052441150371340936 0.0751260492914139
81 0.606945940906067 0.7167793831963085 0.06415131016299938 0.06969525054745589
81 0.8589689451178505 0.25923458901787877 0.06109648586952318 0.039825857455689256
81 0.9763251117255598 0.26376025463784347 0.047349776548880416 0.02715399371978819
5 0.7973633218660813 0.32123620801139496 0.0600782111050313 0.08055684803537137
5 0.9175197440761437 0.47556140565219074 0.058041661576046975 0.07241064991943504
5 0.5379578256117302 0.47284600628021195 0.073824920425674 0.07965171491137851
73 0.6736429379802965 0.31625797582943377 0.05905993634053928 0.0742209161674208
73 0.920829137060743 0.701844686650425 0.0585507989582932 0.0760311824154067
73 0.7965996157927122 0.47601397221418723 0.06058734848727724 0.07150551679544208
10 0.9198108622962508 0.6240032379870324 0.061605623251769256 0.07060038367144919
10 0.9195562936051277 0.31942594176340905 0.0621147606340152 0.06969525054745616
10 0.7983815966305733 0.4008879229227735 0.04378581487315841 0.07512604929141382
10 0.6746612127447886 0.47691910533818016 0.06007821110503116 0.08236711428335731
10 0.5371941195383613 0.6380328014089229 0.0722975082789359 0.08417738053134328
10 0.5361758447738694 0.30630151146551177 0.0702609587499517 0.0832722474073499
71 0.8582052390444815 0.32440417394537024 0.05753252419380104 0.0742209161674208
71 0.6066913722149441 0.31173231020946907 0.06771527183872174 0.08327224740735019
71 0.5379578256117304 0.5534028543155833 0.07178837089668988 0.07603118241540678
28 0.9753068369610677 0.47510883909019425 0.0493863260778646 0.06788498429947026
28 0.8554049834421283 0.6258135042350184 0.06007821110503102 0.07422091616742087
28 0.6084733530528051 0.6362225351609371 0.06720613445647558 0.0751260492914136
69 0.8569323955888665 0.471940873156219 0.05905993634053914 0.07241064991943504
69 0.9753068369610677 0.6244558045490289 0.0493863260778646 0.06969525054745616
69 0.6089824904350511 0.47420370596620137 0.06720613445647565 0.07512604929141375
8 0.9195562936051277 0.5466143558856363 0.0621147606340152 0.06969525054745616
8 0.9768342491078057 0.3221413411353879 0.04633150178438854 0.07150551679544208
8 0.5389761003762225 0.7190422160062908 0.07280664566118183 0.06335931867950563
11 0.643858401118904 0.39545712417881573 0.2031458155161647 0.0787465817873855
