81 0.12914540816326534 0.33454810495626824 0.11397594752186588 0.1326530612244898
81 0.3480776239067056 0.33819241982507287 0.10741618075801745 0.1253644314868805
81 0.575619533527697 0.3389212827988338 0.08363702623906707 0.129737609329446
81 0.7888119533527697 0.33309037900874633 0.10987609329446073 0.13556851311953352
81 0.9780430029154519 0.33163265306122447 0.04391399416909607 0.13265306122448975
81 0.7904518950437318 0.5954810495626822 0.12627551020408162 0.11224489795918366
81 0.9813228862973762 0.6027696793002915 0.037354227405247686 0.09475218658892132
81 0.787172011661808 0.8680758017492707 0.10659620991253654 0.12682215743440287
81 0.9800929300291545 0.880466472303207 0.03981413994169088 0.13994169096209902
81 0.13160532069970846 0.8790087463556852 0.1106960641399417 0.12827988338192425
5 0.2349216472303207 0.739795918367347 0.09757653061224492 0.12390670553935862
5 0.036898688046647234 0.4679300291545188 0.07379737609329447 0.12827988338192417
5 0.6785258746355686 0.4642857142857143 0.11069606413994172 0.13265306122448983
5 0.8995080174927114 0.7332361516034984 0.11479591836734684 0.1311953352769679
73 0.034438775510204085 0.7448979591836735 0.06887755102040817 0.13119533527696803
10 0.239021501457726 0.467201166180758 0.11069606413994172 0.1268221574344024
10 0.1303753644314869 0.6056851311953353 0.07707725947521865 0.11807580174927111
10 0.30584912536443154 0.09766763848396501 0.15251457725947526 0.19533527696793002
10 0.8995080174927114 0.46282798833819244 0.10987609329446073 0.12973760932944614
10 0.9044278425655977 0.9723032069970846 0.10987609329446073 0.055393586005830865
10 0.2295918367346939 0.9715743440233237 0.08035714285714288 0.05685131195335273
10 0.033618804664723036 0.9744897959183675 0.06559766763848397 0.05102040816326522
70 0.1287354227405248 0.7361516034985423 0.11315597667638486 0.1253644314868805
70 0.3534074344023324 0.46501457725947515 0.10823615160349856 0.11953352769679292
70 0.677295918367347 0.3338192419825073 0.10659620991253654 0.1253644314868805
70 0.902377915451895 0.869533527696793 0.11233600583090364 0.129737609329446
33 0.979682944606414 0.7376093294460643 0.04063411078717195 0.13411078717201164
33 0.23861151603498545 0.3338192419825073 0.10331632653061228 0.12244897959183675
33 0.7904518950437318 0.9708454810495627 0.10659620991253646 0.05830903790087461
45 0.7855320699708456 0.7310495626822157 0.10987609329446059 0.13265306122448992
45 0.033618804664723036 0.33454810495626824 0.06723760932944607 0.12973760932944603
2 0.12750546647230324 0.47303206997084546 0.1057762390670554 0.129737609329446
42 0.032798833819241986 0.8819241982507289 0.06559766763848397 0.1253644314868805
45 0.2279518950437318 0.8746355685131195 0.07871720116618079 0.1253644314868805
33 0.12668549562682216 0.9781341107871719 0.11561588921282798 0.04373177842565596
11 0.4108053935860059 0.6166180758017493 0.33782798833819244 0.13411078717201164
