81 0.08811475409836085 0.28797814207650346 0.11885245901639366 0.13843351548269628
81 0.3217213114754105 0.2945355191256832 0.10737704918032817 0.14571948998178483
81 0.7758196721311476 0.2894353369763207 0.11229508196721312 0.12677595628415303
81 0.9790983606557379 0.2857923497267761 0.04180327868852482 0.13989071038251377
81 0.7717213114754099 0.8468123861566486 0.1204918032786884 0.13114754098360662
81 0.7799180327868853 0.5633879781420766 0.11885245901639337 0.10928961748633867
81 0.9774590163934426 0.5714025500910749 0.045081967213114776 0.12240437158469937
45 0.9774590163934436 0.8438979963570139 0.04508196721311339 0.13697632058287953
5 0.21311475409836075 0.7083788706739529 0.11639344262295077 0.13114754098360648
5 0.6622950819672133 0.42714025500910763 0.10983606557377051 0.12823315118397097
5 0.8959016393442625 0.705464480874317 0.11311475409836064 0.1253187613843349
70 0.8909836065573771 0.8482695810564664 0.1131147540983605 0.13114754098360634
70 0.6631147540983607 0.286520947176685 0.10819672131147541 0.12386156648451735
70 0.3237704918032788 0.43078324225865217 0.10655737704918028 0.1296903460837887
70 0.0901639344262296 0.7120218579234974 0.11311475409836065 0.12677595628415303
10 0.2122950819672132 0.4322404371584701 0.11147540983606559 0.1442622950819671
10 0.09631147540983616 0.5684881602914391 0.07950819672131146 0.1282331511839709
10 0.6590163934426231 0.5648451730418945 0.07540983606557376 0.13260473588342442
10 0.8926229508196721 0.4220400728597451 0.10983606557377029 0.12386156648451724
10 0.2754098360655739 0.07304189435336984 0.15409836065573773 0.14280510018214934
40 0.895081967213115 0.2872495446265939 0.11311475409836064 0.12823315118397086
40 0.5590163934426231 0.42932604735883445 0.08852459016393432 0.12386156648451738
2 0.09139344262295092 0.4256830601092898 0.12377049180327869 0.1282331511839709
33 0.093032786885246 0.9642076502732241 0.11885245901639344 0.0715846994535518
33 0.2114754098360657 0.29234972677595644 0.11639344262295079 0.13551912568306018
33 0.9774590163934426 0.6974499089253189 0.045081967213114776 0.12094717668488145
33 0.7745901639344271 0.9590163934426235 0.12131147540983633 0.08160291438980077
2 0.9778688524590164 0.9591074681238616 0.04426229508196713 0.0817850637522767
45 0.7766393442622952 0.7025500910746812 0.10573770491803287 0.13114754098360634
52 0.7799180327868853 0.42714025500910763 0.10573770491803287 0.13114754098360656
11 0.3762295081967214 0.5699453551912569 0.32295081967213113 0.11366120218579248
42 0.9772230320699709 0.42565597667638483 0.04555393586005835 0.11953352769679298
