81 0.21811224489795916 0.6938775510204082 0.09839650145772597 0.11370262390670562
81 0.22262208454810498 0.9395043731778426 0.10249635568513121 0.12099125364431487
81 0.032798833819241986 0.6931486880466471 0.06559766763848397 0.12390670553935862
81 0.03484876093294461 0.9409620991253643 0.06969752186588922 0.11516034985422749
81 0.21196246355685133 0.18950437317784258 0.10413629737609333 0.12244897959183675
81 0.41777514577259484 0.18731778425655976 0.10413629737609334 0.12390670553935859
81 0.6252277696793003 0.17565597667638486 0.10085641399416907 0.1326530612244898
81 0.8519497084548107 0.16034985422740525 0.11479591836734684 0.12536443148688048
81 0.21975218658892132 0.4402332361516035 0.11807580174927114 0.07871720116618071
81 0.03320881924198251 0.44241982507288624 0.06641763848396502 0.07725947521865897
81 0.8457999271137027 0.7026239067055394 0.11889577259475217 0.13411078717201164
81 0.8511297376093296 0.9533527696793003 0.11315597667638472 0.09329446064139944
81 0.027469023323615165 0.1902332361516035 0.05493804664723033 0.11807580174927114
5 0.1221756559766764 0.9373177842565598 0.10003644314868804 0.11661807580174922
5 0.31568877551020413 0.3112244897959184 0.10331632653061223 0.11807580174927111
5 0.9548560495626822 0.28717201166180756 0.08773688046647223 0.13994169096209913
5 0.7482233965014577 0.9489795918367346 0.08773688046647238 0.10204081632653057
73 0.321838556851312 0.5634110787172012 0.1057762390670554 0.12390670553935862
73 0.7363338192419825 0.301749271137026 0.10659620991253631 0.12536443148688042
73 0.9530338921282798 0.5699708454810494 0.09393221574343992 0.13411078717201178
10 0.11766581632653061 0.5670553935860059 0.1057762390670554 0.12244897959183675
10 0.41941508746355693 0.446064139941691 0.06313775510204088 0.12244897959183675
10 0.9706632653061226 0.4329446064139942 0.05867346938775498 0.12244897959183675
10 0.12340561224489796 0.8119533527696794 0.10249635568513121 0.12244897959183675
10 0.9536260932944607 0.8389212827988338 0.0869169096209913 0.13556851311953352
51 0.314048833819242 0.1800291545189504 0.10495626822157438 0.11807580174927114
51 0.030338921282798838 0.3185131195335277 0.060677842565597676 0.11224489795918366
51 0.22262208454810498 0.814868804664723 0.09429664723032072 0.11078717201166172
51 0.9554938046647231 0.9555393586005831 0.08901239067055386 0.0889212827988338
20 0.3201986151603499 0.6967930029154519 0.09593658892128282 0.11953352769679305
20 0.031158892128279887 0.565597667638484 0.062317784256559774 0.12244897959183668
20 0.9575437317784258 0.14868804664723034 0.08491253644314853 0.12536443148688045
73 0.11356596209912538 0.3192419825072886 0.1041362973760933 0.11370262390670555
38 0.03566873177842565 0.8192419825072886 0.0713374635568513 0.12244897959183676
38 0.21606231778425658 0.5699708454810495 0.09921647230320702 0.12244897959183675
38 0.11069606413994171 0.1880466472303207 0.10823615160349856 0.12244897959183673
38 0.850719752186589 0.2944606413994169 0.11561588921282805 0.13411078717201164
64 0.12012572886297378 0.6931486880466471 0.09921647230320702 0.11807580174927111
64 0.7383837463556853 0.16763848396501457 0.11561588921282791 0.12244897959183675
64 0.8478498542274053 0.5641399416909622 0.11643586005830912 0.12536443148688042
64 0.42515488338192425 0.31632653061224486 0.11397594752186592 0.1224489795918367
54 0.9542638483965016 0.7040816326530611 0.09147230320699691 0.13411078717201172
54 0.21647230320699712 0.3206997084548105 0.09839650145772598 0.12244897959183679
11 0.6809857871720117 0.4387755102040816 0.3320881924198251 0.1166180758017493
