81 0.059857871720116626 0.7580174927113703 0.11643586005830907 0.16034985422740533
81 0.34356778425655976 0.41982507288629733 0.14431486880466474 0.1574344023323615
81 0.8949981778425657 0.43367346938775514 0.1336552478134111 0.1647230320699709
5 0.1980229591836735 0.41399416909620995 0.14677478134110788 0.17201166180758015
5 0.901557944606414 0.26166180758017493 0.13693513119533535 0.1588921282798834
73 0.759293002915452 0.4293002915451895 0.1295553935860059 0.1588921282798833
10 0.9003279883381926 0.6020408163265306 0.0819970845481049 0.1545189504373178
10 0.767902696793003 0.761661807580175 0.1205357142857143 0.14723032069970843
10 0.34233782798833823 0.2536443148688047 0.1418549562682216 0.17201166180758015
10 0.44401421282798836 0.09912536443148687 0.1500546647230321 0.19533527696793002
86 0.8970481049562682 0.7689504373177843 0.13611516034985427 0.15889212827988344
86 0.06067784256559769 0.40743440233236156 0.12135568513119538 0.1588921282798834
86 0.05821793002915452 0.3287172011661808 0.0032798833819242023 0.0043731778425655675
10 0.20171282798833823 0.5838192419825073 0.09019679300291546 0.1588921282798833
32 0.1967930029154519 0.23979591836734693 0.14595481049562684 0.1647230320699708
32 0.05862791545189506 0.924198250728863 0.11069606413994171 0.1486880466472303
44 0.20007288629737607 0.924198250728863 0.1607142857142857 0.14577259475218654
44 0.8958181486880469 0.9263848396501458 0.13529518950437322 0.14723032069970843
44 0.7605229591836735 0.260932944606414 0.12873542274052469 0.16034985422740525
44 0.6248177842565599 0.4293002915451895 0.1295553935860059 0.16180758017492713
73 0.6231778425655977 0.2638483965014577 0.1295553935860059 0.15160349854227406
16 0.059857871720116626 0.23760932944606417 0.11971574344023325 0.1545189504373178
11 0.19679300291545185 0.7572886297376094 0.1508746355685131 0.1559766763848398
11 0.5485604956268222 0.5903790087463556 0.45754373177842567 0.13411078717201172
