81 0.6092370591261742 0.41718031915464626 0.06567872230973741 0.08055684803537133
81 0.6736429379802965 0.4950217678180388 0.06313303539850736 0.07150551679544194
81 0.8744976352763544 0.42623165039457567 0.06669699707422964 0.07512604929141375
81 0.9424674758061988 0.5054307987439576 0.0682244092209676 0.0760311824154067
81 0.6122918834196504 0.7258307144362379 0.07993456901262633 0.06426445180349859
80 0.607709646979436 0.49366406813204944 0.06160562325176933 0.06879011742346322
5 0.9419583384239533 0.6683547610626865 0.07738888210139606 0.08146198115936436
80 0.943485750570691 0.7371448784861496 0.07331578304342784 0.05249772119159047
5 0.8093280503488629 0.502715399371979 0.0595690737227851 0.07422091616742049
48 0.945522300099675 0.42623165039457567 0.06924268398545977 0.07512604929141375
48 0.6105099025817894 0.6529674979548064 0.07229750827893533 0.07784144866339252
10 0.6744066440536656 0.5706003836714492 0.033093929845991854 0.06516958492749148
10 0.7940539288814819 0.31444770958144785 0.07280664566118177 0.13758023484692639
34 0.8078006382021249 0.42306368446060033 0.06364217278075344 0.07422091616742087
74 0.8739884978941084 0.5040730990579683 0.06466044754524546 0.07512604929141369
74 0.6761886248915266 0.4149174863446639 0.062114760634015484 0.0669798511754773
11 0.8419128428126086 0.5864402133413255 0.20925546410311724 0.06788498429947033
