81 0.5603598704305561 0.4162751860306533 0.05345942513583375 0.06969525054745622
81 0.6728792319069273 0.4167277525926498 0.05753252419380104 0.06335931867950556
81 0.889008050670366 0.41491748634466397 0.05702338681155496 0.06154905243151973
81 0.9875261341349725 0.4167277525926498 0.023929456965563388 0.06516958492749148
81 0.8902808941259812 0.5461617893236399 0.05549597466481714 0.06335931867950549
81 0.9875261341349726 0.5506874549436049 0.024947731730055045 0.06516958492749161
81 0.8900263254348582 0.682384324484577 0.05295028775358673 0.06426445180349859
81 0.9880352715172185 0.6873625566665379 0.023929456965563103 0.07060038367144912
81 0.5611235765039246 0.6900779560385168 0.05498683728257107 0.06335931867950563
5 0.6150921390220035 0.6194775723670678 0.051932012989094715 0.0615490524315198
5 0.8345303507700413 0.48234990408213774 0.0539685625180789 0.06064391930752677
5 0.9467951435552903 0.615857039871096 0.05549597466481714 0.06697985117547738
10 0.6181469633154796 0.48370760376812716 0.05396856251807876 0.06516958492749154
10 0.5606144391216785 0.5529502877535869 0.039712715815190196 0.058833653059540934
10 0.6494589123236103 0.2972501802255821 0.08095284377711835 0.09051331239929379
10 0.9465405748641672 0.48234990408213774 0.05905993634053928 0.06969525054745616
10 0.9475588496286592 0.7403128444201249 0.058041661576046975 0.040730990579682075
70 0.9467951435552903 0.6846471572945592 0.057532524193800894 0.0669798511754773
70 0.8347849194611642 0.41582261946865684 0.052441150371340936 0.06335931867950556
70 0.6721155258335585 0.486423003140106 0.051932012989094715 0.06335931867950563
70 0.5598507330483095 0.6203827054910608 0.05345942513583303 0.06154905243151973
52 0.889517188052612 0.4832550372061307 0.054986837282570915 0.06245418555551275
45 0.6156012764042496 0.6891728229145238 0.0509137382246027 0.06335931867950563
45 0.8882443445969972 0.6172147395570855 0.06058734848727724 0.06426445180349852
33 0.9880352715172185 0.6181198726810784 0.023929456965563103 0.06426445180349852
33 0.8900263254348582 0.7330717794281812 0.05702338681155496 0.03530019183572463
33 0.6186561006977256 0.4194431519646286 0.05600511204706286 0.0669798511754773
45 0.5140283686461671 0.41355978665867454 0.03003910555251551 0.06245418555551268
5 0.5155557807929054 0.48416017033012365 0.031057380317007936 0.06426445180349862
2 0.5598507330483095 0.4855178700161131 0.05651424942930909 0.06697985117547745
73 0.5160649181751511 0.6240032379870326 0.026984281259039514 0.06879011742346314
33 0.5616327138861709 0.7421231106681105 0.05600511204706347 0.024438594347809463
10 0.6087279217439281 0.7389551447341356 0.041240127961928226 0.023533461223816374
10 0.51428293733729 0.738502578172139 0.027493418641285457 0.020818061851837513
42 0.5150466434106605 0.6909830891625117 0.02698428125904249 0.061549052431516316
11 0.7245566762048994 0.5556656871255657 0.21281942577883947 0.058833653059540934
42 0.9882898402083413 0.4814447709581448 0.02342031958331731 0.06064391930752684
