81 0.09552660349854229 0.20626822157434405 0.11233600583090379 0.12390670553935858
81 0.3017492711370263 0.20626822157434405 0.10495626822157438 0.11516034985422743
81 0.7055849125364432 0.19752186588921283 0.10085641399416914 0.11807580174927111
81 0.917137390670554 0.1865889212827988 0.1057762390670554 0.11661807580174927
81 0.9134475218658893 0.4431486880466472 0.12135568513119523 0.09037900874635568
81 0.10208637026239067 0.4613702623906705 0.1139759475218659 0.0889212827988338
81 0.10618622448979594 0.7040816326530611 0.1041362973760933 0.11953352769679312
81 0.30338921282798836 0.6997084548104957 0.09183673469387756 0.11953352769679305
81 0.7055849125364426 0.6924198250728858 0.09593658892128282 0.1166180758017493
81 0.9183673469387756 0.6946064139941691 0.10659620991253646 0.12099125364431483
81 0.9204172740524785 0.9395043731778426 0.10905612244897994 0.11807580174927108
81 0.7125546647230321 0.9387755102040817 0.09511661807580168 0.12244897959183675
81 0.30994897959183676 0.94533527696793 0.10495626822157433 0.10932944606413997
81 0.10946610787172009 0.9453352769679304 0.09921647230320696 0.10058309037900864
5 0.2013028425655977 0.32944606413994165 0.10249635568513121 0.11078717201166181
5 0.8076712827988339 0.31924198250728864 0.10331632653061235 0.1253644314868805
73 0.20581268221574348 0.5728862973760933 0.1065962099125365 0.11661807580174902
73 0.8084912536443153 0.5706997084548106 0.10495626822157442 0.11807580174927129
73 0.6034985422740526 0.3294460641399417 0.10659620991253639 0.1253644314868805
10 0.30420918367346944 0.4540816326530612 0.07379737609329443 0.1093294460641399
10 0.8138210641399418 0.44752186588921283 0.07133746355685133 0.11370262390670562
10 0.810951166180758 0.8163265306122449 0.10823615160349846 0.1253644314868805
10 0.2082725947521866 0.8265306122448979 0.10495626822157435 0.11953352769679312
10 0.026239067055393583 0.8301749271137023 0.05247813411078717 0.12973760932944609
10 0.027059037900874636 0.5809037900874636 0.04755830903790088 0.12973760932944614
5 0.026239067055393594 0.9511661807580175 0.05247813411078719 0.09766763848396494
51 0.1996629008746356 0.20772594752186588 0.09921647230320702 0.1239067055393586
51 0.9163174198250731 0.31341107871720114 0.10085641399416914 0.11370262390670555
38 0.810951166180758 0.939504373177843 0.10495626822157414 0.10932944606413901
38 0.10331632653061223 0.5787172011661808 0.10331632653061223 0.10787172011661816
38 0.018039358600583092 0.20335276967930027 0.036078717201166184 0.1209912536443149
38 0.7064048833819243 0.32142857142857145 0.09429664723032062 0.1209912536443149
64 0.9195973032069972 0.8214285714285713 0.10413629737609292 0.12390670553935848
64 0.30338921282798836 0.3309037900874635 0.10003644314868808 0.11370262390670557
64 0.6026785714285715 0.20043731778425655 0.10331632653061235 0.11224489795918365
64 0.7051749271137027 0.5699708454810495 0.09511661807580182 0.11370262390670555
64 0.024189139941690963 0.7055393586005831 0.048378279883381926 0.11953352769679285
54 0.021319241982507283 0.3316326530612244 0.042638483965014566 0.11516034985422738
54 0.31035896501457727 0.8221574344023324 0.09757653061224492 0.12244897959183661
54 0.8105411807580175 0.6931486880466473 0.10577623906705554 0.12099125364431479
54 0.4083454810495627 0.20189504373177844 0.10823615160349853 0.12390670553935862
54 0.09839650145772595 0.3309037900874635 0.10331632653061225 0.11370262390670557
10 0.40916545189504355 0.3309037900874635 0.10987609329446059 0.11953352769679296
51 0.30666909620991256 0.5779883381924198 0.09675655976676392 0.10932944606413997
38 0.9870626822157434 0.18367346938775508 0.025874635568513042 0.12244897959183673
20 0.9138575072886297 0.564868804664723 0.10413629737609327 0.11224489795918373
20 0.8109511661807582 0.18877551020408162 0.10331632653061221 0.11807580174927117
20 0.20950255102040816 0.9409620991253643 0.10085641399416907 0.10349854227405231
20 0.20581268221574348 0.6975218658892127 0.09675655976676385 0.12099125364431494
11 0.5625 0.4489795918367347 0.3115889212827988 0.08454810495626816
