81 0.5716303206648198 0.3601157899283642 0.06526215536062707 0.08228482945390332
81 0.5718617467476588 0.5205712073634757 0.06757641618901822 0.06418216697404454
81 0.5674646511737158 0.6888436835967081 0.0671135640233399 0.073233498213974
81 0.7070145791256951 0.367110000431946 0.06479930319494898 0.07981628457028628
81 0.8412417071723749 0.36669857628467645 0.06850212052037463 0.07899343627574723
81 0.9726917222249856 0.3646414555483289 0.049062329561889724 0.08310767774844237
81 0.9729231483078246 0.7065349219292973 0.05415370338435025 0.08557622263205956
5 0.6394381629366769 0.44445774011861516 0.06387359886359249 0.08310767774844237
73 0.9078924190300366 0.44733770914950177 0.06757641618901829 0.0822848294539034
73 0.5172451911976292 0.4395206503513805 0.04073099057968206 0.08639907092659764
73 0.6357353456112509 0.6106730956154994 0.06665071185766173 0.08146198115936429
10 0.5190965998603433 0.6082045507318828 0.031473947266118144 0.08310767774844244
10 0.906272436450163 0.6176673061190817 0.07266779001147854 0.08722191922113759
10 0.7058574487114996 0.5275654178670576 0.0421195470767168 0.073233498213974
49 0.5709360424163025 0.6094388231736914 0.06665071185766173 0.08063913286482531
49 0.97153459181079 0.45227479891673594 0.05415370338435025 0.0822848294539034
49 0.5188651737775042 0.35764724504474715 0.03286250376315273 0.08228482945390336
71 0.6389753107709988 0.3613500623701727 0.06387359886359249 0.08146198115936429
71 0.9067352886158396 0.701597832162063 0.07081638134876546 0.07405634650851284
75 0.5727874510790152 0.44486916426588463 0.06479930319494877 0.07734773968666907
21 0.9706088874794335 0.6197244268554293 0.054153703384349966 0.07817058798120825
21 0.5170137651147914 0.6904893801857861 0.030085390769083346 0.07652489139213017
21 0.9106695320241058 0.3675214245792155 0.06479930319494898 0.07899343627574723
79 0.8405474289238575 0.4514519506221969 0.06341074669791424 0.0757020430975912
11 0.8690128371130672 0.5312682351924832 0.22679756118232092 0.06911925674127886
