81 0.21155247813411077 0.18440233236151599 0.10167638483965026 0.12973760932944603
81 0.4190051020408163 0.18658892128279883 0.10495626822157433 0.1282798833819242
81 0.6252277696793002 0.17346938775510207 0.10741618075801754 0.131195335276968
81 0.8556395772594754 0.1618075801749271 0.11233600583090379 0.1282798833819242
81 0.8482598396501458 0.7011661807580175 0.11561588921282805 0.13702623906705533
81 0.8511297376093296 0.9504373177842566 0.11971574344023324 0.09912536443148695
81 0.22303206997084551 0.6880466472303207 0.10167638483965018 0.11661807580174922
81 0.22795189504373176 0.9395043731778426 0.11151603498542276 0.12099125364431487
81 0.03484876093294461 0.6931486880466473 0.06969752186588922 0.12099125364431479
81 0.036078717201166184 0.9424198250728864 0.07215743440233237 0.11516034985422735
5 0.02787900874635569 0.18877551020408162 0.05575801749271138 0.11807580174927117
5 0.1209456997084548 0.9380466472303206 0.09593658892128279 0.11516034985422735
5 0.314048833819242 0.31268221574344024 0.1016763848396502 0.11807580174927114
5 0.9548560495626823 0.28717201166180756 0.08609693877551024 0.12827988338192417
5 0.7330539358600583 0.9482507288629737 0.09511661807580168 0.1034985422740526
73 0.11274599125364432 0.3141399416909621 0.1041362973760933 0.11516034985422742
73 0.9546738338192421 0.5670553935860059 0.09065233236151599 0.13411078717201164
73 0.7363338192419826 0.29956268221574334 0.1082361516034983 0.12973760932944592
10 0.7334639212827989 0.5626822157434402 0.11069606413994165 0.1282798833819242
10 0.9669733965014577 0.4293002915451895 0.06605320699708443 0.12099125364431479
10 0.9556760204081634 0.8374635568513119 0.08773688046647238 0.13848396501457727
10 0.420235058309038 0.4409620991253644 0.06149781341107875 0.12390670553935855
10 0.12135568513119534 0.8097667638483965 0.09675655976676385 0.11516034985422749
10 0.11889577259475219 0.565597667638484 0.10331632653061223 0.12244897959183668
51 0.31322886297376096 0.18075801749271136 0.09675655976676392 0.11953352769679303
51 0.22713192419825073 0.8119533527696794 0.10987609329446066 0.12244897959183675
51 0.9563137755102042 0.9540816326530611 0.08737244897959172 0.09183673469387756
20 0.8486698250728864 0.827259475218659 0.11643586005830912 0.12973760932944614
20 0.9583637026239067 0.14504373177842564 0.08327259475218654 0.12390670553935859
20 0.628097667638484 0.31268221574344024 0.09347667638483977 0.1326530612244898
20 0.030748906705539363 0.5670553935860059 0.061497813411078725 0.11661807580174938
51 0.02787900874635569 0.31559766763848396 0.05575801749271138 0.1268221574344023
38 0.10987609329446066 0.1880466472303207 0.10659620991253646 0.12244897959183673
38 0.8507197521865889 0.2951895043731778 0.11397594752186592 0.12682215743440234
38 0.21770225947521865 0.5677842565597667 0.09429664723032069 0.1239067055393587
38 0.03484876093294461 0.8112244897959183 0.06969752186588922 0.12099125364431472
64 0.8478498542274053 0.564868804664723 0.11151603498542272 0.1268221574344023
64 0.7367438046647231 0.16836734693877553 0.10905612244897966 0.1326530612244898
64 0.1188957725947522 0.6880466472303206 0.09839650145772597 0.1078717201166181
54 0.9546738338192421 0.6997084548104957 0.09065233236151599 0.1311953352769679
54 0.21442237609329445 0.31268221574344024 0.09757653061224487 0.11224489795918373
81 0.21770225947521868 0.43804664723032066 0.1090561224489796 0.08309037900874629
81 0.029928935860058313 0.44096209912536444 0.059857871720116626 0.08017492711370267
11 0.6736060495626823 0.43731778425655976 0.3550473760932946 0.12244897959183675
73 0.3193786443148688 0.565597667638484 0.1057762390670554 0.12244897959183668
