81 0.3878462099125365 0.4774052478134111 0.15907434402332365 0.1734693877551021
81 0.9392766034985425 0.4948979591836735 0.1205357142857143 0.15306122448979587
81 0.07748724489795919 0.8228862973760933 0.14677478134110788 0.16763848396501457
5 0.23328170553935862 0.47303206997084546 0.14677478134110788 0.16763848396501466
5 0.9362244897959183 0.32580174927113703 0.1275510204081631 0.16180758017492716
10 0.8089012390670556 0.838192419825073 0.11889577259475217 0.16034985422740533
10 0.9400965743440234 0.6610787172011662 0.08117711370262384 0.1443148688046648
10 0.23328170553935862 0.6494169096209913 0.09757653061224497 0.1705539358600585
10 0.4837827988338193 0.09037900874635568 0.20499271137026243 0.17784256559766765
86 0.08035714285714286 0.46574344023323616 0.15415451895043733 0.17638483965014587
86 0.9345845481049563 0.8360058309037902 0.13083090379008738 0.17638483965014573
44 0.7982416180758019 0.49344023323615166 0.14021501457725918 0.16472303206997085
86 0.6555666909620992 0.32288629737609326 0.14513483965014579 0.15597667638483967
44 0.8002915451895045 0.32434402332361517 0.13611516034985413 0.15014577259475217
44 0.6461370262390672 0.4934402332361516 0.15251457725947526 0.16472303206997083
44 0.9349945335276968 0.9664723032069971 0.1300109329446063 0.06705539358600589
44 0.20745262390670555 0.9540816326530611 0.11151603498542272 0.09183673469387756
16 0.07707725947521865 0.29373177842565595 0.1541545189504373 0.1676384839650145
16 0.21401239067055391 0.8177842565597667 0.11807580174927114 0.1545189504373178
32 0.23287172011661808 0.30466472303207 0.1475947521865889 0.17492711370262395
32 0.07338739067055394 0.9591836734693878 0.14677478134110788 0.0816326530612244
11 0.6055484693877551 0.6596209912536444 0.4222849854227405 0.13556851311953352
