81 0.5329173655274946 0.616988456276087 0.06832623669741686 0.08064736134777065
81 0.672090068964446 0.46664584438086026 0.07000639005882889 0.0686996041110639
81 0.9106718462849342 0.4716240765628213 0.059925469890357304 0.064717018365495
81 0.9708773417355272 0.405413588542738 0.058245316528945636 0.06571266480188726
81 0.9719974439764684 0.6931554086600927 0.05600511204706308 0.0716865434202407
5 0.6051639600682058 0.46166761219889907 0.06272572549271047 0.07268218985663295
5 0.9106718462849344 0.4029244724517575 0.06104557213129866 0.06869960411106397
73 0.8532666064366949 0.47311754621740976 0.05488500980612187 0.06571266480188719
10 0.6020836789056174 0.5373367413647085 0.042003834035297345 0.0686996041110639
10 0.6690097878018575 0.3904788919968546 0.06160562325176919 0.07168654342024063
10 0.7124137496383315 0.30087071272155375 0.06664608333600498 0.10553852225757648
10 0.9703172906150566 0.4741131926538019 0.057125214288004426 0.06372137192910272
10 0.9106718462849344 0.5443062664194542 0.033043016107767186 0.064717018365495
71 0.6051639600682058 0.3909767152150506 0.06496592997459309 0.07069089698384837
8 0.5379578256117302 0.46316108185348737 0.07392674790212304 0.08164300778416284
8 0.9112318974054051 0.6154949866214986 0.0588053676494161 0.07367783629302516
4 0.5329173655274946 0.6971379944056616 0.06384582773365174 0.07367783629302493
35 0.8504663508343419 0.3994397099243846 0.05712521428800429 0.06770395767467165
35 0.6020836789056174 0.6135036937487142 0.06776618557694626 0.06770395767467165
67 0.6012436022249115 0.6906662925691122 0.06384582773365174 0.064717018365495
67 0.5357176211298478 0.383509366942109 0.06944633893835814 0.07766042203859407
67 0.9711573672957627 0.6184819259306754 0.055445060926592335 0.06969525054745616
53 0.9134721018872876 0.6926575854418965 0.05880536764941624 0.07268218985663295
11 0.759178018197629 0.5433106199830621 0.19937819888754418 0.06073443261992608
