81 0.10331632653061228 0.28425655976676384 0.12299562682215749 0.1311953352769679
81 0.34110787172011675 0.2827988338192418 0.10987609329446074 0.13411078717201166
81 0.7925018221574345 0.28061224489795916 0.11889577259475217 0.1326530612244898
81 0.7925018221574345 0.5495626822157434 0.11069606413994165 0.12827988338192411
81 0.7900419096209913 0.8330903790087463 0.11397594752186592 0.13556851311953352
81 0.9858327259475219 0.5568513119533528 0.02833454810495624 0.1253644314868805
81 0.10864613702623906 0.8447521865889212 0.11725583090379009 0.1268221574344024
5 0.22877186588921283 0.7011661807580174 0.11643586005830908 0.1311953352769679
5 0.6768859329446064 0.4212827988338192 0.11889577259475224 0.13702623906705533
5 0.908527696793003 0.6967930029154519 0.11971574344023324 0.13411078717201164
10 0.1123360058309038 0.5685131195335277 0.09183673469387756 0.13119533527696794
10 0.2263119533527697 0.4212827988338192 0.11479591836734696 0.12536443148688042
10 0.28780976676384823 0.06997084548104962 0.17055393586005832 0.13994169096209924
10 0.9081177113702625 0.4176384839650146 0.12381559766763843 0.1268221574344023
10 0.679345845481049 0.5597667638483965 0.08609693877551021 0.13119533527696786
10 0.22713192419825076 0.9584548104956268 0.11807580174927118 0.08309037900874643
10 0.9126275510204083 0.9540816326530611 0.1197157434402331 0.09183673469387756
70 0.9101676384839652 0.8411078717201167 0.11479591836734684 0.1370262390670554
70 0.6777059037900875 0.2813411078717201 0.11725583090379012 0.12827988338192417
70 0.3419278425655978 0.4198250728862974 0.11479591836734691 0.12244897959183675
70 0.1106960641399417 0.706268221574344 0.12463556851311955 0.13556851311953352
33 0.792091836734694 0.9533527696793003 0.11151603498542272 0.09329446064139944
33 0.22344205539358605 0.2820699708454811 0.11233600583090382 0.13556851311953355
52 0.10905612244897955 0.9606413994169085 0.11971574344023318 0.07871720116618076
10 0.022959183673469385 0.962099125364431 0.04591836734693877 0.07580174927113699
52 0.7908618804664723 0.4161807580174927 0.10905612244897953 0.12973760932944614
45 0.22549198250728866 0.8418367346938775 0.11807580174927118 0.13265306122448975
45 0.792091836734694 0.6938775510204082 0.11315597667638486 0.13119533527696794
2 0.10864613702623906 0.4227405247813411 0.11725583090379009 0.13702623906705533
40 0.9109876093294461 0.2755102040816326 0.11479591836734698 0.1224489795918367
40 0.5661898688046648 0.4227405247813411 0.09593658892128282 0.12244897959183675
11 0.39850583090379016 0.5612244897959183 0.34930758017492713 0.11370262390670546
