81 0.6411041351248684 0.29511077465978053 0.0532279990529937 0.06582786356312262
81 0.5288624849479028 0.2922308056288933 0.054616555550029464 0.06665071185766148
81 0.8500818879285786 0.2975793195433976 0.049988033893246214 0.060890773795888434
81 0.9586207207801181 0.2959336229543196 0.05322799905299362 0.05924507720681042
81 0.9551493295375315 0.42635507763875635 0.05924507720681049 0.05348513914503719
81 0.5355738413502374 0.4222408361660612 0.0634107466979141 0.048548049377803014
81 0.5351109891845592 0.5510165942614199 0.05600511204706301 0.0608907737958885
81 0.6431869698704205 0.5547194115868456 0.05461655555002821 0.056776532323193366
81 0.9526036426263014 0.5538965632923066 0.055079407715706595 0.06171362209042762
81 0.9514465122121061 0.6826723213876653 0.05369085121867201 0.06911925674127872
81 0.846147644520314 0.555130835734115 0.04859947739621163 0.0625364703849666
81 0.5339538587703628 0.681438048945856 0.054616555550028326 0.060067925501350226
81 0.6452698046159724 0.676912383325892 0.059707929372488595 0.06253647038496651
81 0.7452458724024649 0.2959336229543196 0.050450886058924456 0.05924507720681042
62 0.6927121515979886 0.2975793195433976 0.048136625230533386 0.06253647038496651
62 0.9030784608987332 0.29552219880705005 0.05415370338435011 0.0633593186795056
62 0.952140790460623 0.6160216095300036 0.056005112047063224 0.0608907737958885
62 0.848693331431544 0.4901258204655315 0.04721092089917704 0.06582786356312262
62 0.6413355612077075 0.4868344272873753 0.05183944255595904 0.059245077206810354
62 0.5348795631017201 0.614787337088195 0.05369085121867201 0.05842222891227145
5 0.5885704143203921 0.3572358208974776 0.05461655555002835 0.06500501526858372
5 0.6950264124263795 0.49053724461280096 0.0509137382246027 0.06006792550134946
5 0.9016899044016986 0.36093863822290323 0.05137659039028094 0.06747356015220078
5 0.8986813653247904 0.7336889156490853 0.04998803389324607 0.0411424147269517
5 0.5908846751487831 0.7303975224709294 0.05461655555002842 0.04114241472695184
62 0.6457326567816505 0.7328660673545455 0.056005112047062516 0.04278811131602956
73 0.5890332664860702 0.48765727558191435 0.05369085121867201 0.060890773795888434
73 0.8986813653247904 0.4901258204655315 0.049062329561889724 0.060890773795888434
73 0.8000938540353323 0.3634071831065203 0.0462852165678207 0.057599380617732406
10 0.6424926916219031 0.42512080519694784 0.031936799431796316 0.05924507720681049
10 0.6929435776808276 0.36381860725378984 0.04952518172756811 0.06500501526858365
10 0.8996070696561468 0.6156101853827342 0.051839442555958896 0.06171362209042748
10 0.9012270522360205 0.4259436534914869 0.036565321088578316 0.05430798743957609
10 0.5892646925689088 0.6139644887936547 0.05045088605892549 0.05842222891227115
10 0.8005567062010107 0.49465148608549614 0.045359512236464214 0.0765248913921301
87 0.848693331431544 0.36340718310652037 0.04998803389324649 0.0608907737958885
87 0.8975242349105949 0.6793809282095091 0.04859947739621177 0.060890773795888434
87 0.9909973775734338 0.5588336530595408 0.018005244853132468 0.06335931867950563
87 0.6404098568763513 0.3605272140756337 0.04906232956188987 0.06335931867950563
87 0.5351109891845592 0.7357460363854329 0.05970792937248845 0.0386738698433345
82 0.9003013479046641 0.5547194115868456 0.04859947739621177 0.05842222891227145
82 0.9565378860345661 0.3629957589592508 0.05461655555002864 0.06335931867950563
82 0.5311767457762945 0.3564129726029385 0.05831937287545408 0.06171362209042755
82 0.5908846751487831 0.6793809282095091 0.0555422598813847 0.05759938061773227
17 0.6443441002846159 0.6156101853827342 0.05600511204706286 0.06171362209042748
17 0.5341852848532028 0.48806869972918393 0.05878222504113218 0.060067925501349394
17 0.5881075621547138 0.2909965331870854 0.062022190200879734 0.06582786356312273
17 0.7982424453726196 0.29963644027974523 0.05091373822460255 0.06665071185766173
17 0.9526036426263014 0.4930057894964181 0.056005112047062794 0.058422228912271376
17 0.9500579557150711 0.7390374295635891 0.05183944255595918 0.03373678007610053
11 0.7707027415147664 0.42429795690240885 0.1541297711708428 0.051016594261420065
