81 0.23205174927113706 0.3083090379008746 0.12791545189504375 0.15014577259475217
81 0.364067055393586 0.4664723032069971 0.12791545189504375 0.1486880466472303
81 0.7605229591836735 0.32434402332361517 0.13037536443148695 0.15014577259475217
81 0.8986880466472305 0.48542274052478135 0.13775510204081626 0.1545189504373178
81 0.23533163265306123 0.9285714285714286 0.13611516034985424 0.1428571428571429
80 0.23000182215743442 0.4657434402332361 0.1270954810495627 0.15306122448979592
80 0.8970481049562684 0.9431486880466473 0.14595481049562678 0.11370262390670546
5 0.900737973760933 0.8053935860058309 0.14349489795918374 0.15889212827988344
5 0.6260477405247814 0.4795918367346939 0.12381559766763857 0.14577259475218654
48 0.9036078717201167 0.32798833819241985 0.14103498542274054 0.1545189504373178
48 0.23328170553935862 0.7769679300291545 0.1303753644314869 0.15160349854227406
74 0.7580630466472303 0.49052478134110783 0.1303753644314868 0.14723032069970848
74 0.36529701166180767 0.3075801749271137 0.12709548104956273 0.1457725947521866
34 0.6252277696793004 0.3177842565597668 0.1287354227405249 0.1370262390670554
11 0.7133746355685132 0.6465014577259476 0.37882653061224486 0.1443148688046648
10 0.36406705539358614 0.6202623906705539 0.08691690962099123 0.13848396501457727
