81 0.5799616596470274 0.6543251976407958 0.06944633893835807 0.07566912916580947
81 0.9773179296209394 0.49253265172705823 0.04536414075812118 0.07268218985663281
5 0.6510881519467975 0.4935282981634505 0.06720613445647551 0.07467348272941728
5 0.9753577506992923 0.41736134577944484 0.04816439636047406 0.07367783629302523
73 0.91627235748964 0.4985065303454107 0.06888628781788604 0.07865606847498618
10 0.6477278452239738 0.5731800130748289 0.03360306722823765 0.0686996041110639
10 0.9210327920136412 0.6553208440771879 0.06832623669741679 0.08562559352973188
10 0.9845985941870578 0.5816430077841628 0.030802811625884628 0.0816430077841629
71 0.6508081263865622 0.4128809368156797 0.06440587885412236 0.07069089698384837
8 0.5813617874482041 0.4920348285088621 0.0655259810950637 0.077660422038594
8 0.9781580063016455 0.6588056066045607 0.04368398739670908 0.08263865422055502
8 0.8501863252741066 0.41636569934305256 0.06328577661318108 0.07367783629302509
10 0.7656186060830413 0.30983153064908386 0.07560690126353506 0.12146886523985213
4 0.576881378484439 0.7255139178428403 0.07112649229977003 0.05077796825600387
4 0.921872868694347 0.7265095642792325 0.0722465945407113 0.06073443261992594
67 0.5827619152493806 0.41238311359748364 0.06720613445647572 0.07566912916580953
53 0.9795581341028219 0.7285008571520168 0.04088373179435607 0.04679538251043496
53 0.8482261463524593 0.4990043535636077 0.061605623251769256 0.07566912916580953
35 0.9176724852908174 0.4178591689976409 0.0627257254927106 0.0686996041110639
35 0.6513681775070329 0.6543251976407958 0.06664608333600483 0.07566912916580947
11 0.8188234625277511 0.5786560684749862 0.22570060154966384 0.07965171491137851
