81 0.2115524781341108 0.19387755102040816 0.10659620991253642 0.12244897959183675
81 0.6248177842565599 0.17492711370262393 0.1082361516034986 0.12244897959183675
81 0.8531796647230323 0.15889212827988342 0.1139759475218659 0.12827988338192428
81 0.8494897959183674 0.7011661807580174 0.11315597667638486 0.12827988338192411
81 0.8531796647230323 0.9497084548104957 0.11069606413994179 0.1005830903790087
51 0.22221209912536444 0.6946064139941691 0.10331632653061225 0.12099125364431483
81 0.2213921282798834 0.9409620991253643 0.10331632653061223 0.11807580174927111
81 0.03566873177842566 0.6909620991253641 0.06641763848396502 0.11370262390670556
81 0.03484876093294461 0.9402332361516035 0.06969752186588922 0.11953352769679298
81 0.21975218658892132 0.4431486880466472 0.10003644314868804 0.09037900874635568
81 0.03197886297376094 0.43658892128279886 0.06395772594752187 0.09183673469387763
81 0.027469023323615165 0.18950437317784258 0.05493804664723033 0.12244897959183675
5 0.1209456997084548 0.9395043731778426 0.10249635568513119 0.12099125364431487
5 0.7392037172011663 0.9438775510204082 0.11069606413994179 0.11224489795918373
5 0.9563137755102042 0.2922740524781341 0.08737244897959172 0.1268221574344023
5 0.31650874635568516 0.314868804664723 0.1033163265306123 0.11953352769679296
73 0.11520590379008741 0.31632653061224497 0.1057762390670553 0.12244897959183669
73 0.735103862973761 0.30539358600583094 0.10905612244897953 0.12390670553935862
73 0.9550838192419826 0.5685131195335277 0.08983236151603492 0.13119533527696794
10 0.7338739067055394 0.5670553935860059 0.10659620991253632 0.13119533527696794
10 0.9641034985422741 0.43731778425655976 0.07179300291545175 0.1311953352769679
10 0.9530338921282799 0.8352769679300291 0.09393221574344011 0.13994169096209916
10 0.7383837463556853 0.8316326530612244 0.09921647230320715 0.12390670553935862
10 0.11930575801749271 0.5663265306122449 0.10249635568513119 0.11224489795918366
10 0.12094569970845484 0.8148688046647231 0.09757653061224492 0.11661807580174938
51 0.7338739067055394 0.7033527696793003 0.10331632653061235 0.13265306122448983
51 0.31199890670553937 0.18658892128279883 0.09757653061224496 0.119533527696793
51 0.2213921282798834 0.8170553935860058 0.10167638483965018 0.10932944606413997
51 0.9550838192419826 0.9548104956268222 0.08983236151603492 0.09037900874635568
51 0.02910896501457726 0.3177842565597668 0.05821793002915452 0.12536443148688048
20 0.9563137755102042 0.14795918367346939 0.08737244897959172 0.12973760932944609
20 0.6207179300291545 0.3083090379008746 0.11151603498542272 0.12682215743440234
20 0.03156887755102041 0.565597667638484 0.06313775510204082 0.11953352769679305
20 0.8511297376093296 0.8360058309037902 0.11479591836734712 0.12390670553935862
38 0.03525874635568512 0.8192419825072885 0.07051749271137024 0.11953352769679258
38 0.8519497084548107 0.29591836734693877 0.11315597667638486 0.12827988338192417
38 0.10987609329446064 0.1880466472303207 0.10331632653061223 0.11661807580174928
38 0.2181122448979592 0.5634110787172011 0.09675655976676381 0.11516034985422742
64 0.8515397230320702 0.5677842565597667 0.1205357142857143 0.12973760932944614
64 0.7367438046647231 0.16909620991253646 0.11069606413994165 0.12536443148688048
64 0.11971574344023324 0.6902332361516035 0.10003644314868806 0.11224489795918373
54 0.9542638483965016 0.7004373177842566 0.09147230320699691 0.12390670553935848
54 0.21401239067055397 0.3170553935860058 0.10003644314868808 0.12390670553935859
11 0.6822157434402334 0.43586005830903785 0.32798833819242 0.13411078717201158
