81 0.13980502915451898 0.5583090379008746 0.0942966472303207 0.11370262390670555
81 0.3296282798833819 0.5604956268221574 0.09183673469387753 0.10349854227405253
81 0.14267492711370264 0.7871720116618077 0.09511661807580177 0.10495626822157435
81 0.9109876093294461 0.5634110787172012 0.10003644314868808 0.11224489795918373
81 0.9052478134110784 0.8002915451895045 0.09839650145772612 0.11370262390670534
81 0.9277970116618068 0.06778425655976675 0.10741618075801859 0.12099125364431483
81 0.7146045918367347 0.07871720116618075 0.09921647230320702 0.11661807580174927
81 0.917957361516035 0.31341107871720114 0.10413629737609327 0.10204081632653064
81 0.32511844023323616 0.08527696793002916 0.09757653061224487 0.12099125364431487
81 0.13201530612244897 0.3199708454810496 0.10495626822157433 0.10058309037900877
81 0.12750546647230324 0.0801749271137026 0.09757653061224487 0.12244897959183668
5 0.23041180758017496 0.20408163265306123 0.09839650145772598 0.11661807580174925
5 0.8146410349854228 0.19752186588921283 0.09921647230320702 0.11807580174927111
5 0.42351494169096215 0.446064139941691 0.09265670553935862 0.11078717201166186
5 0.04878826530612245 0.7857142857142857 0.0975765306122449 0.11078717201166172
5 0.23820153061224492 0.9037900874635565 0.0926567055393586 0.09912536443148688
5 0.801521501457726 0.9176384839650146 0.10249635568513128 0.11224489795918373
81 0.7113247084548106 0.5619533527696791 0.08937682215743457 0.11224489795918398
73 0.23328170553935862 0.44314868804664725 0.09265670553935862 0.10787172011661816
73 0.8076712827988339 0.44241982507288624 0.09839650145772595 0.11516034985422742
73 0.6162080903790088 0.20481049562682216 0.09429664723032062 0.12682215743440234
73 0.0479682944606414 0.903061224489796 0.0942966472303207 0.10349854227405246
10 0.8072612973760934 0.6814868804664723 0.09593658892128289 0.12099125364431496
10 0.8125911078717202 0.3206997084548105 0.07051749271137027 0.10787172011661803
10 0.3333181486880467 0.326530612244898 0.06641763848396501 0.11078717201166186
10 0.42351494169096215 0.20991253644314867 0.09757653061224496 0.11661807580174927
10 0.2373815597667639 0.674198250728863 0.09429664723032076 0.1093294460641399
10 0.04755830903790088 0.6712827988338192 0.09347667638483965 0.11224489795918366
10 0.044278425655976686 0.44096209912536444 0.08855685131195337 0.11224489795918373
10 0.1434948979591837 0.9803206997084548 0.09675655976676385 0.03935860058309032
10 0.6133381924198251 0.44387755102040816 0.08691690962099123 0.10058309037900877
73 0.040588556851311956 0.20262390670553934 0.08117711370262391 0.11370262390670552
71 0.8072612973760934 0.5619533527696793 0.10085641399416914 0.10932944606413997
71 0.9183673469387756 0.19606413994169095 0.1016763848396502 0.11516034985422738
71 0.22672193877551025 0.08600583090379012 0.09101676384839653 0.1166180758017493
71 0.3279883381924199 0.446064139941691 0.09347667638483963 0.11078717201166186
71 0.14185495626822156 0.6734693877551021 0.09183673469387754 0.10787172011661803
81 0.3296282798833819 0.7908163265306123 0.08855685131195337 0.11807580174927111
71 0.8048013848396502 0.793731778425656 0.09429664723032076 0.12099125364431472
10 0.9813228862973762 0.6873177842565598 0.037354227405247686 0.12099125364431494
10 0.9784529883381924 0.9249271137026238 0.043094023323615144 0.11516034985422735
8 0.8175109329446064 0.0750728862973761 0.10167638483965023 0.1239067055393586
8 0.9130375364431487 0.4431486880466472 0.10413629737609327 0.11953352769679298
8 0.23861151603498548 0.7915451895043732 0.0918367346938776 0.11370262390670546
8 0.33126822157434405 0.902332361516035 0.08855685131195329 0.1078717201166181
47 0.9072977405247815 0.6865889212827989 0.10085641399416914 0.1166180758017493
47 0.7125546647230321 0.20189504373177844 0.09675655976676381 0.11516034985422736
47 0.038128644314868815 0.07580174927113696 0.07625728862973763 0.1195335276967929
47 0.13652514577259478 0.44241982507288624 0.0942966472303207 0.10641399416909629
7 0.9056577988338194 0.9183673469387756 0.09921647230320702 0.11661807580174909
7 0.42187500000000006 0.08819241982507289 0.09429664723032076 0.1122448979591837
7 0.1303753644314869 0.20626822157434405 0.09839650145772595 0.11516034985422743
7 0.3308582361516035 0.6771137026239067 0.09101676384839656 0.10932944606413997
7 0.04673833819241977 0.5561224489795916 0.09183673469387746 0.10932944606413939
7 0.9831450437317787 0.5634110787172011 0.03279883381924194 0.11516034985422742
11 0.5653698979591837 0.326530612244898 0.29928935860058314 0.10495626822157438
