81 0.17547376093294464 0.10422740524781339 0.13119533527696794 0.1530612244897959
81 0.702305029154519 0.10641399416909621 0.1336552478134111 0.1545189504373178
81 0.9544460641399417 0.09475218658892129 0.08855685131195329 0.1574344023323615
81 0.9482962827988343 0.4234693877551015 0.10085641399416968 0.13556851311953344
81 0.9505739795918368 0.7551020408163265 0.09885204081632651 0.1603498542274052
81 0.181213556851312 0.7456268221574344 0.13611516034985421 0.1588921282798833
5 0.054528061224489804 0.26384839650145775 0.10905612244897961 0.16034985422740525
5 0.31158892128279886 0.5830903790087464 0.1295553935860059 0.14868804664723043
5 0.834320335276968 0.26676384839650147 0.13529518950437336 0.1545189504373178
73 0.05575801749271138 0.5874635568513119 0.11151603498542276 0.15743440233236158
73 0.8326803935860059 0.5896501457725948 0.1336552478134111 0.16180758017492722
10 0.1828534985422741 0.4293002915451895 0.09511661807580177 0.14431486880466474
10 0.3111789358600583 0.2696793002915452 0.12873542274052474 0.15451895043731778
10 0.833500364431487 0.4300291545189505 0.09101676384839649 0.15160349854227398
10 0.8339103498542275 0.9169096209912536 0.13283527696793002 0.15743440233236142
10 0.0561680029154519 0.9052478134110786 0.10905612244897961 0.1545189504373178
51 0.30830903790087466 0.11005830903790087 0.13119533527696792 0.16180758017492713
51 0.8330903790087464 0.7580174927113703 0.134475218658892 0.1720116618075801
51 0.18244351311953355 0.9081632653061225 0.1369351311953353 0.15160349854227406
57 0.181213556851312 0.5881924198250729 0.12627551020408165 0.15306122448979592
57 0.05411807580174928 0.10422740524781342 0.10823615160349856 0.15597667638483967
57 0.9534438775510204 0.26822157434402333 0.09311224489795905 0.163265306122449
3 0.9509839650145773 0.5932944606413993 0.09803206997084529 0.1603498542274052
3 0.8388301749271139 0.10276967930029154 0.13283527696793002 0.15306122448979592
3 0.05698797376093294 0.747813411078717 0.11233600583090379 0.15451895043731761
65 0.6982051749271138 0.5881924198250729 0.12709548104956261 0.15306122448979592
65 0.5653698979591837 0.10641399416909621 0.12545553935860063 0.14868804664723032
65 0.17875364431486884 0.2689504373177843 0.13119533527696794 0.1501457725947522
39 0.9526239067055394 0.9205539358600583 0.09475218658892118 0.15014577259475217
39 0.7006650874635569 0.26676384839650147 0.13201530612244888 0.1545189504373178
11 0.503872084548105 0.4285714285714286 0.3878462099125365 0.13994169096209907
