81 0.23943148688046648 0.05393586005830904 0.14103498542274054 0.10787172011661808
81 0.5264212827988339 0.05612244897959184 0.13939504373177847 0.11224489795918367
81 0.8146410349854227 0.0575801749271137 0.14677478134110786 0.1151603498542274
81 0.8084912536443152 0.7310495626822155 0.1377551020408163 0.16472303206997085
81 0.24640123906705544 0.7332361516034984 0.13529518950437322 0.16326530612244894
5 0.3767766034985423 0.5575801749271136 0.12053571428571427 0.16472303206997083
5 0.09552660349854229 0.19970845481049562 0.15169460641399418 0.17201166180758015
73 0.10003644314868804 0.5561224489795918 0.14595481049562684 0.17055393586005835
73 0.942146501457726 0.5612244897959183 0.11479591836734698 0.17201166180758015
73 0.6670462827988339 0.2106413994169096 0.13857507288629747 0.17055393586005832
10 0.24394132653061226 0.3841107871720116 0.10085641399416914 0.16472303206997072
10 0.9522139212827989 0.3877551020408163 0.09557215743440224 0.163265306122449
10 0.9405065597667638 0.9139941690962098 0.11643586005830897 0.17201166180758024
10 0.6711461370262392 0.5568513119533527 0.1270954810495627 0.16618075801749263
10 0.10167638483965016 0.9059766763848397 0.14267492711370264 0.16763848396501457
10 0.3825163994169097 0.21209912536443148 0.1336552478134111 0.17638483965014573
71 0.38333637026239076 0.0575801749271137 0.14021501457725954 0.11224489795918367
71 0.2431213556851312 0.9096209912536444 0.1336552478134111 0.1720116618075801
5 0.9427842565597669 0.20189504373177847 0.11443148688046634 0.1734693877551021
49 0.8113611516034986 0.9088921282798833 0.13857507288629733 0.16763848396501457
49 0.946064139941691 0.05466472303206997 0.10787172011661796 0.10932944606413994
49 0.2427113702623907 0.20481049562682216 0.13611516034985427 0.17638483965014579
1 0.2464012390670554 0.5575801749271138 0.1402150145772595 0.16763848396501457
1 0.9415543002915453 0.738338192419825 0.11689139941690954 0.17930029154518948
1 0.6690962099125366 0.05685131195335277 0.13939504373177847 0.11370262390670555
50 0.808491253644315 0.5590379008746356 0.14103498542274068 0.16180758017492708
50 0.10208637026239067 0.7346938775510204 0.14841472303206998 0.16909620991253646
19 0.8130010932944607 0.20991253644314867 0.14349489795918374 0.17201166180758015
19 0.09183673469387756 0.05466472303206997 0.15579446064139943 0.10932944606413994
11 0.6047284985422742 0.3826530612244898 0.43868440233236167 0.16472303206997083
