81 0.6202297980610315 0.2716595982654181 0.07081638134876563 0.05677653232319333
81 0.9102066798584277 0.27453956729630474 0.07498205083986946 0.06089077379588847
81 0.9081238451128758 0.6176673061190816 0.06618785969198342 0.0888676158102156
81 0.6209240763095474 0.617667306119081 0.06757641618901801 0.08393052604298248
5 0.5457105993868402 0.34695021721573965 0.07637060733690411 0.0855762226320595
5 0.6968318314807747 0.5304453868979442 0.07683345950258215 0.08557622263205943
5 0.9743117048048595 0.35024161039389584 0.051376590390281224 0.08557622263205947
73 0.5487191384637485 0.5292111144561357 0.07498205083986939 0.08475337433752038
73 0.9724602961421465 0.5329139317815613 0.05415370338435011 0.0855762226320595
73 0.8366131855155929 0.35312157942478245 0.06942782485173098 0.08475337433752045
81 0.7651025259183101 0.2770081121799218 0.07174208568012204 0.06253647038496651
71 0.6917404576583144 0.27453956729630474 0.07220493784580015 0.05595368402865425
71 0.6206926502267096 0.7065349219292973 0.06896497268605288 0.08557622263205956
10 0.549876268877944 0.7061234977820277 0.07359349434283487 0.08146198115936429
10 0.9717660178936294 0.7077691943711057 0.056467964212741466 0.09133616069383266
10 0.6220812067237442 0.4415777710877285 0.04674806873349887 0.07899343627574723
10 0.6873433620843713 0.35188730698297394 0.06155933803520156 0.08886761581021563
49 0.6209240763095487 0.3510644586884348 0.06942782485173112 0.08557622263205954
49 0.9745431308876985 0.27536241559084373 0.05091373822460298 0.055953684028654284
1 0.6239326153864571 0.5287996903088661 0.07174208568012204 0.0872219192211375
1 0.9722288700593075 0.6197244268554293 0.05369085121867201 0.08639907092659868
50 0.9069667146986802 0.527976842014327 0.0712792335144438 0.08228482945390332
50 0.5501076949607832 0.6156101853827342 0.0731306421771567 0.07981628457028628
10 0.8373074637641102 0.5300339627506746 0.06155933803520128 0.07981628457028628
10 0.9814859133728717 0.44322346767680654 0.0370281732542567 0.08722191922113766
19 0.5443220428898056 0.2716595982654181 0.07451919867419136 0.05842222891227134
19 0.9078924190300367 0.35188730698297394 0.07035352918308746 0.08063913286482524
1 0.8366131855155927 0.27577383973811326 0.06665071185766167 0.06171362209042755
11 0.9088181233613915 0.7069463460765637 0.06479930319494892 0.08804476751567625
11 0.796576473184428 0.44034349864592004 0.21337484837765316 0.07817058798120818
