81 0.5893807012185791 0.3293824061273314 0.06466044754524546 0.07693631553939966
81 0.8544645519964089 0.32969658456706435 0.06532527156503833 0.07811822490791902
81 0.978107092563421 0.3271195733173491 0.04174926534417438 0.07965171491137851
81 0.9770888177989289 0.658398296698764 0.04480408963765044 0.07965171491137851
81 0.5914172507475632 0.6507046651448242 0.06058734848727724 0.07331578304342806
5 0.531084470951409 0.4099392541627029 0.05295028775358681 0.07331578304342798
11 0.9203873236298665 0.4098420084551663 0.06567872230973744 0.08036235662029863
73 0.5304154391846561 0.5733083026043865 0.053017611704958015 0.07779656602914493
73 0.9196320330504204 0.5729342806523231 0.0664824019792334 0.07555243431676535
10 0.5922693195071074 0.49251956095873595 0.0387112720385408 0.07330830260438653
10 0.656647848005985 0.4106087534568954 0.06564085258709161 0.08004069774152396
10 0.5304154391846561 0.722169039525539 0.05385916109710031 0.055355248905353135
10 0.9183697089622056 0.7247871931899807 0.06479930319494862 0.053111117192973165
51 0.656227073309914 0.3316901215715613 0.06311620441066439 0.07779656602914507
51 0.9187904836582783 0.6529749783938474 0.066482401979233 0.0755524343167658
51 0.5903758333747874 0.7236651273337918 0.05680458396959807 0.05834742452185879
57 0.5922693195071073 0.568446017227565 0.062274655018522224 0.0710641708920074
57 0.529784277140549 0.3290719679071185 0.05175528761674463 0.07704852212501842
57 0.9747535182357342 0.4102347315048327 0.03871127203854101 0.07630047822089217
81 0.9747535182357342 0.49401564876698884 0.04123592021496762 0.07330830260438674
3 0.9211047444866688 0.32682783619473965 0.06606162728316281 0.0785446099332713
3 0.973911968843592 0.5733083026043866 0.04123592021496762 0.07929265383739768
3 0.529573889792514 0.6511048686335315 0.05217606231281593 0.07630047822089224
65 0.590586220722823 0.41098277540895906 0.06311620441066453 0.07480439041263942
65 0.7883503278762385 0.33131609961949804 0.05722535866566929 0.07704852212501861
65 0.8520976943310095 0.5733083026043866 0.0593292321460244 0.07630047822089224
39 0.8514665322869028 0.41173081931308547 0.06311620441066453 0.0733083026043866
10 0.9173177722220294 0.49401564876698884 0.04754754065603393 0.07630047822089217
11 0.7551091268866217 0.49214553900667274 0.1977641071534157 0.07405634650851298
