3 0.9523961370262393 0.6486880466472303 0.09429664723032076 0.1574344023323615
3 0.05821793002915452 0.8010204081632654 0.11643586005830904 0.15306122448979592
3 0.8384201895043728 0.16763848396501463 0.13201530612244883 0.163265306122449
81 0.18613338192419826 0.16982507288629742 0.13283527696793002 0.16763848396501457
81 0.702305029154519 0.16763848396501457 0.1303753644314869 0.14868804664723032
81 0.9559037900874636 0.1610787172011662 0.0881924198250728 0.1588921282798834
81 0.949754008746355 0.48542274052478135 0.10049198250728689 0.15451895043731775
81 0.9522139212827989 0.8134110787172011 0.09557215743440224 0.1603498542274052
81 0.1869533527696793 0.8024781341107871 0.12627551020408162 0.15306122448979592
5 0.057807944606414 0.32944606413994165 0.115615889212828 0.14868804664723026
5 0.8355502915451893 0.32580174927113703 0.1311953352769679 0.1559766763848397
10 0.31691873177842567 0.32944606413994165 0.1287354227405248 0.14868804664723026
10 0.18859329446064144 0.4883381924198251 0.0951166180758018 0.15451895043731775
10 0.8355502915451897 0.4868804664723032 0.08035714285714278 0.15160349854227406
10 0.8363702623906707 0.9497084548104957 0.13119533527696803 0.1005830903790087
10 0.059857871720116626 0.9424198250728864 0.11643586005830907 0.11516034985422735
51 0.314048833819242 0.17055393586005832 0.12627551020408162 0.1574344023323615
51 0.8339103498542275 0.8083090379008746 0.1311953352769679 0.1559766763848397
73 0.06026785714285715 0.6428571428571429 0.1205357142857143 0.15743440233236158
73 0.833500364431487 0.6479591836734694 0.1303753644314868 0.1588921282798834
51 0.18408345481049565 0.9446064139941691 0.1238155976676385 0.11078717201166172
57 0.9542638483965016 0.3250728862973761 0.09147230320699691 0.1486880466472303
57 0.05821793002915452 0.1618075801749271 0.11643586005830904 0.15451895043731778
57 0.18818330903790093 0.6443148688046647 0.1254555393586006 0.15160349854227398
39 0.7010750728862974 0.32944606413994165 0.12627551020408162 0.14868804664723026
39 0.951576166180758 0.9489795918367346 0.09429664723032062 0.10204081632653057
65 0.18613338192419826 0.326530612244898 0.12791545189504372 0.1486880466472303
11 0.5096118804664723 0.4868804664723032 0.39932580174927124 0.13702623906705533
