81 0.6122918834196502 0.3334555051852996 0.048368051313372504 0.061549052431519764
81 0.7105553981931335 0.33390807174729603 0.05142287560684878 0.062454185555512645
81 0.8070369321287556 0.3343606383092926 0.05193201298909458 0.057928519935547984
81 0.9126829389448063 0.32576187363135956 0.05142287560684878 0.06245418555551261
81 0.9093735459602073 0.5778414486633927 0.05396856251807904 0.06335931867950549
81 0.9078461338134691 0.7032023863364149 0.05295028775358672 0.06245418555551321
81 0.6166195511687416 0.5724106499194349 0.04582236440214252 0.059738786183533815
81 0.6173832572421106 0.6864574235425451 0.04633150178438847 0.06154905243151973
81 0.5237019789088418 0.6860048569805488 0.0422584027264201 0.06064391930752651
81 0.5221745667621037 0.5696952505474562 0.04225840272642031 0.05973878618353389
81 0.5198834485419964 0.3298349726893278 0.034621341992729884 0.05792851993554791
81 0.6148375703308805 0.45202794442837446 0.04633150178438854 0.048877188695618586
81 0.5226837041443495 0.44840741193240263 0.04225840272642038 0.039825857455689256
5 0.5682514998553689 0.6860048569805487 0.043785814873158344 0.05521312056356919
5 0.661678209497515 0.39409942449282637 0.04836805131337265 0.059738786183533815
5 0.9663969327717622 0.3873109260628793 0.05600511204706294 0.06064391930752677
73 0.8579506703533585 0.3918365916828441 0.05193201298909486 0.057023386811555055
73 0.5651966755618928 0.3904788919968546 0.04989546346011067 0.05973878618353389
73 0.963596677169409 0.5162923962318728 0.05549597466481714 0.06335931867950549
73 0.6626964842620072 0.5099564643639224 0.04531322701989651 0.050687454943604354
73 0.5682514998553689 0.7326192128661849 0.04785891393112649 0.030774526215759865
71 0.96283297109604 0.7077280519563791 0.054986837282570915 0.06426445180349845
71 0.962578402404917 0.5805568480353714 0.055495974664817 0.06154905243151965
71 0.6604053660418999 0.33074010581332075 0.045822364402142525 0.05611825368756204
71 0.5221745667621036 0.39047889199685465 0.0402218531974362 0.056118253687562146
10 0.9635966771694092 0.64482129983887 0.05753252419380104 0.0615490524315198
10 0.8574415329711124 0.5162923962318728 0.04989546346011067 0.05611825368756208
10 0.9651240893161472 0.45067024474238493 0.045313227019896374 0.058833653059540934
10 0.7100462608108876 0.45610104348634267 0.03105738031700767 0.05702338681155503
10 0.567233225090877 0.5104090309259187 0.04582236440214242 0.05883365305954092
10 0.5695243433109841 0.6280763370450009 0.04429495225540408 0.055213120563569286
8 0.5224291354532266 0.5099564643639224 0.042767540108666395 0.05611825368756208
8 0.9694517570652386 0.32078364144939847 0.060078211105031 0.06516958492749166
8 0.9083552711957152 0.6389379345329158 0.04989546346011082 0.06064391930752677
8 0.8060186573642636 0.39228915824484045 0.05193201298909486 0.059738786183533815
7 0.6130555894930193 0.39093145855885114 0.04684063916663447 0.06426445180349866
7 0.5692697746198611 0.5706003836714492 0.04480408963765044 0.059738786183533815
7 0.5229382728354726 0.7326192128661847 0.040730990579682075 0.034395058711731534
47 0.8584598077356046 0.5778414486633926 0.04480408963765029 0.05611825368756208
47 0.9109009581069523 0.38912119231086606 0.05091373822461234 0.06245418555551381
47 0.6145830016397575 0.5108615974879153 0.045822364402142386 0.05973878618353389
47 0.5239565475999646 0.6267186373590112 0.040730990579682214 0.057928519935547984
11 0.830711820403196 0.4561010434863426 0.16750619875894301 0.06426445180349859
47 0.5645499271137028 0.3294460641399417 0.048378279883381906 0.05539358600583089
