81 0.6327268065343421 0.27207102241268755 0.07081638134876528 0.05595368402865424
81 0.9233979665802566 0.2708367499708791 0.0763706073369039 0.056776532323193366
81 0.7759795518117479 0.27330529485449623 0.06942782485173084 0.05183944255595911
81 0.9196951492548309 0.6151987612354647 0.07359349434283487 0.09380470557744992
81 0.6334210847828604 0.6164330336772732 0.07035352918308739 0.08310767774844223
5 0.7056260226286605 0.5267425695725185 0.07498205083986932 0.08475337433752038
5 0.558901886108669 0.3481844896575483 0.07683345950258222 0.08804476751567655
5 0.9814859133728717 0.34571594477393114 0.0370281732542567 0.08969046410475467
73 0.5614475730198991 0.5250968729834404 0.07174208568012197 0.07981628457028628
73 0.8484159157403872 0.3494187620993568 0.07081638134876571 0.08228482945390336
10 0.5623732773512556 0.7003635597202547 0.07266779001147838 0.08475337433752045
10 0.8491101939889044 0.5263311454252491 0.07035352918308746 0.08557622263205943
10 0.6341153630313776 0.44034349864592004 0.057856520709775906 0.07981628457028628
10 0.9838001742012591 0.4391092262041112 0.032399651597474426 0.0839305260429811
10 0.9787088003788024 0.7069463460765669 0.04258239924239518 0.08639907092659868
10 0.7044688922144624 0.3494187620993566 0.0726677900114781 0.08886761581021595
71 0.7037746139659479 0.2724824465599572 0.07035352918308732 0.056776532323193296
71 0.6343467891142167 0.7007749838675241 0.0685021205203747 0.08393052604298135
49 0.9190008710063136 0.7061234977820277 0.07220493784580015 0.08475337433752045
49 0.6327268065343431 0.34695021721573965 0.06989067701740914 0.0855762226320595
49 0.9812544872900325 0.2712481741181486 0.037491025419934945 0.049370897672341985
50 0.91992657533767 0.52550829713071 0.0749820508398696 0.07899343627574723
50 0.5637618338482903 0.6156101853827342 0.07359349434283487 0.08639907092659854
73 0.9798659307929978 0.527153993719788 0.040268138414004256 0.08393052604298142
1 0.9791716525444807 0.6184901544136207 0.0416566949110387 0.09051331239929368
1 0.6336525108656994 0.5263311454252491 0.06896497268605288 0.08393052604298135
19 0.9233979665802565 0.34859591380481775 0.07359349434283473 0.0872219192211375
81 0.5600590165228644 0.2704253258236095 0.0772963116682604 0.05101659426142009
81 0.5130795217065267 0.6151987612354647 0.023142608283910206 0.09051331239929347
11 0.8137020033145217 0.4366406813204944 0.2226318916912173 0.07570204309759106
