81 0.5949812124232854 0.5099564643639224 0.06058734848727717 0.06516958492749148
81 0.530575333569163 0.43799838100648386 0.06720613445647572 0.07150551679544201
81 0.8380943124457635 0.5049782321819611 0.06211476063401534 0.06426445180349852
81 0.962069265022671 0.6497995320208311 0.06058734848727724 0.06788498429947026
81 0.5333755891715161 0.7249255813122448 0.06058734848727731 0.05340285431558328
73 0.9613055589493019 0.43211501570052974 0.05905993634053914 0.06516958492749148
73 0.5985451740990076 0.6570405970127746 0.06058734848727731 0.06426445180349859
10 0.6555685609105626 0.44026121381646616 0.05855079895829306 0.07060038367144912
10 0.8996999356975327 0.4334727153865191 0.058041661576046975 0.06788498429947033
10 0.96283297109604 0.5036205324959717 0.06313303539850736 0.07060038367144898
10 0.9002090730797788 0.578294015225389 0.03563961675722197 0.06607471805148435
10 0.5980360367167615 0.5841773805313432 0.044294952255404356 0.0669798511754773
10 0.9007182104620247 0.7199473491302838 0.05804166157604712 0.06154905243151973
80 0.532357314407024 0.51538726310788 0.06058734848727717 0.07241064991943497
48 0.5328664517892701 0.6620188291947358 0.06364217278075351 0.07603118241540685
48 0.8383488811368863 0.4348304150725085 0.05855079895829306 0.07060038367144912
18 0.961560127640425 0.7185896494442943 0.06364217278075329 0.06245418555551268
34 0.5975268993345155 0.7240204481882521 0.05753252419380104 0.058833653059541004
34 0.8989362296241636 0.5054307987439577 0.06262389801626142 0.06879011742346314
18 0.6570959730573007 0.5122192971739047 0.05956907372278522 0.06969525054745616
74 0.5934538002765473 0.4384509475684803 0.06058734848727731 0.07241064991943497
74 0.8989362296241638 0.6497995320208311 0.06058734848727724 0.06788498429947026
11 0.7497589766260776 0.5846299470933396 0.20721891457413308 0.06426445180349859
10 0.6990251457725948 0.32798833819241985 0.07133746355685133 0.14868804664723034
