81 0.585816739542857 0.2972501802255821 0.06771527183872167 0.08146198115936443
81 0.8515864530752831 0.299060446473568 0.06466044754524546 0.07422091616742083
81 0.9783616612545438 0.2954399139775962 0.04327667749091219 0.07965171491137844
81 0.9770888177989289 0.463342108478286 0.04582236440214231 0.05702338681155503
81 0.9765796804166829 0.6294340367309901 0.046840639166634335 0.07965171491137837
81 0.5893807012185791 0.623550671425036 0.06567872230973748 0.07874658178738542
5 0.6540411487638247 0.5420886902656716 0.06466044754524553 0.0751260492914139
5 0.5280296466579327 0.3800698610709358 0.05295028775358688 0.0787465817873855
5 0.9193017249140051 0.3805224276329323 0.06771527183872182 0.07784144866339264
73 0.5280296466579328 0.5429938233896645 0.051932012989094785 0.0805568480353714
73 0.9180288814583895 0.5448040896376505 0.06720613445647572 0.07874658178738557
10 0.5277750779668099 0.7068229188323862 0.05142287560684878 0.08236711428335725
10 0.9180288814583897 0.7095383182043651 0.06618785969198342 0.08417738053134301
10 0.9180288814583898 0.46469980816427553 0.04480408963765044 0.07603118241540678
10 0.588362426454087 0.46107927566830376 0.047349776548880486 0.0760311824154067
10 0.6530228739993325 0.38278526044291467 0.06567872230973762 0.08598764677932906
51 0.6535320113815786 0.3017758458455468 0.06262389801626128 0.07603118241540674
51 0.9172651753850206 0.6258135042350184 0.06567872230973776 0.08146198115936436
51 0.588107857762964 0.7054652191463967 0.06618785969198364 0.08146198115936429
57 0.5888715638363331 0.5425412568276681 0.06466044754524546 0.07784144866339261
57 0.5262476658200717 0.2986078799115715 0.04938632607786474 0.0787465817873856
57 0.9781070925634208 0.3796172945089394 0.04378581487315841 0.08146198115936436
3 0.9768342491078057 0.544351523075654 0.04633150178438854 0.08146198115936436
3 0.9205745683696199 0.2972501802255821 0.06720613445647572 0.07603118241540674
3 0.5277750779668098 0.6249083711110254 0.050404600842356616 0.07784144866339254
65 0.8492953348551759 0.5452566561996469 0.06415131016299952 0.07784144866339275
65 0.7848894560010536 0.29815531334957507 0.06364217278075313 0.0796517149113785
65 0.587344151689595 0.3823326938809182 0.06567872230973748 0.07784144866339261
39 0.8505681783107911 0.3823326938809182 0.06466044754524532 0.0760311824154067
39 0.9765796804166829 0.7118011510143473 0.046840639166634335 0.07965171491137837
11 0.7502681140083237 0.46153184223030025 0.19703616692921258 0.07331578304342791
