81 0.5314673759248337 0.5867730928786618 0.05596303457745584 0.0688200391796282
81 0.6414999589474256 0.5856510270224721 0.05470071048924261 0.057599380617732406
81 0.6421311209915322 0.7150626224363381 0.055121485185313686 0.06358373185074342
81 0.532308925316976 0.7176807761007806 0.055121485185313686 0.061339600138364286
81 0.9650757002260988 0.7199249078131598 0.058908457449953315 0.06133960013836415
81 0.9625510520496724 0.5886432026389776 0.05470071048924268 0.06507981965899638
81 0.9644445381819924 0.45175116818384753 0.05764613336174022 0.05011894157646836
81 0.5316777632728694 0.45287323404003715 0.05722535866566915 0.049370897672341985
81 0.5308362138807271 0.321591528865855 0.05301761170495823 0.0635837318507435
81 0.6387649234229633 0.32383566057823415 0.056804583969598345 0.06507981965899626
81 0.8537807931152939 0.32159152886585496 0.051755287616744854 0.06657590746724906
81 0.9657068622702056 0.3167292434890334 0.05596303457745577 0.06582786356312262
5 0.5867992484581831 0.39003754609342 0.05638380927352706 0.06283568794661719
5 0.9072191795163232 0.38704537047691445 0.055121485185313616 0.061339600138364286
5 0.6951487326964907 0.5220672951717285 0.05175528761674484 0.06507981965899633
73 0.5889031219385386 0.520945229315539 0.05638380927352685 0.06433177575486987
73 0.9078503415604299 0.5201971854114126 0.05554225988138484 0.06133960013836422
10 0.640448022207248 0.45549138770447956 0.03744894795032763 0.06358373185074342
10 0.6940967959563128 0.3907855899975465 0.053859161097100386 0.06283568794661712
10 0.5878511851983608 0.6496087808252787 0.05427993579317146 0.06133960013836422
10 0.9076399542123943 0.4558654096565427 0.04502289247960732 0.061339600138364286
20 0.5878511851983608 0.7176807761007806 0.05596303457745577 0.0643317757548698
20 0.5884823472424674 0.5852770050704088 0.05638380927352692 0.06433177575486994
20 0.9614991153094945 0.5216932732196654 0.053438386401029304 0.06732395137137544
20 0.9091126656486432 0.31972141910553903 0.05722535866566929 0.06433177575486983
51 0.5859576990660408 0.3223395727699814 0.05470071048924268 0.0665759074672491
51 0.9638133761378858 0.38704537047691445 0.053859161097100525 0.06582786356312269
51 0.6414999589474256 0.5213192512676023 0.053017611704958084 0.06358373185074334
51 0.5316777632728694 0.6544710662021004 0.05638380927352699 0.0635837318507435
38 0.8529392437231516 0.3877934143810408 0.050913738224602836 0.06433177575486987
38 0.5312569885767983 0.5216932732196653 0.05638380927352692 0.0688200391796282
38 0.9621302773536012 0.6507308466814683 0.05722535866566929 0.06208764404249052
38 0.6951487326964897 0.5849029831183455 0.054279935793171225 0.06358373185074363
54 0.6414999589474256 0.6484867149690892 0.053017611704958084 0.06507981965899624
54 0.9063776301241809 0.5867730928786618 0.05259683700888701 0.0688200391796282
54 0.6932552465641703 0.3245837044823605 0.05049296352853148 0.06507981965899629
54 0.5308362138807271 0.38928950218929365 0.05722535866566915 0.06582786356312269
64 0.638975310770999 0.3892895021892936 0.05217606231281593 0.06283568794661712
81 0.7496390558376974 0.32607979229061335 0.05554225988138484 0.06657590746724906
11 0.776358249038212 0.45287323404003715 0.16115670859523007 0.06133960013836436
