81 0.058627915451895045 0.6931486880466473 0.1139759475218659 0.13265306122448983
81 0.27633017492711376 0.685131195335277 0.10987609329446063 0.1166180758017493
81 0.27346027696793007 0.1618075801749271 0.1090561224489796 0.13702623906705538
81 0.702305029154519 0.1588921282798834 0.10413629737609327 0.13411078717201164
81 0.9261570699708455 0.1508746355685131 0.10905612244897966 0.12973760932944606
81 0.9191873177842567 0.6902332361516035 0.10659620991253632 0.129737609329446
81 0.9212372448979593 0.9467930029154519 0.11397594752186592 0.10641399416909621
81 0.055348032069970854 0.16107871720116618 0.10905612244897961 0.12973760932944606
81 0.05780794460641401 0.9424198250728864 0.10905612244897961 0.11224489795918359
81 0.9212372448979593 0.4198250728862974 0.11561588921282791 0.10204081632653057
81 0.057807944606414 0.42638483965014573 0.11069606413994171 0.07725947521865884
5 0.16645408163265307 0.29373177842565595 0.10823615160349855 0.13265306122448975
5 0.8105411807580175 0.29227405247813415 0.10905612244897953 0.12390670553935866
73 0.8097212099125366 0.5568513119533527 0.10741618075801754 0.1282798833819242
73 0.16932397959183676 0.5561224489795918 0.11233600583090382 0.1268221574344024
10 0.16809402332361517 0.8155976676384838 0.10823615160349859 0.12099125364431487
10 0.8105411807580176 0.8199708454810497 0.10741618075801754 0.13265306122448992
10 0.8080812682215744 0.4249271137026239 0.06969752186588934 0.12099125364431487
10 0.27469023323615166 0.4293002915451895 0.08199708454810498 0.11807580174927111
10 0.3825163994169097 0.29664723032069973 0.1057762390670554 0.12390670553935862
20 0.1717838921282799 0.6865889212827987 0.10741618075801751 0.12536443148688042
20 0.9204172740524783 0.5561224489795918 0.10577623906705554 0.12973760932944609
20 0.8125911078717203 0.1552478134110787 0.1082361516034986 0.1239067055393586
20 0.17055393586005835 0.9402332361516035 0.10331632653061228 0.11661807580174922
51 0.922467201166181 0.2879008746355685 0.10495626822157433 0.12682215743440228
51 0.16563411078717202 0.1610787172011662 0.10987609329446064 0.1326530612244898
51 0.05821793002915452 0.8192419825072886 0.11479591836734696 0.12244897959183668
51 0.8105411807580175 0.9475218658892129 0.10577623906705554 0.10495626822157433
51 0.27715014577259484 0.5583090379008747 0.10331632653061223 0.12244897959183675
38 0.6994351311953353 0.2951895043731778 0.10823615160349846 0.13556851311953352
38 0.05739795918367348 0.5575801749271138 0.11151603498542276 0.1268221574344023
38 0.917957361516035 0.8228862973760933 0.11069606413994179 0.129737609329446
64 0.27469023323615166 0.2973760932944607 0.10495626822157438 0.12244897959183675
64 0.5973487609329448 0.15962099125364432 0.09429664723032069 0.13265306122448978
64 0.6969752186588921 0.5532069970845481 0.10823615160349846 0.12390670553935862
54 0.8097212099125366 0.6887755102040817 0.10905612244897966 0.12973760932944609
54 0.27879008746355693 0.8126822157434402 0.10987609329446066 0.12390670553935848
54 0.05493804664723033 0.293731778425656 0.10823615160349856 0.12973760932944609
54 0.3771865889212829 0.16545189504373176 0.11315597667638479 0.12682215743440234
11 0.5415907434402333 0.4293002915451895 0.3206086005830903 0.10932944606413997
