81 0.14964467930029154 0.10349854227405249 0.1303753644314869 0.16618075801749274
81 0.41818513119533535 0.11005830903790087 0.12955539358600582 0.1588921282798834
81 0.6785258746355686 0.10641399416909621 0.12873542274052482 0.15160349854227406
81 0.9431942419825075 0.09693877551020408 0.11361151603498527 0.15597667638483967
81 0.9399143586005829 0.4234693877551016 0.12017128279883323 0.14431486880466465
81 0.9395043731778426 0.7543731778425655 0.12099125364431472 0.16180758017492722
81 0.15579446064139943 0.7434402332361516 0.12955539358600585 0.14285714285714277
5 0.041408527696793006 0.2660349854227405 0.08281705539358601 0.15014577259475217
5 0.2886297376093295 0.5845481049562682 0.1246355685131195 0.15160349854227406
5 0.8113611516034988 0.2660349854227405 0.13201530612244894 0.15306122448979592
73 0.04468841107871721 0.5911078717201167 0.08937682215743442 0.16180758017492713
73 0.8072612973760934 0.5932944606413995 0.13529518950437322 0.16326530612244908
10 0.15784438775510204 0.42711370262390674 0.08445699708454808 0.14577259475218654
10 0.2869897959183674 0.26822157434402333 0.12955539358600585 0.1516034985422741
10 0.8130010932944607 0.4329446064139942 0.08773688046647238 0.1545189504373178
10 0.8113611516034986 0.9161807580174927 0.12873542274052482 0.16763848396501457
10 0.044278425655976686 0.9154518950437318 0.08855685131195337 0.16909620991253646
51 0.8101311953352771 0.7558309037900875 0.13447521865889214 0.1559766763848397
51 0.2857598396501458 0.10641399416909621 0.12709548104956267 0.1574344023323615
51 0.15579446064139943 0.9096209912536444 0.12955539358600585 0.16034985422740533
57 0.15661443148688048 0.58600583090379 0.12955539358600585 0.1574344023323615
57 0.04181851311953353 0.09985422740524781 0.08363702623906706 0.1618075801749271
57 0.9419642857142858 0.26457725947521865 0.11607142857142846 0.15597667638483967
3 0.8138210641399418 0.10131195335276968 0.13201530612244908 0.15597667638483967
3 0.9392766034985425 0.5940233236151603 0.1205357142857143 0.15889212827988325
3 0.04468841107871721 0.749271137026239 0.08937682215743442 0.15160349854227406
65 0.674836005830904 0.5911078717201166 0.12791545189504383 0.16472303206997083
65 0.15333454810495628 0.2653061224489796 0.12627551020408168 0.1545189504373178
65 0.5473305393586007 0.11005830903790087 0.12545553935860057 0.15597667638483964
39 0.9407343294460643 0.9212827988338192 0.11853134110787167 0.15160349854227406
39 0.6797558309037902 0.2653061224489796 0.12791545189504375 0.15743440233236153
11 0.4792729591836735 0.42638483965014573 0.3878462099125364 0.13265306122448983
