81 0.5387215316850994 0.6271712039210078 0.07535233257241217 0.08598764677932891
81 0.6924810211233998 0.45519591036234963 0.07331578304342784 0.08598764677932906
81 0.9742885621965756 0.4601741425443108 0.05142287560684878 0.086892779903322
5 0.6168741198598646 0.4529330775523672 0.0707700961321978 0.08508251365533603
5 0.9745431308876986 0.37373392920298526 0.0509137382246027 0.08598764677932906
73 0.9096281146513303 0.46153184223030025 0.07280664566118177 0.08598764677932898
10 0.6156012764042496 0.5416361237036752 0.04989546346011075 0.08508251365533617
10 0.9086098398868381 0.6393905010949124 0.07382492042567393 0.08870304615130778
10 0.9783616612545438 0.5511400215056009 0.04327667749091219 0.07693631553939972
10 0.6924810211233998 0.37056596326901003 0.07331578304342784 0.08146198115936443
10 0.7477224270970936 0.2854834496136739 0.08197111854161036 0.0760311824154067
86 0.8360577629167792 0.37282879607899233 0.07331578304342798 0.08236711428335725
86 0.9740339935054527 0.6448212998388699 0.051932012989094715 0.0923235786472796
86 0.5415217872874525 0.45112281130438137 0.07586146995465796 0.08870304615130785
44 0.6110190399640354 0.7154216835103192 0.06924268398545969 0.07965171491137851
44 0.9114100954891913 0.37644932857496416 0.07433405780791986 0.08779791302731489
44 0.8347849194611642 0.4588164428583214 0.0758614699546581 0.0787465817873855
44 0.9745431308876986 0.7240204481882521 0.0509137382246027 0.062454185555512826
16 0.9091189772690845 0.7208524822542764 0.07789801948364143 0.070600383671449
16 0.5407580812140835 0.36241976515307356 0.07637060733690411 0.08870304615130785
16 0.6135647268752653 0.6271712039210077 0.07026095874995171 0.08960817927530079
32 0.5361758447738693 0.7140639838243297 0.07331578304342791 0.08236711428335752
32 0.6171286885509876 0.3646825979630559 0.07331578304342784 0.08779791302731489
11 0.8009272835418034 0.5461617893236399 0.2413311191846168 0.08870304615130778
