81 0.07584730320699708 0.654518950437318 0.11889577259475217 0.1399416909620992
81 0.31158892128279886 0.6559766763848396 0.10987609329446066 0.12827988338192411
81 0.7744624635568513 0.6596209912536444 0.11725583090379005 0.13265306122448975
81 0.7822521865889215 0.06924198250728864 0.12135568513119538 0.13848396501457727
81 0.30830903790087466 0.07653061224489796 0.11479591836734691 0.13848396501457727
81 0.06682762390670555 0.07142857142857142 0.1238155976676385 0.14285714285714285
81 0.07051749271137027 0.3564139941690962 0.12955539358600585 0.1005830903790088
81 0.9833728134110788 0.6625364431486881 0.033254373177842356 0.14139941690962105
81 0.9833728134110788 0.9446064139941691 0.033254373177842356 0.11078717201166172
81 0.07830721574344024 0.9351311953352769 0.1139759475218659 0.12973760932944614
5 0.18982325072886297 0.2230320699708455 0.12053571428571429 0.14285714285714285
5 0.42597485422740533 0.511661807580175 0.11561588921282798 0.1370262390670554
5 0.9072977405247815 0.21209912536443148 0.1336552478134111 0.14723032069970843
73 0.1931031341107872 0.510932944606414 0.115615889212828 0.13556851311953352
73 0.9003279883381924 0.5138483965014577 0.1229956268221575 0.13848396501457721
73 0.6600765306122449 0.23032069970845484 0.11479591836734684 0.14285714285714288
10 0.19597303206997085 0.793002915451895 0.11479591836734693 0.13411078717201178
10 0.899918002915452 0.8083090379008746 0.12873542274052482 0.1413994169096209
10 0.907707725947522 0.3666180758017492 0.0869169096209913 0.13265306122448983
10 0.3128188775510205 0.3753644314868804 0.09101676384839653 0.13265306122448975
10 0.6580266034985424 0.5160349854227405 0.11069606413994165 0.13702623906705533
71 0.9007379737609331 0.6603498542274052 0.1270954810495627 0.13119533527696794
71 0.899918002915452 0.9424198250728864 0.12873542274052482 0.11516034985422735
71 0.31076895043731784 0.5145772594752187 0.11315597667638486 0.1370262390670554
71 0.08240706997084547 0.793002915451895 0.115615889212828 0.13411078717201178
71 0.18572339650145775 0.07798833819241983 0.11069606413994172 0.13848396501457727
10 0.42597485422740533 0.22667638483965014 0.11561588921282798 0.1326530612244898
8 0.9113975947521866 0.06559766763848396 0.13201530612244908 0.13119533527696792
8 0.1951530612244898 0.9329446064139941 0.11315597667638483 0.13411078717201164
81 0.30994897959183676 0.9358600583090378 0.10823615160349856 0.12827988338192425
47 0.7793822886297377 0.22157434402332363 0.1205357142857143 0.13994169096209913
47 0.07502733236151604 0.5123906705539358 0.1221756559766764 0.14139941690962105
7 0.42474489795918374 0.08090379008746355 0.11807580174927118 0.14723032069970846
7 0.06805758017492711 0.2230320699708455 0.12299562682215744 0.14285714285714285
7 0.31240889212827994 0.7995626822157434 0.10987609329446066 0.13848396501457727
11 0.6002186588921283 0.3717201166180758 0.3607871720116617 0.13119533527696792
