81 0.07379737609329447 0.7485422740524781 0.14759475218658893 0.1588921282798833
81 0.3685768950437318 0.41545189504373176 0.13693513119533526 0.1661807580174927
81 0.9384566326530615 0.4293002915451895 0.12217565597667644 0.16763848396501457
73 0.7994715743440234 0.4285714285714286 0.14103498542274054 0.17492711370262393
5 0.22385204081632654 0.40816326530612246 0.14595481049562684 0.1661807580174927
5 0.9403243440233237 0.2565597667638484 0.11935131195335273 0.1778425655976676
10 0.9482962827988339 0.6056851311953353 0.0893768221574345 0.1647230320699709
10 0.799881559766764 0.7755102040816325 0.146774781341108 0.17201166180758024
10 0.3714467930029155 0.24562682215743442 0.14103498542274054 0.1618075801749271
10 0.22549198250728864 0.5816326530612246 0.08527696793002917 0.1690962099125364
86 0.938274416909621 0.7893586005830904 0.12345116618075792 0.17638483965014573
86 0.6600765306122449 0.25291545189504366 0.13447521865889214 0.16763848396501455
86 0.07625728862973762 0.4037900874635569 0.14923469387755103 0.1778425655976676
32 0.07010750728862974 0.9190962099125364 0.1402150145772595 0.1559766763848397
32 0.22754190962099127 0.239067055393586 0.14349489795918371 0.17784256559766767
10 0.4768130466472303 0.07798833819241982 0.15005466472303206 0.15597667638483964
16 0.7990615889212829 0.934402332361516 0.1467747813411077 0.13119533527696786
16 0.07912718658892129 0.22813411078717202 0.14841472303206998 0.17055393586005832
16 0.22344205539358605 0.7485422740524781 0.14841472303207 0.16180758017492708
44 0.8019314868804664 0.2551020408163265 0.14431486880466465 0.16909620991253643
44 0.6453170553935861 0.42419825072886297 0.15251457725947518 0.1690962099125364
44 0.936634475218659 0.9373177842565598 0.12673104956268205 0.1253644314868805
44 0.22180211370262393 0.9198250728862973 0.15989431486880468 0.15160349854227406
11 0.5739795918367343 0.5947521865889215 0.4837827988338188 0.16034985422740544
