81 0.07256741982507289 0.75 0.14513483965014579 0.17055393586005835
81 0.36939686588921283 0.41472303206997085 0.14841472303206996 0.1647230320699709
81 0.9386844023323616 0.4300291545189505 0.12263119533527686 0.16909620991253654
5 0.2246720116618076 0.4110787172011662 0.14103498542274054 0.1661807580174927
5 0.9403243440233237 0.2536443148688046 0.11935131195335273 0.16618075801749266
73 0.800701530612245 0.4249271137026238 0.14349489795918374 0.16763848396501452
10 0.2246720116618076 0.5736151603498542 0.08527696793002917 0.15014577259475217
10 0.7937317784256561 0.7806122448979592 0.14923469387755092 0.16180758017492708
10 0.9474763119533529 0.608600583090379 0.08937682215743437 0.161807580174927
10 0.3685768950437318 0.24271137026239067 0.13693513119533526 0.1618075801749271
10 0.47681304664723034 0.08090379008746355 0.15989431486880476 0.15014577259475217
86 0.938274416909621 0.7849854227405249 0.12345116618075792 0.18804664723032075
86 0.6588465743440234 0.2543731778425656 0.13365524781341115 0.1647230320699708
86 0.07625728862973763 0.4059766763848397 0.14595481049562684 0.17346938775510204
32 0.0709274781341108 0.9220116618075801 0.1418549562682216 0.1559766763848397
32 0.2250819970845481 0.23979591836734696 0.1434948979591837 0.17638483965014579
16 0.7978316326530613 0.9351311953352769 0.14759475218658877 0.12973760932944614
16 0.07789723032069971 0.23104956268221577 0.14759475218658893 0.17930029154518956
16 0.2205721574344024 0.7485422740524781 0.14103498542274057 0.16763848396501457
44 0.8015215014577259 0.25583090379008744 0.14513483965014573 0.17055393586005832
44 0.6555666909620992 0.43367346938775503 0.1402150145772594 0.1793002915451892
44 0.22016217201166186 0.9205539358600583 0.14677478134110788 0.15889212827988344
44 0.9390943877551021 0.9358600583090378 0.12181122448979594 0.11953352769679298
11 0.5694697521865891 0.5962099125364432 0.4960823615160352 0.1574344023323616
