81 0.6181469633154794 0.5695680830837544 0.04670599126389166 0.05685133671360583
81 0.6189885127076219 0.6858889101754087 0.0467059912638917 0.05759938061773227
81 0.5245245934396603 0.6847668443192191 0.047126765959962756 0.05685133671360616
81 0.5245245934396607 0.5680719952755018 0.04291901899925186 0.053859161097100455
81 0.5203168464789498 0.33019403376330847 0.04039437082282532 0.05984351233011157
81 0.6143599910508399 0.33169012157156125 0.048389090048176084 0.058347424521858746
81 0.6145703783988755 0.4495070364714684 0.04796831535210501 0.04413459034345721
81 0.5245245934396607 0.4465148608549627 0.0462852165678207 0.04263850253520452
81 0.9099542150407853 0.5763004782208921 0.05133451292067377 0.05984351233011154
81 0.9095334403447143 0.7008497882579369 0.05301761170495823 0.06358373185074342
81 0.7086135229707656 0.33206414352362446 0.04418134308746531 0.06358373185074352
81 0.8089682879837221 0.3305680557153717 0.048809864744247304 0.060591556234237946
81 0.9141619620014951 0.32233957276998126 0.05301761170495805 0.062087644042490536
5 0.6646425672313359 0.39228167780579926 0.04796831535210501 0.05385916109710031
5 0.9644445381819924 0.3859233046207249 0.05091373822460255 0.06507981965899631
5 0.5712305847035525 0.6828967345589034 0.04628521656782063 0.05460720500122676
73 0.8600924135563601 0.3922816778057991 0.051755287616744965 0.059843512330111856
73 0.5676539997869482 0.38928950218929365 0.048389090048176014 0.05834742452185879
73 0.6638010178391938 0.5089765268495167 0.04712676595996285 0.05236307328884763
73 0.9640237634859212 0.515334900034591 0.05343838640102959 0.06208764404249074
73 0.5699682606153391 0.7367558956560037 0.04712676595996285 0.03815023911044605
10 0.9648653128780633 0.6410062759278253 0.05512148518531376 0.06507981965899631
10 0.8596716388602894 0.515334900034591 0.050913738224602836 0.0635837318507435
10 0.9686522851427033 0.45137714623178427 0.03408275038175873 0.05834742452185871
10 0.5695474859192674 0.5093505488015798 0.04628521656782067 0.0531111171929739
10 0.5712305847035525 0.6264194197973606 0.044602117783536246 0.05385916109710031
10 0.7117693331912989 0.4524992120879739 0.03029577811711903 0.05610329280947951
8 0.5236830440475185 0.5078544609933271 0.0454436671756784 0.05909546842598516
8 0.9099542150407853 0.6383881222633828 0.05301761170495823 0.05834742452185876
8 0.9657068622702056 0.317851309345223 0.04754754065603393 0.060591556234237946
47 0.8083371259396154 0.3911596119496091 0.04923063944031776 0.05759938061773226
47 0.9126892505652462 0.38928950218929353 0.05175528761674479 0.06283568794661733
47 0.564918964262486 0.3286979459550557 0.04712676595996292 0.056851336713605996
47 0.5241038187435896 0.6241752880849814 0.04628521656782056 0.055355248905353135
47 0.6164638645311953 0.5112206585618958 0.047547540656034074 0.05685133671360589
71 0.9638133761378858 0.5781705879812081 0.05217606231281593 0.06208764404249067
71 0.9631822140937791 0.7060860955868216 0.05259683700888701 0.06507981965899617
71 0.6181469633154798 0.6264194197973606 0.04333979369532294 0.05385916109710031
71 0.6629594684470516 0.3305680557153717 0.04796831535210515 0.057599380617732406
71 0.5215791705671631 0.39003754609342 0.042919018999251934 0.05984351233011154
7 0.5705994226594457 0.5691940611316915 0.04670599126389177 0.057599380617732406
7 0.523472656699483 0.7326416541833083 0.04502289247960732 0.03590610739806678
7 0.6152015404429821 0.3915336339016728 0.04586444187174962 0.055355248905353135
11 0.8291654733951348 0.45137714623178427 0.16157748329130128 0.055355248905353205
