81 0.6285611370432391 0.27371671900176575 0.06896497268605288 0.05924507720681039
81 0.9203894275033483 0.27495099144357427 0.07868486816529512 0.06171362209042744
81 0.7729710127348394 0.2749509914435742 0.07174208568012254 0.06335931867950548
81 0.63087539787163 0.6184901544136207 0.0689649726860528 0.0872219192211375
81 0.9150666275980488 0.6184901544136207 0.07637060733690419 0.09380470557744985
5 0.5554304948660825 0.34983018624662626 0.07729631166826045 0.08804476751567662
5 0.7030803357174277 0.529211114456135 0.07266779001147816 0.08639907092659942
5 0.9784773742959633 0.34983018624662626 0.041193842745360455 0.0863990709265985
73 0.5572819035287954 0.5283882661615966 0.07266779001147824 0.08146198115936429
73 0.9773202438817676 0.5325025076342917 0.04443380790510801 0.08969046410475456
10 0.6318011022029866 0.44075492279318934 0.04952518172756804 0.07899343627574723
10 0.5584390339429909 0.7044778011929498 0.07498205083986932 0.08146198115936429
10 0.7028489096345913 0.35147588283570436 0.0712792335144438 0.08475337433752042
10 0.8447130984149601 0.5292111144561353 0.0698906770174091 0.08475337433752009
71 0.6292554152917562 0.7044778011929487 0.07313064217715652 0.08146198115936426
71 0.7005346488062003 0.2741281431490352 0.07127923351444367 0.05677653232319333
73 0.8454073766634788 0.35517870016113 0.06942782485173098 0.09380470557744981
49 0.915298053680888 0.7090034668129144 0.07405634650851312 0.08063913286482531
49 0.9789402264616411 0.27495099144357427 0.0411938427453597 0.05842222891227136
49 0.6285611370432391 0.3535330035720519 0.06896497268605288 0.08886761581021556
1 0.630412545705952 0.5292111144561357 0.06896497268605288 0.08310767774844237
1 0.8463330809948353 0.2753624155908438 0.0685021205203745 0.05924507720681042
1 0.9763945395504112 0.6205472751499683 0.0453595122364645 0.08969046410475463
10 0.9770888177989286 0.7090034668129144 0.04582236440214274 0.08393052604298148
50 0.915298053680888 0.5308568110452137 0.07220493784580015 0.08475337433752038
50 0.5582076078601517 0.6180787302663512 0.0735934943428348 0.08639907092659854
19 0.9194637231719918 0.3539444277193215 0.07035352918308732 0.08475337433752045
19 0.5524219557891742 0.2712481741181486 0.07683345950258222 0.0608907737958885
10 0.98449445244978 0.44281204352953707 0.031011095100440117 0.08639907092659861
11 0.809999185989096 0.441166346940459 0.22448330035393013 0.06994210503581783
