81 0.264030612244898 0.3666180758017493 0.11151603498542276 0.12973760932944603
81 0.7125546647230321 0.37755102040816324 0.10987609329446059 0.131195335276968
81 0.9440142128279884 0.3760932944606414 0.11197157434402329 0.12827988338192423
81 0.938274416909621 0.6479591836734694 0.12345116618075792 0.12390670553935855
81 0.04509839650145773 0.6326530612244897 0.09019679300291546 0.10787172011661796
81 0.04468841107871721 0.3644314868804665 0.08937682215743442 0.13411078717201166
81 0.04673833819241983 0.913265306122449 0.09347667638483965 0.12973760932944614
81 0.2689504373177843 0.911807580174927 0.11807580174927111 0.129737609329446
81 0.9364067055393588 0.9307580174927114 0.11315597667638486 0.13265306122448975
5 0.15046465014577262 0.5036443148688047 0.11397594752186592 0.13556851311953352
5 0.8248906705539361 0.5116618075801749 0.11315597667638472 0.12536443148688042
73 0.15210459183673472 0.7762390670553936 0.11397594752186592 0.129737609329446
73 0.8195608600583094 0.7886297376093296 0.11233600583090382 0.1341107871720118
73 0.6022685860058311 0.510204081632653 0.10413629737609337 0.12244897959183682
10 0.37636661807580185 0.5080174927113703 0.10331632653061228 0.12973760932944609
10 0.26936042274052485 0.6399416909620992 0.05985787172011662 0.13119533527696803
10 0.8244806851311955 0.6516034985422741 0.06641763848396508 0.12244897959183668
10 0.4345845481049562 0.119533527696793 0.14431486880466474 0.23323615160349856
71 0.9423742711370263 0.5145772594752187 0.1152514577259474 0.13119533527696794
71 0.3784165451895045 0.37026239067055394 0.1090561224489796 0.13702623906705536
71 0.04755830903790091 0.7747813411078716 0.09511661807580182 0.12973760932944617
49 0.26444059766763856 0.5021865889212828 0.1090561224489796 0.13848396501457721
49 0.8253006559766765 0.3739067055393586 0.11561588921282805 0.12973760932944609
1 0.810951166180758 0.9256559766763849 0.12627551020408162 0.13411078717201164
1 0.2681304664723032 0.7784256559766763 0.11315597667638481 0.1311953352769679
1 0.04550838192419825 0.5051020408163265 0.0910167638483965 0.13556851311953358
19 0.14923469387755106 0.36370262390670555 0.11643586005830907 0.13556851311953352
19 0.7096847667638485 0.510932944606414 0.11069606413994165 0.1268221574344023
19 0.9372266763848398 0.7922740524781341 0.11643586005830897 0.1413994169096209
50 0.15169460641399418 0.91399416909621 0.11151603498542277 0.12827988338192425
