81 0.6561008409010924 0.267320943621485 0.05646796421274125 0.045256656199646875
81 0.7688053432437357 0.2706123367996412 0.05415370338435011 0.04361095961056875
81 0.8826669760005745 0.27020091265237167 0.05600511204706308 0.04114241472695166
81 0.8785013065094706 0.3960967017168438 0.05693081637841942 0.051016594261419926
81 0.9861144350296536 0.39527385342230476 0.027771129940692703 0.05430798743957631
81 0.5436277646412883 0.5281638529903586 0.05831937287545386 0.06500501526858372
81 0.5424706342270927 0.6668137906201858 0.05878222504113225 0.07076495333035694
81 0.8778070282609534 0.5355694876412099 0.055542259881384975 0.06335931867950549
81 0.9835687481184234 0.538860880819366 0.032862503763152945 0.06829640844673975
81 0.9835687481184234 0.6816250599218884 0.032862503763152945 0.07241064991943488
81 0.8768813239295968 0.6729851528292287 0.05183944255595904 0.06665071185766167
5 0.6010214331853859 0.4615131411326969 0.0555422598813847 0.06665071185766173
5 0.8245790292079596 0.3294459898591821 0.052765146887315525 0.06582786356312273
5 0.9372835315506026 0.46645023089993115 0.05878222504113225 0.06665071185766173
73 0.8180990988884647 0.46562738260539205 0.06387359886359235 0.06500501526858365
73 0.9354321228878894 0.6766879701546542 0.060633633703844766 0.06582786356312245
10 0.9358949750535682 0.6051001685297583 0.058782225041132105 0.0707649533303568
10 0.9405234967103502 0.32697744497556497 0.05878222504113225 0.06911925674127879
10 0.823421898793764 0.4006223673368085 0.050450886058924595 0.06171362209042748
10 0.5447848950554838 0.3928053085386876 0.03841672975129121 0.06582786356312269
10 0.6000957288540295 0.32368605179740884 0.05646796421274118 0.07076495333035687
81 0.6565636930667706 0.5335123669048625 0.05369085121867194 0.06582786356312276
80 0.8773441760952752 0.6055115926770278 0.057393668544097526 0.06500501526858372
80 0.9421434792902239 0.26896664021056305 0.056467964212741036 0.03702817325425649
80 0.5996328766883512 0.5289867012848977 0.054616555550028284 0.06335931867950556
10 0.6005585810197077 0.5972831097316376 0.05369085121867194 0.06500501526858357
10 0.9365892533020854 0.7330530783305781 0.057393668544097665 0.032091083487022304
80 0.9840316002841017 0.7326416541833085 0.03008539076908363 0.03126823519248319
73 0.713725935528029 0.32944598985918205 0.05322799905299362 0.06747356015220074
78 0.9363578272192463 0.5392723049666356 0.057856520709775906 0.0674735601522007
78 0.5413135038128972 0.3208060827665222 0.062022190200879734 0.073233498213974
37 0.5989385984398339 0.26896664021056305 0.05785652070977577 0.03702817325425649
37 0.986577287195332 0.32656602082829544 0.026845425609336074 0.06994210503581783
59 0.5417763559785754 0.7285274127106134 0.059245077206810354 0.049370897672341985
59 0.8822041238348963 0.3302688381537211 0.05600511204706294 0.06253647038496651
37 0.54316491247561 0.596871685584368 0.060170781538166906 0.06582786356312262
60 0.5420077820614145 0.4573988996600018 0.05785652070977584 0.06665071185766173
55 0.6567951191496096 0.46398168601631395 0.0532279990529937 0.06335931867950556
10 0.7130316572795118 0.4643931101635836 0.05646796421274132 0.06582786356312276
55 0.8171733945571082 0.5359809117884795 0.06387359886359263 0.06418216697404461
68 0.8789641586751488 0.46809592748900924 0.05600511204706294 0.06500501526858357
68 0.6563322669839314 0.32780029327010396 0.055079407715706595 0.0674735601522007
27 0.7130316572795118 0.2718466092414497 0.05461655555002821 0.039496718137873615
24 0.8243476031251205 0.27225803338871923 0.05507940771570645 0.04361095961056883
68 0.6007900071025467 0.6705166079456114 0.05415370338435011 0.06665071185766173
11 0.6783177448536464 0.400210943189539 0.15736973633059023 0.06747356015220085
