81 0.5575596148282024 0.49094866876007076 0.054986837282570915 0.05973878618353389
81 0.6639693277176221 0.49140123532206714 0.04989546346011082 0.0606439193075267
81 0.5578141835193254 0.6167621729950891 0.054477699900324764 0.05792851993554813
81 0.8658422997781718 0.49140123532206714 0.04938632607786445 0.055213120563569265
81 0.8681334179982791 0.36920826358302067 0.0539685625180789 0.051592588067597374
81 0.9725065813587146 0.36332489827706654 0.05295028775358702 0.048877188695618516
81 0.9699608944474845 0.49321150157005306 0.049895463460110534 0.0606439193075267
81 0.9679243449185003 0.6176673061190819 0.048877188695618655 0.05973878618353396
81 0.9674152075362542 0.7321666463041885 0.051932012989094715 0.040730990579682075
81 0.8658422997781722 0.6167621729950891 0.04734977654887983 0.0561182536875622
81 0.5588324582838176 0.7344294791141708 0.0524411503713408 0.0362053249597173
73 0.8156922676269382 0.42894704976655446 0.0509137382246027 0.06426445180349852
73 0.5140283686461671 0.4271367835185687 0.02800255602353147 0.06245418555551261
73 0.7153922033244711 0.3017758458455472 0.05091373822460266 0.05973878618353357
73 0.9152286258560366 0.616762172995089 0.050404600842356616 0.06335931867950556
5 0.6112736086551582 0.4271367835185687 0.050404600842356685 0.06245418555551261
5 0.9187925875317587 0.42939961632855095 0.05142287560684878 0.056118253687562
5 0.8169651110825533 0.3031335455315362 0.050404600842356616 0.05702338681155503
5 0.5153012121017825 0.6787637919886054 0.031566517699254316 0.06245418555551253
10 0.9162469006205286 0.5547605540015729 0.050404600842356616 0.05883365305954111
10 0.9215928431341119 0.3017758458455468 0.0509137382246027 0.06154905243151969
10 0.6092370591261741 0.2963450471015892 0.05345942513583281 0.06516958492749148
10 0.6120373147285274 0.5543079874395763 0.05091373822460263 0.06335931867950563
10 0.5147920747195361 0.5561182536875622 0.03156651769925354 0.06154905243151973
10 0.6130555894930201 0.6778586588646123 0.049895463460109354 0.06426445180349842
5 0.513264662572798 0.29408221429160686 0.02545686911230149 0.06426445180349855
71 0.8146739928624461 0.49185380188406363 0.04785891393112664 0.056118253687562146
71 0.6120373147285273 0.49185380188406363 0.048877188695618516 0.059738786183533815
71 0.515301212101782 0.6190250058050712 0.028511693405777548 0.06064391930752684
71 0.6629510529531301 0.29996557959756087 0.05193201298909486 0.0633593186795056
71 0.868642555380525 0.30132327928355035 0.048877188695618655 0.05521312056356912
10 0.8172196797736763 0.3673979973350348 0.03054824293476173 0.057023386811555096
10 0.5583233209015714 0.36332489827706654 0.038185303668452096 0.06335931867950563
8 0.5560322026814642 0.2945347808536033 0.05702338681155496 0.0633593186795056
8 0.9750522682699447 0.30087071272155386 0.049895463460110534 0.06154905243151973
8 0.9671606388451314 0.6787637919886051 0.05142287560684878 0.057023386811555096
8 0.9149740571649135 0.7303563800562025 0.04989546346011067 0.040730990579682214
8 0.6133101581841424 0.6144993401851067 0.052441150371340936 0.05702338681155503
8 0.9177743127672667 0.4918538018840637 0.050404600842356616 0.06154905243151965
8 0.515301212101782 0.48959096907408134 0.02952996817026964 0.06245418555551268
8 0.5155557807929051 0.7308089466181991 0.02902083078802363 0.034395058711731534
71 0.6125464521107733 0.731714079742192 0.050913738224602906 0.0398258574556894
8 0.7663059415490736 0.3013232792835503 0.049895463460110534 0.06245418555551268
10 0.9165014693116516 0.6765009591786229 0.04989546346011067 0.05792851993554791
28 0.5583233209015713 0.4253265172705828 0.055495974664817 0.06245418555551275
28 0.9714883065942225 0.4284944832045581 0.0509137382246027 0.06154905243151965
28 0.86482402501368 0.5534028543155833 0.050404600842356755 0.05973878618353389
69 0.6639693277176221 0.42894704976655446 0.05295028775358681 0.058833653059540934
69 0.8671151432337869 0.43166244913853336 0.049895463460110534 0.06064391930752677
69 0.9684334823007466 0.552045154629594 0.053968562518078446 0.06064391930752684
69 0.5590870269749405 0.5529502877535869 0.05498683728257106 0.06064391930752677
28 0.5580687522104485 0.6774060923026157 0.053968562518078966 0.06154905243151973
11 0.6906990402855385 0.36649286421104177 0.16750619875894288 0.06245418555551261
