81 0.1980229591836735 0.543731778425656 0.0926567055393586 0.12244897959183676
81 0.7892219387755103 0.5677842565597667 0.10905612244897966 0.12973760932944614
81 0.7875819970845481 0.8236151603498543 0.10741618075801754 0.13119533527696803
81 0.8015215014577259 0.055393586005830914 0.11397594752186592 0.11078717201166181
81 0.5846392128279884 0.05830903790087463 0.09839650145772595 0.11661807580174927
81 0.38661625364431484 0.0597667638483965 0.09429664723032069 0.119533527696793
81 0.19392310495626824 0.0597667638483965 0.09429664723032072 0.119533527696793
81 0.02131924198250729 0.053206997084548104 0.04263848396501458 0.10641399416909621
81 0.024189139941690963 0.282798833819242 0.048378279883381926 0.09329446064139944
81 0.19105320699708458 0.2981049562682216 0.09839650145772597 0.08309037900874636
81 0.1980229591836735 0.7806122448979592 0.0910167638483965 0.11516034985422749
81 0.025829081632653062 0.5393586005830904 0.051658163265306124 0.11078717201166179
81 0.02500911078717201 0.7769679300291545 0.05001822157434402 0.11370262390670562
81 0.9817328717201167 0.8454810495626822 0.036534256559766616 0.13411078717201178
81 0.9829628279883383 0.5706997084548106 0.034074344023323565 0.1239067055393587
5 0.10003644314868806 0.7769679300291545 0.09511661807580175 0.11661807580174922
5 0.9130375364431488 0.17128279883381922 0.11397594752186592 0.12390670553935859
5 0.2906796647230321 0.1800291545189504 0.09757653061224487 0.12099125364431487
73 0.903197886297376 0.9504373177842563 0.11397594752186548 0.09912536443148655
73 0.28903972303207 0.4285714285714286 0.09265670553935859 0.11370262390670555
73 0.6883655247813414 0.18002915451895038 0.10249635568513098 0.12390670553935858
73 0.9056577988338194 0.4387755102040816 0.11397594752186592 0.1282798833819242
73 0.0959365889212828 0.1771137026239067 0.09675655976676385 0.12099125364431479
73 0.09921647230320702 0.8994169096209913 0.09511661807580175 0.11370262390670562
10 0.684265670553936 0.43658892128279886 0.10249635568513121 0.1268221574344023
10 0.9101676384839651 0.30466472303207 0.07707725947521879 0.11953352769679303
10 0.902377915451895 0.7026239067055394 0.11725583090379005 0.12827988338192411
10 0.10126639941690964 0.6574344023323616 0.0975765306122449 0.11370262390670562
10 0.09921647230320702 0.424198250728863 0.09675655976676388 0.12536443148688048
27 0.7871720116618076 0.9431486880466471 0.10331632653061221 0.10495626822157433
27 0.6879555393586009 0.05685131195335277 0.10495626822157438 0.11370262390670555
27 0.10126639941690964 0.543002915451895 0.0959365889212828 0.11516034985422735
36 0.19392310495626824 0.42565597667638483 0.08773688046647234 0.11370262390670555
36 0.9031978862973762 0.8352769679300291 0.11725583090379019 0.13411078717201178
36 0.7953717201166183 0.17638483965014579 0.1082361516034986 0.12536443148688048
36 0.0938866618075802 0.05685131195335277 0.09921647230320702 0.11370262390670555
36 0.02500911078717201 0.6545189504373178 0.05001822157434402 0.11078717201166179
36 0.1980229591836735 0.901603498542274 0.09101676384839658 0.11224489795918347
24 0.2886297376093295 0.5422740524781341 0.09183673469387754 0.11078717201166174
24 0.7892219387755106 0.6931486880466471 0.1057762390670555 0.12099125364431491
10 0.6850856413994171 0.6916909620991255 0.09429664723032076 0.12099125364431501
24 0.024599125364431488 0.41982507288629733 0.049198250728862976 0.1166180758017493
24 0.917137390670554 0.04956268221574344 0.1205357142857143 0.09912536443148688
59 0.28903972303207004 0.05903790087463557 0.09593658892128282 0.11807580174927114
59 0.1963830174927114 0.6596209912536444 0.08773688046647232 0.11516034985422742
55 0.9036078717201167 0.5677842565597667 0.11479591836734684 0.13265306122448975
55 0.5760295189504373 0.4322157434402332 0.11233600583090386 0.12099125364431487
55 0.19064322157434405 0.17930029154518948 0.09593658892128282 0.12536443148688048
68 0.02377915451895044 0.900874635568513 0.04755830903790088 0.11953352769679312
68 0.5829992711370262 0.18075801749271136 0.10003644314868815 0.12244897959183673
60 0.6838556851311953 0.5619533527696793 0.10003644314868808 0.12390670553935855
60 0.02131924198250729 0.17492711370262393 0.04263848396501458 0.119533527696793
78 0.792091836734694 0.4402332361516035 0.10495626822157433 0.11953352769679298
37 0.4841927842565598 0.061953352769679296 0.09265670553935862 0.12099125364431487
11 0.6428571428571429 0.3075801749271137 0.29190962099125356 0.1282798833819242
73 0.6707361516034986 0.9409620991253645 0.11807580174927108 0.11807580174927108
10 0.1963830174927114 0.9832361516034984 0.09593658892128282 0.033527696793002944
