81 0.6408267194337117 0.5345596283706393 0.06017078153816684 0.06582786356312262
81 0.8708642457757801 0.5349710525179089 0.0573936685440978 0.06665071185766167
81 0.9803287829586761 0.5357939008124479 0.03934243408264791 0.06665071185766167
81 0.9794030786273197 0.6785580799149702 0.0411938427453606 0.07076495333035694
81 0.5246508258484816 0.5333253559288308 0.04906232956188987 0.07158780162489599
81 0.5258079562626773 0.6806152006513179 0.047673773064855214 0.06665071185766167
81 0.6382810325224814 0.6789695040622397 0.05415370338435018 0.07158780162489606
81 0.8720213761899757 0.6773238074731617 0.051376590390280794 0.06829640844673988
81 0.8738727848526867 0.3909726009735778 0.06063363370384496 0.05842222891227109
81 0.9800973568758369 0.3897383285317694 0.039805286248326154 0.05759938061773227
81 0.7579283173502978 0.2626082670254888 0.05646796421274132 0.037028173254256454
81 0.8747984891840449 0.2634311153200277 0.05878222504113225 0.03702817325425652
5 0.5804245118127056 0.4609147060093959 0.059707929372488595 0.06994210503581791
5 0.8150905598115563 0.3206190717904906 0.05785652070977577 0.06747356015220074
5 0.9308036012311078 0.46461752333482137 0.05693081637841942 0.06911925674127879
73 0.8127762989831652 0.4646175233348215 0.05693081637841956 0.07076495333035694
73 0.6991460923091656 0.31856195105414303 0.05924507720681049 0.07158780162489588
73 0.928720766485556 0.6756781108840835 0.05831937287545401 0.06829640844673988
10 0.5808873639783839 0.6053245817009961 0.06155933803520142 0.06911925674127872
10 0.5195594520260205 0.38850405608996036 0.037953877585612805 0.06829640844673915
10 0.578804529232832 0.31280201299236976 0.06109648586952318 0.07487919480305205
10 0.7014603531375565 0.46297182674574344 0.06202219020087952 0.07405634650851305
10 0.9338121403080163 0.32020764764322107 0.05924507720681049 0.07158780162489592
10 0.9296464708169124 0.6049131575537267 0.05646796421274132 0.06829640844673981
10 0.928489340402717 0.7328660673545465 0.05878222504113225 0.03620532495971744
10 0.8143962815630391 0.39302972170992556 0.038879581916969386 0.06418216697404461
71 0.5804245118127056 0.5345596283706393 0.059707929372488595 0.06911925674127879
71 0.6403638672680333 0.31691625446506494 0.06017078153816684 0.07158780162489599
71 0.8747984891840449 0.3239104649686467 0.05600511204706294 0.07241064991943492
8 0.9291836186512343 0.5345596283706393 0.05831937287545401 0.06911925674127879
8 0.982874469869906 0.31856195105414303 0.034251060260187385 0.07158780162489588
8 0.5221051389372517 0.31156774055056125 0.0467480687334988 0.072410649919435
8 0.9794030786273196 0.733277491501816 0.04026813841400411 0.03538247666517847
8 0.5799616596470274 0.6789695040622397 0.05878222504113218 0.06994210503581783
10 0.5794988074813493 0.7345117639436245 0.06063363370384508 0.03291393178156141
69 0.5241879736828036 0.6069702782900742 0.04721092089917711 0.06911925674127872
69 0.6403638672680333 0.4625604025984738 0.059245077206810354 0.06829640844673981
69 0.8715585240242976 0.4633832508930129 0.05693081637841942 0.06665071185766173
69 0.9794030786273196 0.6053245817009962 0.04026813841400411 0.06582786356312269
69 0.81671054239143 0.26466538776183635 0.05369085121867187 0.03620532495971748
69 0.8720213761899757 0.7332774915018159 0.04952518172756811 0.0386738698433345
28 0.9807916351243542 0.4633832508930129 0.038416729751291144 0.06829640844673981
28 0.9338121403080154 0.26425396361456666 0.060170781538166754 0.035382476665178596
28 0.5227994171857689 0.4600918577148568 0.049988033893246284 0.07323349821397393
28 0.6392067368538379 0.6069702782900743 0.05415370338435025 0.0707649533303571
28 0.8708642457757801 0.6073817024373437 0.0555422598813847 0.06665071185766173
11 0.6651264581318166 0.39220687341538624 0.16708963180983225 0.0625364703849661
28 0.6996089444748438 0.26013972214187164 0.057393668544097665 0.03702817325425652
81 0.6396695890195158 0.2609625704364105 0.059707929372488436 0.03209108348702243
