81 0.13119533527696794 0.7215743440233237 0.12135568513119534 0.15160349854227406
81 0.1303753644314869 0.42419825072886297 0.12955539358600582 0.14868804664723037
81 0.38087645772594764 0.4285714285714286 0.13365524781341112 0.1457725947521866
81 0.6252277696793004 0.42711370262390674 0.1188957725947521 0.14577259475218654
81 0.8765488338192421 0.4220116618075802 0.1229956268221575 0.14431486880466474
81 0.8773688046647231 0.7354227405247812 0.1311953352769679 0.14431486880466465
81 0.8859784985422741 0.10276967930029154 0.13529518950437322 0.12390670553935862
5 0.24968112244897964 0.27113702623906705 0.12545553935860063 0.15160349854227406
5 0.9759930758017492 0.25874635568513116 0.0480138483965014 0.1559766763848396
5 0.7482233965014577 0.8841107871720117 0.11561588921282805 0.14723032069970843
5 0.03484876093294461 0.8768221574344024 0.06969752186588922 0.14139941690962105
73 0.030338921282798838 0.2660349854227405 0.060677842565597676 0.14723032069970846
73 0.750683309037901 0.27186588921282795 0.12873542274052413 0.15306122448979595
73 0.9723032069970847 0.7339650145772595 0.05539358600583071 0.15306122448979592
10 0.7482233965014577 0.5779883381924198 0.12381559766763843 0.14431486880466474
10 0.9686133381924199 0.5779883381924198 0.0627733236151603 0.14723032069970843
10 0.2546009475218659 0.5765306122448979 0.1238155976676385 0.14723032069970848
10 0.036898688046647234 0.572886297376093 0.07215743440233237 0.13702623906705533
10 0.1275054664723032 0.11078717201166183 0.07625728862973759 0.14868804664723037
10 0.7543731778425656 0.108600583090379 0.09839650145772595 0.15306122448979592
86 0.8753188775510204 0.5765306122448979 0.1254555393586007 0.14723032069970848
86 0.6231778425655977 0.2725947521865889 0.12135568513119523 0.1545189504373178
86 0.25501093294460647 0.4227405247813411 0.12299562682215746 0.13994169096209907
86 0.1336552478134111 0.8746355685131195 0.11643586005830904 0.13994169096209916
44 0.8785987609329448 0.8884839650145773 0.1336552478134111 0.15597667638483956
44 0.7502733236151604 0.729591836734694 0.11479591836734698 0.1413994169096209
44 0.88269861516035 0.26457725947521843 0.12545553935860101 0.15306122448979637
44 0.9747631195335277 0.4212827988338192 0.0504737609329446 0.15160349854227412
44 0.132015306122449 0.5721574344023324 0.11807580174927114 0.14139941690962105
44 0.030748906705539363 0.424927113702624 0.061497813411078725 0.14431486880466474
32 0.7515032798833821 0.42711370262390674 0.12217565597667644 0.14577259475218654
32 0.12586552478134114 0.26895043731778423 0.1254555393586006 0.1530612244897959
16 0.03443877551020409 0.7237609329446064 0.06559766763848397 0.14431486880466465
44 0.380466472303207 0.2776967930029155 0.12955539358600582 0.1501457725947522
11 0.4485240524781342 0.1217201166180758 0.3657069970845482 0.15014577259475217
