81 0.12914540816326534 0.4190962099125365 0.12545553935860063 0.15014577259475217
81 0.3722667638483965 0.42419825072886297 0.11807580174927118 0.14577259475218668
81 0.6231778425655977 0.4249271137026239 0.12135568513119546 0.14723032069970854
81 0.8773688046647233 0.4234693877551021 0.12791545189504366 0.1530612244897958
81 0.8888483965014577 0.09766763848396501 0.14267492711370253 0.10787172011661808
81 0.8769588192419826 0.7303206997084548 0.13037536443148695 0.15160349854227406
81 0.13160532069970848 0.7266763848396502 0.1188957725947522 0.14723032069970843
5 0.25255102040816313 0.2733236151603498 0.12299562682215738 0.14431486880466463
5 0.9769952623906707 0.2623906705539359 0.045098396501457784 0.16034985422740525
5 0.7543731778425657 0.8848396501457725 0.10659620991253646 0.15451895043731795
5 0.034438775510204085 0.8768221574344024 0.06887755102040817 0.14139941690962105
73 0.03033892128279883 0.26530612244897955 0.06067784256559766 0.14868804664723034
32 0.7510932944606413 0.2689504373177843 0.12627551020408162 0.1501457725947522
10 0.7502733236151604 0.5787172011661808 0.12791545189504375 0.1457725947521866
10 0.7543731778425656 0.10932944606413994 0.07379737609329454 0.1457725947521866
10 0.1221756559766764 0.11151603498542274 0.07051749271137028 0.14723032069970846
10 0.2529610058309038 0.5728862973760933 0.1238155976676385 0.13994169096209924
10 0.03443877551020409 0.5721574344023322 0.06887755102040818 0.13848396501457727
10 0.9702532798833821 0.577259475218659 0.05949344023323604 0.15160349854227406
10 0.9739431486880467 0.8965014577259476 0.05211370262390659 0.1486880466472303
86 0.8773688046647231 0.577259475218659 0.12627551020408162 0.14868804664723037
86 0.6227678571428571 0.26822157434402333 0.12217565597667622 0.15451895043731775
86 0.25255102040816335 0.42711370262390674 0.11971574344023328 0.14577259475218654
44 0.12914540816326534 0.5721574344023324 0.11889577259475219 0.14723032069970857
44 0.031568877551020405 0.41982507288629733 0.06313775510204081 0.14577259475218654
44 0.8781887755102042 0.89067055393586 0.13611516034985427 0.15743440233236158
44 0.7527332361516037 0.7325072886297376 0.11315597667638472 0.13556851311953352
44 0.8822886297376092 0.26239067055393595 0.131195335276968 0.14577259475218665
32 0.7494533527696794 0.42419825072886297 0.1246355685131195 0.14285714285714285
32 0.12791545189504372 0.2667638483965014 0.12299562682215738 0.14868804664723034
16 0.034438775510204085 0.7237609329446064 0.06723760932944607 0.14431486880466465
44 0.9739431486880467 0.42055393586005835 0.05211370262390659 0.14431486880466474
73 0.971893221574344 0.7376093294460643 0.05621355685131192 0.1603498542274052
11 0.4407343294460642 0.11953352769679303 0.3845663265306123 0.13411078717201166
