81 0.279610058309038 0.5728862973760932 0.11479591836734696 0.13702623906705536
81 0.7346938775510204 0.5714285714285715 0.10987609329446073 0.13411078717201164
81 0.9546738338192421 0.575072886297376 0.09065233236151599 0.13848396501457721
81 0.953853862973761 0.8549562682215744 0.09229227405247813 0.1413994169096209
81 0.7363338192419826 0.28717201166180756 0.11971574344023324 0.10495626822157433
81 0.9575437317784258 0.2908163265306123 0.08491253644314853 0.10641399416909625
81 0.7420736151603501 0.03644314868804664 0.11315597667638486 0.07288629737609328
81 0.5120717930029156 0.03790087463556851 0.1090561224489796 0.07580174927113702
81 0.04755830903790088 0.5685131195335277 0.09511661807580175 0.13411078717201164
81 0.04714832361516035 0.857871720116618 0.0942966472303207 0.13848396501457727
81 0.2755102040816327 0.8542274052478129 0.116435860058309 0.13119533527696783
5 0.15825437317784258 0.42565597667638483 0.12299562682215746 0.1370262390670554
5 0.8519497084548106 0.43075801749271136 0.11643586005830912 0.13556851311953352
5 0.6248177842565599 0.14868804664723034 0.11151603498542272 0.1370262390670554
73 0.39440597667638483 0.14431486880466474 0.11315597667638493 0.1457725947521866
73 0.6223578717201167 0.4314868804664724 0.10659620991253632 0.13119533527696794
73 0.8494897959183675 0.8527696793002915 0.11971574344023324 0.13994169096209916
10 0.1586643586005831 0.7128279883381924 0.11889577259475223 0.13411078717201164
10 0.3939959912536443 0.4314868804664723 0.11561588921282798 0.1370262390670554
10 0.15620444606413997 0.13338192419825073 0.1254555393586006 0.141399416909621
10 0.03525874635568514 0.2784256559766763 0.06559766763848399 0.1341107871720116
10 0.8580994897959183 0.14285714285714285 0.11889577259475217 0.13119533527696794
10 0.6239978134110788 0.2915451895043732 0.09347667638483963 0.1282798833819242
10 0.8507197521865889 0.7106413994169098 0.11561588921282812 0.13265306122448992
10 0.849899781341108 0.9628279883381924 0.11561588921282791 0.07434402332361514
10 0.15579446064139943 0.9672011661807579 0.11971574344023325 0.06559766763848401
71 0.7383837463556853 0.1508746355685131 0.11397594752186592 0.13556851311953352
71 0.16112427113702626 0.5728862973760933 0.11889577259475219 0.1370262390670554
71 0.2792000728862974 0.14431486880466474 0.11397594752186588 0.13994169096209913
8 0.8503097667638485 0.5706997084548106 0.113155976676385 0.13556851311953358
8 0.9604136297376092 0.14431486880466474 0.07917274052478135 0.13411078717201166
8 0.0463283527696793 0.13119533527696794 0.0926567055393586 0.14285714285714288
8 0.15825437317784252 0.8593294460641396 0.11807580174927117 0.13556851311953405
8 0.9546738338192421 0.9657434402332362 0.09065233236151599 0.06851311953352762
28 0.9575437317784258 0.43367346938775514 0.08491253644314853 0.14139941690962105
28 0.860969387755102 0.03717201166180758 0.12135568513119553 0.07434402332361516
28 0.3935860058309038 0.03425655976676384 0.11643586005830904 0.06851311953352768
28 0.0479682944606414 0.42784256559766765 0.0959365889212828 0.13848396501457727
28 0.27838010204081637 0.7142857142857143 0.11725583090379012 0.1399416909620993
28 0.7346938775510204 0.7099125364431487 0.10495626822157433 0.13411078717201164
69 0.735103862973761 0.4329446064139942 0.11397594752186592 0.1311953352769679
69 0.9550838192419826 0.7164723032069972 0.08983236151603492 0.13556851311953366
69 0.28002004373177847 0.43075801749271136 0.11397594752186592 0.13848396501457727
69 0.049198250728862976 0.7135568513119533 0.09839650145772595 0.13848396501457727
8 0.3935860058309038 0.5692419825072886 0.10987609329446066 0.1268221574344024
11 0.322658527696793 0.29008746355685133 0.32716836734693877 0.13411078717201175
69 0.6239978134110787 0.03717201166180758 0.11151603498542263 0.07434402332361516
81 0.2755102040816327 0.03279883381924198 0.11479591836734696 0.06559766763848396
