81 0.18818330903790093 0.5422740524781342 0.09101676384839653 0.11953352769679298
81 0.18900327988338197 0.7857142857142856 0.09101676384839656 0.1166180758017493
81 0.781842201166181 0.5670553935860059 0.10413629737609327 0.1253644314868805
81 0.7810222303206998 0.8243440233236151 0.10413629737609327 0.13265306122448975
81 0.9776330174927114 0.8462099125364432 0.04473396501457714 0.13556851311953366
81 0.9780430029154519 0.5721574344023324 0.04391399416909607 0.12099125364431494
81 0.7912718658892129 0.053935860058309026 0.10987609329446073 0.10787172011661805
81 0.577259475218659 0.05685131195335277 0.09839650145772588 0.11370262390670555
81 0.3780065597667639 0.05830903790087463 0.09183673469387756 0.11661807580174927
81 0.18408345481049565 0.05685131195335276 0.0942966472303207 0.11370262390670552
81 0.016399416909620997 0.052478134110787174 0.03279883381924199 0.10495626822157435
81 0.1844934402332362 0.2973760932944607 0.08855685131195339 0.09037900874635568
81 0.016399416909620993 0.2893586005830904 0.032798833819241986 0.0889212827988339
81 0.9772230320699709 0.293002915451895 0.0455539358600582 0.09037900874635564
81 0.01967930029154519 0.5386297376093294 0.03935860058309038 0.11224489795918359
81 0.02049927113702624 0.7755102040816325 0.04099854227405248 0.11078717201166186
5 0.09101676384839649 0.7813411078717201 0.09675655976676385 0.11370262390670562
5 0.9040178571428571 0.16763848396501452 0.11889577259475273 0.13702623906705544
5 0.28002004373177847 0.18075801749271136 0.09757653061224492 0.12536443148688048
5 0.893768221574344 0.9504373177842562 0.1115160349854227 0.09912536443148649
73 0.08978680758017493 0.8950437317784257 0.099216472303207 0.12244897959183679
73 0.8970481049562683 0.4409620991253644 0.11643586005830912 0.12973760932944609
73 0.6789358600583093 0.17857142857142855 0.10167638483965039 0.12973760932944603
73 0.08609693877551022 0.17565597667638486 0.09839650145772597 0.12099125364431484
73 0.28247995626822164 0.42565597667638483 0.09593658892128282 0.11661807580174922
73 0.03730867346938776 0.11151603498542276 0.004099854227405251 0.0014577259475218617
60 0.6777059037900873 0.4395043731778425 0.1024963556851311 0.12099125364431491
10 0.899098032069971 0.30612244897959184 0.07297740524781346 0.1253644314868805
10 0.8925382653061226 0.7033527696793003 0.11397594752186578 0.1268221574344023
10 0.09142674927113703 0.6588921282798833 0.09757653061224492 0.1137026239067054
10 0.09101676384839649 0.4190962099125365 0.10003644314868804 0.11807580174927118
36 0.7871720116618076 0.17419825072886294 0.10823615160349903 0.1268221574344023
36 0.02049927113702624 0.6574344023323616 0.04099854227405248 0.11370262390670562
36 0.18736333819241985 0.9001457725947521 0.09921647230320702 0.11224489795918373
80 0.8929482507288631 0.8345481049562682 0.11643586005830868 0.12682215743440203
80 0.9764030612244897 0.706268221574344 0.047193877551020336 0.13265306122448983
80 0.18736333819241985 0.4227405247813411 0.0910167638483965 0.11370262390670546
24 0.7806122448979593 0.6960641399416909 0.10331632653061221 0.1326530612244896
24 0.28165998542274057 0.5495626822157434 0.09429664723032069 0.11953352769679305
24 0.019679300291545195 0.41982507288629733 0.03935860058309039 0.1166180758017493
59 0.9081177113702621 0.048104956268221546 0.13201530612244927 0.09620991253644309
59 0.2787900874635569 0.0575801749271137 0.10003644314868804 0.1151603498542274
59 0.18859329446064144 0.661807580174927 0.0951166180758018 0.11661807580174915
55 0.5731596209912537 0.43367346938775514 0.10167638483965014 0.11807580174927118
55 0.8958181486880467 0.5685131195335277 0.11561588921282805 0.12536443148688042
55 0.18490342565597673 0.1793002915451895 0.09429664723032072 0.119533527696793
78 0.784302113702624 0.4387755102040816 0.10577623906705554 0.12244897959183675
60 0.674836005830904 0.5634110787172012 0.10167638483965029 0.12390670553935862
68 0.5719296647230321 0.1814868804664723 0.10413629737609334 0.12099125364431487
27 0.6813957725947526 0.053935860058308915 0.10331632653061282 0.10787172011661783
27 0.7789723032069972 0.9416909620991254 0.1082361516034986 0.1078717201166181
27 0.09142674927113703 0.5379008746355685 0.09593658892128282 0.11370262390670546
36 0.08404701166180759 0.0553935860058309 0.10249635568513121 0.10787172011661808
60 0.017629373177842557 0.17274052478134105 0.035258746355685114 0.12099125364431491
11 0.6198979591836735 0.303935860058309 0.33782798833819233 0.11516034985422738
