81 0.08035714285714286 0.8301749271137027 0.11479591836734696 0.12973760932944614
81 0.08117711370262391 0.55466472303207 0.11643586005830904 0.12973760932944614
81 0.30871902332361517 0.5597667638483965 0.11069606413994172 0.12244897959183675
81 0.7519132653061226 0.5699708454810496 0.10987609329446045 0.1311953352769679
81 0.7564231049562683 0.2922740524781341 0.11397594752186592 0.10641399416909618
81 0.9669733965014576 0.2827988338192417 0.06605320699708446 0.09912536443148676
81 0.9653334548104957 0.577259475218659 0.0693330903790087 0.13702623906705555
81 0.9641034985422741 0.8556851311953352 0.07179300291545175 0.13994169096209916
81 0.7621629008746357 0.04227405247813411 0.11561588921282805 0.08454810495626822
81 0.5329810495626823 0.042274052478134115 0.11151603498542279 0.08454810495626823
81 0.30871902332361517 0.037900874635568516 0.1074161807580175 0.07580174927113703
5 0.19556304664723034 0.4198250728862974 0.11397594752186588 0.13411078717201164
5 0.8691690962099127 0.43075801749271136 0.11479591836734698 0.12973760932944609
5 0.643677113702624 0.15670553935860057 0.11151603498542279 0.1326530612244898
73 0.421875 0.15306122448979592 0.11069606413994172 0.13411078717201166
73 0.6408072157434404 0.4293002915451895 0.11233600583090393 0.12973760932944609
73 0.8675291545189505 0.8498542274052483 0.11971574344023325 0.1341107871720117
81 0.7502733236151604 0.8447521865889215 0.10659620991253631 0.12973760932944614
10 0.8667091836734696 0.7120991253644314 0.11807580174927111 0.13848396501457713
10 0.19597303206997085 0.6916909620991254 0.10987609329446066 0.12973760932944609
10 0.08322704081632654 0.2740524781341108 0.07133746355685133 0.12827988338192423
10 0.19433309037900875 0.14504373177842567 0.11479591836734693 0.1326530612244898
10 0.4190051020408164 0.42711370262390674 0.10987609329446066 0.13411078717201172
10 0.8777787900874636 0.15160349854227403 0.11889577259475209 0.13411078717201164
80 0.1963830174927114 0.5561224489795918 0.10905612244897961 0.12973760932944609
80 0.7502733236151604 0.706268221574344 0.10987609329446073 0.129737609329446
80 0.9638757288629739 0.9650145772594751 0.06641763848396508 0.06997084548104965
10 0.6416271865889214 0.2951895043731778 0.07133746355685126 0.12973760932944603
10 0.8671191690962098 0.9606413994169091 0.12053571428571427 0.07871720116618047
60 0.8794187317784258 0.037900874635568516 0.11725583090379016 0.07580174927113703
60 0.08035714285714286 0.4154518950437318 0.11807580174927114 0.13411078717201172
60 0.9645134839650146 0.717930029154519 0.07097303206997069 0.14139941690962105
68 0.30789905247813415 0.14868804664723034 0.1106960641399417 0.1399416909620991
68 0.7531432215743442 0.4314868804664724 0.11069606413994179 0.13119533527696794
68 0.19597303206997085 0.8294460641399417 0.10987609329446066 0.13411078717201164
37 0.9702532798833821 0.1465014577259475 0.05949344023323604 0.14431486880466474
37 0.08281705539358601 0.6895043731778426 0.11971574344023324 0.12827988338192411
37 0.19310313411078725 0.03498542274052478 0.1139759475218659 0.06997084548104957
27 0.41941508746355693 0.03935860058309039 0.1090561224489796 0.07871720116618078
55 0.31076895043731784 0.4249271137026239 0.11151603498542276 0.12390670553935862
55 0.6371173469387756 0.5641399416909622 0.10987609329446059 0.13119533527696803
78 0.867939139941691 0.5714285714285714 0.11889577259475204 0.1311953352769679
59 0.07625728862973762 0.9497084548104955 0.11971574344023325 0.09766763848396487
59 0.7588830174927117 0.151603498542274 0.11561588921282791 0.1341107871720116
24 0.645317055393586 0.04081632653061225 0.11315597667638472 0.0816326530612245
78 0.07461734693877553 0.1326530612244898 0.11971574344023325 0.14868804664723032
11 0.3624271137026238 0.28571428571428575 0.3279883381924198 0.1282798833819242
36 0.9657434402332362 0.43075801749271136 0.06851311953352762 0.13265306122448983
