81 0.23656158892128282 0.7565597667638484 0.1205357142857143 0.1486880466472303
81 0.02787900874635569 0.47011661807580174 0.05575801749271138 0.12099125364431487
81 0.02500911078717201 0.7616618075801749 0.05001822157434402 0.14139941690962105
81 0.9415543002915453 0.45991253644314867 0.11689139941690954 0.09766763848396494
81 0.9411443148688048 0.7623906705539357 0.1177113702623906 0.1370262390670554
81 0.9431942419825075 0.1800291545189504 0.11361151603498527 0.141399416909621
81 0.7059948979591837 0.18658892128279883 0.11807580174927125 0.13411078717201166
81 0.23533163265306128 0.17930029154518956 0.12135568513119538 0.14577259475218662
81 0.02131924198250729 0.16836734693877553 0.04263848396501458 0.14431486880466474
62 0.8228407434402334 0.18294460641399418 0.11397594752186592 0.13848396501457727
62 0.3570973032069971 0.18513119533527697 0.11397594752186592 0.1370262390670554
62 0.2406614431486881 0.6137026239067055 0.1205357142857143 0.1428571428571429
62 0.7051749271137027 0.6188046647230321 0.11971574344023324 0.13265306122448983
62 0.940506559766764 0.9059766763848396 0.11807580174927125 0.1413994169096209
5 0.3599672011661808 0.6122448979591837 0.11315597667638486 0.1311953352769679
5 0.11274599125364432 0.32288629737609326 0.1270954810495627 0.14723032069970848
5 0.8220207725947524 0.3309037900874635 0.11889577259475217 0.14577259475218654
73 0.11766581632653061 0.6166180758017493 0.13037536443148687 0.1428571428571429
73 0.8203808309037902 0.619533527696793 0.11397594752186592 0.13702623906705555
10 0.11110604956268222 0.9067055393586005 0.12545553935860057 0.13994169096209902
10 0.23820153061224492 0.46938775510204084 0.07789723032069971 0.13702623906705533
10 0.8199708454810497 0.4774052478134111 0.06887755102040813 0.13556851311953352
10 0.8265306122448982 0.9023323615160349 0.10823615160349812 0.13411078717201141
10 0.35873724489795916 0.3287172011661808 0.1205357142857143 0.14723032069970843
87 0.23533163265306123 0.3221574344023324 0.11971574344023328 0.1457725947521866
87 0.7035349854227405 0.3309037900874635 0.11807580174927111 0.1341107871720116
87 0.11438593294460642 0.7565597667638484 0.12381559766763849 0.13702623906705524
82 0.8207908163265307 0.7580174927113703 0.11315597667638486 0.13411078717201164
82 0.9417365160349854 0.32580174927113703 0.11397594752186578 0.13265306122448986
82 0.02377915451895044 0.3170553935860058 0.04755830903790088 0.13556851311953352
17 0.940506559766764 0.6158892128279884 0.11807580174927125 0.13848396501457727
17 0.5961188046647231 0.1858600583090379 0.09839650145772595 0.13848396501457727
17 0.02377915451895044 0.6129737609329446 0.04755830903790088 0.13848396501457721
17 0.23164176384839652 0.9023323615160349 0.11069606413994172 0.13994169096209902
11 0.5456905976676386 0.4839650145772595 0.35668731778425666 0.13119533527696794
