81 0.6107413286646282 0.441166346940459 0.05831937287545394 0.06829640844673981
81 0.8373074637641102 0.4473377091495018 0.05415370338435025 0.06582786356312262
81 0.9523262269351445 0.4469262850022323 0.05646796421274132 0.06665071185766167
81 0.9474662791955226 0.7188776463473822 0.057856520709774845 0.06418216697404452
81 0.6100470504161108 0.7180547980528439 0.05693081637841921 0.06582786356312269
5 0.5521905297063351 0.5115198761235464 0.06063363370384515 0.06418216697404454
5 0.8916925932312995 0.515222693448972 0.056467964212741036 0.06500501526858365
5 0.9893544001894007 0.6579868725514945 0.021291199621197583 0.0691192567412788
73 0.5514962514578179 0.6518155103424516 0.060170781538166906 0.06665071185766167
73 0.8916925932312993 0.6526383586369907 0.05369085121867187 0.06500501526858365
81 0.50960813046394 0.5806391328648253 0.019902643124163007 0.057599380617732406
81 0.5098395565467791 0.44034349864592004 0.020365495289841107 0.06665071185766173
10 0.8919240193141386 0.5851647984847899 0.03286250376315266 0.06500501526858372
10 0.612592737327341 0.5847533743375205 0.0333253559288309 0.059245077206810354
10 0.6681349972087258 0.514399845154433 0.05646796421274118 0.06829640844673975
71 0.9502433921895925 0.516045541743511 0.05693081637841956 0.06500501526858357
81 0.951169096520949 0.5835191018957119 0.05785652070977577 0.05513083573411514
71 0.6695235537057604 0.44528058841315415 0.04998803389324635 0.06500501526858365
49 0.9893544001894011 0.7217576153782695 0.02129119962119759 0.05183944255595904
49 0.8928497236454951 0.4481605574440408 0.05693081637841942 0.06582786356312269
49 0.6109727547474674 0.512754148565355 0.056930816378419354 0.06829640844673988
50 0.5524219557891742 0.7184662222001132 0.06109648586952332 0.06006792550134947
1 0.7792195169714953 0.44733770914950177 0.0555422598813847 0.06253647038496651
1 0.6109727547474673 0.6493469654588345 0.055079407715706526 0.06335931867950563
1 0.8889154802372302 0.7205233429364608 0.05831937287545401 0.06253647038496651
19 0.551959103623496 0.44034349864592004 0.06109648586952332 0.06829640844673981
19 0.8354560551013972 0.5152226934489721 0.05415370338435011 0.06171362209042755
19 0.948854835692558 0.6542840552260687 0.05785652070977577 0.06665071185766153
81 0.5107652608781357 0.7184662222001134 0.017588382295771934 0.06006792550134946
10 0.6959061271494181 0.3440702481848531 0.0731306421771565 0.07487919480305201
