81 0.2521410349854228 0.38411078717201164 0.10741618075801757 0.13265306122448975
81 0.6805758017492712 0.3921282798833819 0.10167638483965007 0.12244897959183675
81 0.8995080174927114 0.3935860058309038 0.10987609329446073 0.12244897959183675
81 0.0446884110787172 0.38265306122448983 0.07953717201166181 0.12390670553935862
81 0.041408527696793006 0.6516034985422741 0.08281705539358601 0.07871720116618071
81 0.8974580903790088 0.6567055393586005 0.12217565597667629 0.1093294460641399
81 0.8929482507288631 0.9205539358600582 0.11151603498542272 0.12390670553935845
81 0.2517310495626823 0.911807580174927 0.1082361516034986 0.13265306122448992
81 0.040588556851311956 0.9132653061224489 0.08117711370262391 0.12682215743440226
5 0.1422649416909621 0.5145772594752187 0.11069606413994171 0.1253644314868806
5 0.7847120991253645 0.5225947521865889 0.1016763848396502 0.11807580174927111
5 0.9751731049562682 0.7944606413994169 0.04965379008746353 0.12827988338192411
73 0.14308491253644318 0.782069970845481 0.1123360058309038 0.12390670553935862
73 0.7847120991253643 0.7864431486880465 0.10659620991253646 0.1268221574344024
10 0.7884019679300291 0.661807580174927 0.07297740524781332 0.1282798833819242
10 0.9772230320699709 0.5284256559766763 0.0455539358600582 0.12099125364431487
10 0.255420918367347 0.6486880466472303 0.07789723032069971 0.13411078717201158
10 0.36078717201166194 0.5189504373177843 0.10495626822157442 0.12536443148688048
71 0.8982780612244899 0.5262390670553936 0.11069606413994165 0.12536443148688042
71 0.362427113702624 0.39067055393586003 0.10659620991253639 0.12536443148688042
71 0.04263848396501458 0.7813411078717201 0.08363702623906706 0.13119533527696803
49 0.25255102040816335 0.5167638483965015 0.1065962099125365 0.12390670553935862
49 0.7888119533527697 0.3928571428571429 0.10495626822157433 0.12973760932944609
49 0.9747631195335277 0.9256559766763849 0.0504737609329446 0.1253644314868805
50 0.1439048833819242 0.913265306122449 0.10905612244897958 0.12390670553935862
50 0.9809129008746357 0.3965014577259475 0.03817419825072875 0.1282798833819242
1 0.7814322157434404 0.9190962099125364 0.1082361516034986 0.12099125364431487
1 0.2529610058309038 0.7791545189504373 0.1074161807580175 0.1268221574344024
1 0.578899416909621 0.39504373177842567 0.0934766763848397 0.12827988338192425
1 0.042228498542274055 0.5174927113702624 0.08445699708454811 0.1253644314868805
19 0.140625 0.3826530612244898 0.11233600583090379 0.1268221574344023
19 0.6768859329446064 0.5225947521865889 0.10413629737609327 0.129737609329446
19 0.8941782069970846 0.7893586005830904 0.11233600583090379 0.12099125364431487
10 0.4198250728862974 0.14212827988338192 0.1443148688046648 0.28134110787172006
