81 0.5575596148282023 0.36907249361442157 0.06608603221553437 0.0766647756022018
81 0.6863713725364472 0.37205943292359833 0.060485521010828054 0.07069089698384837
81 0.9414746579108185 0.368076847178029 0.06552598109506483 0.0746734827294167
81 0.9411946323505839 0.6851902371689549 0.06608603221553451 0.077660422038594
81 0.5561594870270254 0.6841945907325625 0.06664608333600487 0.07566912916580978
5 0.6230855959232661 0.44822638530760395 0.06160562325176919 0.06969525054745616
5 0.9868387986689402 0.44623509243481946 0.026322402662119656 0.07367783629302509
73 0.6236456470437366 0.604045052602988 0.061605623251769256 0.07268218985663281
73 0.9876788753496462 0.6045428758211843 0.024642249300707846 0.07766042203859407
73 0.874828574574814 0.4492220317439961 0.06664608333600498 0.07566912916580953
71 0.623925672603972 0.3715616097054022 0.0644058788541225 0.07566912916580947
73 0.512755525190552 0.4467329156530156 0.022402044818825288 0.07865606847498625
81 0.5581196659486729 0.521904221600629 0.06720613445647565 0.051773614692396136
21 0.9400745301096426 0.6055385222575764 0.06720613445647558 0.07367783629302509
10 0.989359028711058 0.5248911609098057 0.021281942577884082 0.06372137192910281
10 0.6869314236569178 0.5268824537825902 0.03920357843294397 0.06571266480188726
10 0.6230855959232661 0.7374616750795471 0.06384582773365181 0.02688245378259026
49 0.5569995637077316 0.6050406990393803 0.06608603221553416 0.07666477560220188
75 0.5589597426293789 0.44772856208940787 0.06104557213129858 0.07467348272941735
49 0.9414746579108191 0.4467329156530156 0.0610455721312988 0.07467348272941735
21 0.8765087279362259 0.37405072579638277 0.06552598109506377 0.07268218985663281
21 0.6866513980966826 0.4492220317439962 0.06104557213129866 0.07367783629302509
10 0.7502172002700987 0.4487242085257996 0.06160562325176892 0.07268218985663279
79 0.6228055703630307 0.681207651423386 0.06440587885412256 0.07566912916580947
75 0.9885189520303521 0.6831989442961706 0.022962095939295893 0.07367783629302509
11 0.8485061719126944 0.5248911609098057 0.17417589846636575 0.06571266480188719
