81 0.5570504774459564 0.3745156350827973 0.06572500752630539 0.07817058798120811
81 0.6871119360015322 0.3802755731445704 0.06294789453223601 0.0765248913921301
81 0.9412177749588669 0.3749270592300665 0.06479930319494935 0.07570204309759078
81 0.8141648554801998 0.38027557314457056 0.055079407715706595 0.07487919480305216
81 0.9409863488760284 0.6904893801857861 0.06803926835469638 0.08475337433752045
81 0.5558933470317605 0.6909008043330558 0.06433645102927037 0.07405634650851363
81 0.5591333121915079 0.5304453868979431 0.06433645102927008 0.05759938061773223
5 0.623701189303618 0.45392049550581404 0.062022190200879596 0.07241064991943488
73 0.6243954675521353 0.6106730956154999 0.062485042366557976 0.07817058798120825
73 0.8752613413497231 0.45556619209489196 0.06155933803520156 0.07405634650851305
73 0.9872715654438491 0.6086159748791523 0.025456869112301633 0.07899343627574723
73 0.5135423738722049 0.45474334380035303 0.02406831261526662 0.07570204309759106
49 0.9409863488760286 0.45268622306400547 0.0634107466979144 0.07323349821397407
49 0.5568190513631172 0.6114959439100389 0.06433645102927081 0.07652489139213017
5 0.9875029915266883 0.45227479891673594 0.024994016946623388 0.07570204309759113
10 0.9932886435976659 0.5320910834870222 0.013422712804668321 0.07241064991943497
10 0.6866490838358541 0.5325025076342916 0.045359512236464214 0.06994210503581776
71 0.6230069110551006 0.37821845240822294 0.06433645102927081 0.07570204309759106
49 0.511690965209492 0.3757499075246058 0.02129119962119752 0.07734773968666914
75 0.5584390339429909 0.4563890403894311 0.06294789453223615 0.0757020430975912
21 0.9407549227931892 0.6110845197627695 0.06757641618901815 0.08063913286482531
21 0.6861862316701758 0.4543319196530835 0.05924507720681049 0.07158780162489599
21 0.8761870456810794 0.378218452408223 0.06433645102927059 0.07405634650851305
79 0.9884286958580446 0.37245851434644967 0.02314260828391056 0.07405634650851298
79 0.8139334293973609 0.4563890403894311 0.0573936685440978 0.07405634650851312
79 0.6230069110551006 0.6871979870076299 0.06433645102927081 0.07158780162489578
10 0.6218497806409051 0.7398602778581281 0.062022190200879734 0.02057120736347585
11 0.8488787679060654 0.5316796593397527 0.19023224009374273 0.06665071185766173
75 0.9886601219408838 0.691312228480325 0.02267975611823232 0.073233498213974
