10 0.39727587463556857 0.10932944606413994 0.1270954810495627 0.21282798833819241
10 0.9339467930029156 0.46574344023323616 0.09839650145772595 0.11224489795918366
10 0.7260841836734694 0.5867346938775511 0.06149781341107882 0.11224489795918373
81 0.9236971574344025 0.9416909620991255 0.09921647230320749 0.10495626822157453
81 0.2517310495626823 0.3403790087463557 0.09347667638483965 0.1122448979591837
81 0.0561680029154519 0.3396501457725947 0.10085641399416911 0.1078717201166181
81 0.6321975218658893 0.34548104956268216 0.09347667638483963 0.10787172011661805
81 0.8330903790087464 0.3469387755102039 0.10331632653061237 0.11078717201166173
81 0.8248906705539361 0.5823615160349854 0.10003644314868794 0.08309037900874629
81 0.06313775510204082 0.5670553935860059 0.10331632653061225 0.08746355685131192
81 0.06190779883381925 0.7966472303206997 0.09921647230320702 0.10641399416909621
81 0.8216107871720117 0.8199708454810495 0.1016763848396502 0.10349854227405246
19 0.15415451895043733 0.3396501457725947 0.09511661807580171 0.11078717201166181
19 0.8240706997084548 0.7040816326530611 0.10003644314868808 0.11078717201166186
19 0.06518768221574345 0.9161807580174927 0.0926567055393586 0.10349854227405246
71 0.8302204810495627 0.46501457725947526 0.10249635568513113 0.11078717201166186
71 0.060677842565597676 0.6858600583090378 0.09839650145772597 0.11224489795918359
5 0.7293640670553937 0.46501457725947526 0.09593658892128275 0.11078717201166186
5 0.9298469387755103 0.7084548104956268 0.10495626822157433 0.11661807580174922
5 0.15784438775510204 0.45553935860058303 0.0893768221574344 0.10641399416909614
49 0.9245171282798834 0.8250728862973762 0.10577623906705554 0.1078717201166181
49 0.2529610058309038 0.4606413994169097 0.09101676384839649 0.1078717201166181
1 0.05657798833819243 0.4555393586005831 0.10003644314868806 0.10932944606413997
1 0.5403607871720116 0.3425655976676385 0.08855685131195337 0.10495626822157433
49 0.7305940233236151 0.34329446064139946 0.0934766763848397 0.11516034985422742
50 0.9421465014577259 0.3440233236151603 0.1082361516034986 0.11953352769679296
50 0.8195608600583091 0.9409620991253643 0.09593658892128275 0.11224489795918359
73 0.16276421282798836 0.6887755102040817 0.09593658892128282 0.11516034985422749
81 0.16112427113702626 0.9169096209912537 0.09593658892128282 0.11370262390670546
