81 0.5672332250908768 0.6682724762332323 0.06572500752630525 0.0748791948030521
81 0.569778912002107 0.5115198761235463 0.06989067701740914 0.0608907737958885
81 0.5686217815879114 0.3568243967502081 0.06387359886359256 0.07734773968666914
81 0.8224961944624068 0.3588815174865555 0.06341074669791431 0.07652489139212983
81 0.9534833573493401 0.3564129726029385 0.06433645102927059 0.0765248913921301
81 0.6970632575636136 0.3605272140756337 0.06618785969198356 0.07981628457028628
81 0.9525576530179837 0.672798141853197 0.06618785969198342 0.07899343627574716
5 0.6331896587000212 0.4349949847314163 0.06248504236655784 0.07570204309759113
73 0.6338839369485385 0.5905133123992936 0.062022190200879804 0.0757020430975912
73 0.8870640715745168 0.43746352961503276 0.0657250075263061 0.07405634650851295
73 0.520485156357378 0.43540640887868576 0.03332535592883083 0.0748791948030521
10 0.695674701066579 0.5139884210071635 0.031936799431796316 0.0674735601522007
11 0.6301811196231116 0.7312203707654652 0.06202219020088093 0.04278811131603007
10 0.8912297410656204 0.5933932814301792 0.05276514688731682 0.07817058798120805
10 0.5186337476946652 0.5942161297247192 0.03425106026018718 0.0798162845702862
10 0.5179394694461478 0.733277491501816 0.029159686437727147 0.03702817325425642
71 0.5665389468423595 0.7336889156490856 0.06618785969198349 0.03785102154879539
71 0.6331896587000212 0.3584700933392861 0.06433645102927073 0.07405634650851305
49 0.5683903555050722 0.591747584841102 0.06341074669791424 0.07652489139213003
49 0.9537147834321792 0.43376071228960766 0.0647993031949487 0.07323349821397407
49 0.5179394694461478 0.35600154845566906 0.033788208094509074 0.07570204309759106
75 0.5695474859192678 0.43499498473141623 0.06294789453223601 0.06911925674127872
79 0.8222647683795685 0.4391092262041114 0.06202219020087952 0.07570204309759106
21 0.8868326454916782 0.3597043657810947 0.06341074669791424 0.08146198115936429
21 0.9530205051836618 0.5913361606938327 0.07081638134876571 0.07899343627574723
79 0.6327268065343429 0.6695067486750409 0.06155933803520149 0.07241064991943497
11 0.8722528022728139 0.5143998451544322 0.16199825798737386 0.06171362209042754
