1 0.5427020603099318 0.3742912219115591 0.0453595122364642 0.052288268898434645
81 0.6306439717887911 0.3749270592300668 0.043508103573751386 0.05101659426142014
10 0.6943071833043482 0.28289725782513503 0.06353697910673574 0.06882003917962827
10 0.6339260144181458 0.48299900217894554 0.031137327509261185 0.0486228537682156
10 0.6743203852409709 0.4306359288900979 0.04207746960710963 0.05011894157646836
10 0.934359147412909 0.4347501703627931 0.042919018999251934 0.0478748098640893
10 0.843471813061552 0.4867392216995775 0.02777112994069242 0.051615029384721185
10 0.9257332661434513 0.6430803976619939 0.040815145518896256 0.05011894157646829
10 0.9219462938788117 0.7324716442050979 0.04249824430318057 0.035906107398067065
10 0.5941628056394272 0.6329818049562875 0.04165669491103863 0.0463787220558364
10 0.5169506489103809 0.6322337610521611 0.02945422872497673 0.05236307328884763
10 0.5135844513418121 0.5319958778992243 0.0227218335878392 0.0463787220558364
81 0.890598579021515 0.3805169873136295 0.04207746960710963 0.05460720500122676
81 0.8878635434970527 0.4852431338913247 0.04670599126389163 0.03964632691869881
81 0.9787508778484095 0.4856171558433878 0.04249824430318085 0.04787480986408916
81 0.9812755260248364 0.37976894340950307 0.037448947950327494 0.05460720500122676
81 0.8049709283710468 0.38089100926569275 0.038290497342469934 0.05236307328884756
81 0.9741223561916276 0.5929614560855255 0.043339793695322724 0.051615029384721185
81 0.9703353839269877 0.6939473831425887 0.04502289247960732 0.053111117192974004
81 0.8826038597961641 0.6898331416698934 0.04207746960710978 0.041890458631078216
81 0.8844973459284838 0.5914653682772727 0.044181343087465026 0.0486228537682156
81 0.6339260144181456 0.583610907283945 0.039552821430682936 0.049370897672341874
81 0.5514541739882106 0.5836109072839452 0.042077469607109494 0.0508669854805947
81 0.5520853360323172 0.6804825928683136 0.04165669491103863 0.04563067815170996
81 0.6353987258543947 0.6812306367724399 0.04081514551889633 0.04862285376821575
5 0.595635517075676 0.72686131492415 0.0403943708228254 0.0426385025352046
5 0.5175818109544875 0.6804825928683136 0.029875003421047878 0.04413459034345735
5 0.5874304105022895 0.4283917971777187 0.04249824430318085 0.04862285376821568
5 0.8453652991938719 0.4336281045066035 0.042498244303180714 0.05011894157646843
5 0.9299410131041622 0.5394763169404883 0.04165669491103856 0.04937089767234191
49 0.5945835803354983 0.6808566148203767 0.04081514551889647 0.041890458631078216
49 0.5150571627780605 0.5806187316674394 0.026508805852479236 0.04787480986408926
49 0.6320325282858258 0.43063592889009783 0.042498244303180784 0.04862285376821553
49 0.9286786890159492 0.592213412181399 0.04502289247960732 0.0456306781517101
49 0.8472587853261918 0.38089100926569275 0.042919018999251934 0.055355248905353205
71 0.9764366170200186 0.5402243608446147 0.04207746960710978 0.050866985480594734
71 0.674741159937042 0.38089100926569275 0.04207746960710963 0.055355248905353205
71 0.5482983637676776 0.5323698998512875 0.04165669491103863 0.0486228537682156
81 0.5482983637676776 0.48038084851450313 0.0467059912638917 0.041890458631078216
71 0.6345571764622524 0.6322337610521612 0.0408151455188964 0.04637872205583655
71 0.8899674169774081 0.4343761484107298 0.0450228924796076 0.05011894157646833
73 0.9242605547072026 0.6924512953343358 0.044602117783536246 0.04712676595996299
73 0.5912173827669294 0.5316218559471612 0.04165669491103849 0.0486228537682156
50 0.5929004815512139 0.5839849292360088 0.039973596126754246 0.0486228537682156
50 0.5539788221646375 0.7264872929720869 0.04123592021496755 0.040394370822825036
73 0.5175818109544875 0.7264872929720869 0.029033454028905722 0.04189045863107808
50 0.8836557965363417 0.6404622439975515 0.04165669491103856 0.04637872205583648
50 0.9684418977946677 0.7362118637257299 0.04460211778353653 0.023937404932044756
49 0.8811311483599151 0.7324716442050979 0.03829049734246979 0.03291393178156151
50 0.9375149576334421 0.38089100926569275 0.04249824430318057 0.05236307328884756
50 0.5110598031653854 0.3741586141285549 0.015147889058559582 0.05385916109710046
1 0.5464048776353575 0.42839179717771825 0.04376056839139409 0.04862285376821571
1 0.6337156270701102 0.5312478339950979 0.039132046734611944 0.04488263424758358
1 0.9791716525444807 0.43400212645866676 0.0416566949110387 0.049370897672342054
19 0.587220023154254 0.37565470193680794 0.04291901899925186 0.0523630732888477
19 0.8028670548906911 0.4347501703627931 0.0416566949110387 0.050866985480594804
19 0.885338895320626 0.5387282730363618 0.042498244303180714 0.050866985480594734
19 0.9697042218828811 0.6453245293743731 0.047968315352104864 0.04263850253520431
19 0.6360298878985013 0.7279833807803396 0.039552821430683095 0.04338654643933069
81 0.717239404240223 0.37864687755331344 0.04123592021496762 0.050866985480594804
11 0.7397508504800265 0.48486911193926147 0.1300193810859689 0.04637872205583633
73 0.5123221272535988 0.42689570936946597 0.02103873480355489 0.053111117192973935
