81 0.569778912002107 0.3617614865174423 0.06526215536062707 0.07734773968666914
81 0.5686217815879114 0.6740324142950055 0.06665071185766167 0.07652489139213017
81 0.5711674684991415 0.5181026624798587 0.06526215536062707 0.060890773795888364
81 0.9553347660120529 0.6789695040622397 0.06803926835469638 0.08146198115936429
81 0.9564918964262473 0.358058669192016 0.06757641618901977 0.07487919480305091
81 0.8238847509594422 0.36546430384286793 0.06063363370384508 0.06994210503581783
79 0.6350410673627339 0.44198919523499797 0.062485042366557844 0.07323349821397407
81 0.6968318314807747 0.3658757279901374 0.05924507720681049 0.07734773968666907
73 0.6378181803568033 0.5987417953446837 0.06896497268605264 0.07570204309759111
73 0.518402321611826 0.44075492279318934 0.0374910254199348 0.07241064991943497
10 0.6970632575636136 0.5205712073634757 0.03563961675722183 0.07076495333035687
10 0.8935440018940122 0.5970960987556058 0.048136625230533386 0.07405634650851298
10 0.518170895528987 0.598741795344684 0.03795387758561297 0.07570204309759113
10 0.5174766172804696 0.7336889156490853 0.031011095100439832 0.026331145425249076
10 0.6343467891142168 0.7345117639436245 0.06757641618901815 0.0362053249597173
73 0.8877583498230338 0.4424006193822672 0.06341074669791445 0.07734773968666939
49 0.9546404877635355 0.43869780205684195 0.06572500752630532 0.07487919480305201
49 0.5688532076707505 0.5975075229028753 0.06526215536062707 0.07652489139213003
49 0.5184023216118261 0.3613500623701727 0.033788208094509005 0.08146198115936429
71 0.6364296238597686 0.3658757279901374 0.05878222504113225 0.07570204309759113
21 0.95348335734934 0.5962732504610667 0.06989067701740936 0.07899343627574716
21 0.8893783324029084 0.3634071831065203 0.06387359886359263 0.0707649533303568
21 0.5179394694461478 0.6760895350313529 0.031936799431796246 0.0707649533303568
79 0.5707046163334527 0.4395206503513675 0.06248504236655092 0.07323349821396856
79 0.8227276205452466 0.4407549227931895 0.06387359886359249 0.07405634650851298
79 0.6378181803568033 0.6711524452641189 0.06989067701740921 0.07405634650851298
11 0.8694756892787454 0.517279814185319 0.16292396231872888 0.06253647038496646
