10 0.6929901585056458 0.28412574992768447 0.05702338681155533 0.07150551679544198
10 0.9333030029257705 0.43618811475849795 0.04378581487315841 0.05159258806759745
10 0.924647667427588 0.6457264329628629 0.044804089637650577 0.04706692244763275
10 0.9223565492074812 0.7371448784861496 0.041240127961928295 0.03077452621575987
10 0.513773799955044 0.6353174020369441 0.02647514387679344 0.049782321819611466
10 0.5137737999550441 0.5330373590257423 0.02240204481882522 0.04254125682766805
10 0.5909081133653171 0.6344122689129512 0.0402218531974362 0.04616178932363972
10 0.6326573787094913 0.48597043657810957 0.029020830788023703 0.047972055571625705
5 0.5942175063499163 0.729903813494206 0.039712715815190196 0.043446389951660794
5 0.5155557807929051 0.6832894576085699 0.02902083078802363 0.04435152307565403
5 0.9297390412500485 0.5425412568276681 0.04480408963765046 0.050687454943604465
5 0.587598720380718 0.43211501570052974 0.04174926534417423 0.048877188695618516
73 0.5901444072919482 0.5348476252737282 0.040730990579682214 0.04797205557162563
73 0.5112281130438139 0.43211501570052974 0.018328945760856925 0.05068745494360449
81 0.9231202552808502 0.6950561882204781 0.042767540108666256 0.04978232181961113
81 0.5412672185963295 0.37644932857496416 0.043785814873158344 0.05340285431558336
81 0.6296025544160152 0.3800698610709358 0.04327667749091219 0.049782321819611536
81 0.8897717567437351 0.3814275607569253 0.04327667749091219 0.0524977211915904
81 0.980143642092405 0.38414296012890403 0.03971271581519005 0.05430798743957631
81 0.9735248561232066 0.5968492442672443 0.04480408963765044 0.05430798743957624
81 0.9684334823007464 0.6977715875924568 0.04174926534417409 0.05340285431558328
81 0.8795890090988145 0.6905305226005134 0.04022185319743613 0.047972055571625705
81 0.6357122030029675 0.6841945907325627 0.04124012796192815 0.04797205557162584
81 0.551704534932373 0.6832894576085699 0.04327667749091226 0.04435152307565403
81 0.5499225540945121 0.5864402133413256 0.03971271581519012 0.04797205557162563
71 0.887226069832505 0.43437784851051203 0.044294952255404495 0.051592588067597374
71 0.6728792319069276 0.3796172945089394 0.04022185319743613 0.04706692244763282
71 0.5463585924187898 0.5339424921497352 0.042767540108666256 0.04616178932363965
71 0.9745431308876986 0.5434463899516611 0.04174926534417438 0.05068745494360449
49 0.6306208291805073 0.43392528194851565 0.04124012796192815 0.05068745494360449
49 0.8464950792528227 0.3814275607569253 0.03818530366845195 0.0524977211915904
49 0.5931992315854244 0.6846471572945592 0.03869444105069797 0.045256656199646986
49 0.5150466434106591 0.5850825136553361 0.021892907436579304 0.04706692244763282
49 0.8800981464810608 0.7357871788001602 0.038185303668452096 0.031679659339752676
49 0.9251568048098341 0.595491544581255 0.04378581487315841 0.0461617893236398
5 0.9091189772690842 0.5438989565136575 0.0035639616757221406 0.000905133123993025
81 0.9760705430344367 0.4900435356360778 0.04785891393112649 0.043446389951661
81 0.5468677298010358 0.48234990408213774 0.04785891393112649 0.03530019183572456
50 0.5527228096968652 0.7303563800562025 0.04124012796192808 0.040730990579682214
50 0.9676697762273773 0.7357871788001602 0.04327667749091233 0.02262832809982342
50 0.9368669646014928 0.3823326938809182 0.042767540108666256 0.05068745494360456
50 0.508936994823707 0.3773544616989573 0.015783258849626915 0.05521312056356973
50 0.5919263881298092 0.5850825136553361 0.04124012796192815 0.04706692244763282
19 0.550431691476758 0.6353174020369441 0.040730990579682144 0.04797205557162563
19 0.5870895829984719 0.37916472794694284 0.045822364402142386 0.05159258806759745
19 0.9702154631386075 0.6475366992108488 0.0473497765488807 0.04525665619964684
19 0.6369850464585827 0.7321666463041885 0.042767540108666395 0.040730990579682075
73 0.5160649181751511 0.7289986803702132 0.02902083078802356 0.039825857455689256
1 0.979634504710159 0.43618811475849795 0.040730990579682075 0.05159258806759745
1 0.5438129055075597 0.4321150157005298 0.04480408963765051 0.05249772119159033
