81 0.2619806851311954 0.34329446064139946 0.09265670553935859 0.11224489795918366
81 0.06805758017492712 0.3360058309037901 0.09839650145772597 0.11807580174927111
81 0.07133746355685132 0.565597667638484 0.11479591836734696 0.09037900874635561
81 0.644497084548105 0.34548104956268216 0.0934766763848397 0.10787172011661805
81 0.8457999271137027 0.34839650145772594 0.09757653061224487 0.1166180758017493
81 0.8384201895043732 0.5823615160349854 0.11069606413994165 0.10641399416909621
81 0.8367802478134113 0.8199708454810493 0.10249635568513116 0.11807580174927108
81 0.07584730320699709 0.7988338192419825 0.0910167638483965 0.11078717201166172
5 0.16932397959183676 0.45335276967930027 0.09429664723032072 0.1078717201166181
5 0.7404336734693879 0.4642857142857143 0.09511661807580182 0.1093294460641399
5 0.9400965743440234 0.7062682215743439 0.10577623906705554 0.11224489795918359
73 0.7355138483965016 0.7004373177842567 0.1016763848396502 0.11516034985422735
10 0.4108053935860059 0.1107871720116618 0.1295553935860059 0.21865889212827988
10 0.9466563411078718 0.46647230320699706 0.10249635568513113 0.11370262390670555
10 0.9372266763848398 0.9446064139941691 0.10167638483965007 0.11078717201166172
10 0.7342838921282799 0.9322157434402334 0.09757653061224487 0.11807580174927111
10 0.7400236880466474 0.5801749271137026 0.06313775510204081 0.11370262390670546
71 0.8433400145772597 0.4635568513119533 0.10905612244897939 0.11078717201166166
71 0.07461734693877552 0.6844023323615162 0.09347667638483965 0.10641399416909636
71 0.36324708454810506 0.34839650145772594 0.10167638483965014 0.1253644314868805
49 0.940506559766764 0.8316326530612244 0.10331632653061205 0.11807580174927111
49 0.7441235422740526 0.3447521865889213 0.09593658892128275 0.11224489795918363
49 0.26608053935860065 0.4606413994169096 0.09593658892128282 0.11661807580174922
1 0.07338739067055394 0.4555393586005831 0.10085641399416911 0.10932944606413997
1 0.5481505102040817 0.3462099125364431 0.08937682215743444 0.10932944606413994
19 0.16973396501457727 0.3403790087463557 0.09839650145772595 0.11516034985422738
19 0.6428571428571429 0.46501457725947515 0.09511661807580168 0.11370262390670555
19 0.8367802478134112 0.7040816326530611 0.09593658892128289 0.11370262390670562
1 0.7342838921282799 0.8126822157434402 0.10085641399416914 0.10641399416909621
19 0.07789723032069971 0.9147230320699709 0.09347667638483965 0.10932944606413983
50 0.834320335276968 0.9424198250728862 0.09757653061224487 0.10932944606413997
50 0.9513939504373178 0.34256559766763844 0.09721209912536438 0.11370262390670555
