81 0.9377398767759102 0.45278125205611763 0.061604848404753006 0.06874132420664723
81 0.6310262217814322 0.5791972015399988 0.051118911481864496 0.055924960664504614
81 0.9413444175931499 0.7195946385243979 0.057017251000990574 0.0570900846228752
81 0.9868927061019476 0.6619210025847457 0.024904069174639932 0.06524595233151732
73 0.8758072650868347 0.45632024459752896 0.05701724505248276 0.06291564258116494
47 0.819445363686411 0.45977073852320316 0.05177427276699948 0.06175037434439282
47 0.8800671865218583 0.6543464395721237 0.055051128055399155 0.06408062226114308
10 0.879411771275268 0.5873492458711072 0.05636186762139976 0.06291535402436824
10 0.9845988260329882 0.4498646187826462 0.026870170025773837 0.06757584985787204
81 0.9842712218712255 0.3799610046575664 0.024904069174639932 0.06524595233151732
5 0.668710130254828 0.46501373450230077 0.04259909113116464 0.05825516735885777
5 0.9387230060191978 0.3846201813743024 0.06357096497694191 0.06291566319236669
7 0.8758072325824924 0.3892821921309816 0.0570172386790827 0.06291551891396906
8 0.8204284211227179 0.3933599920125029 0.05242964467446712 0.05942016765003828
8 0.9406890102070915 0.6543477586888998 0.05570649996286867 0.06641091140029912
8 0.625783216991607 0.4644325534734854 0.04194370775157827 0.05708991973328487
71 0.6261110403983419 0.4085062427754081 0.04128834986559034 0.054759774872527166
71 0.8797396397207006 0.7184292157036264 0.05570651313456134 0.05942027070603477
10 0.936429053293473 0.5232674281603857 0.06160483608284462 0.06990609777463168
7 0.6310261425388212 0.6362884713068557 0.05242964127532048 0.05359452724695777
71 0.9852541603373953 0.5916723878920216 0.026870196794060563 0.06408068409474342
11 0.8217391976544424 0.5211850741617222 0.14156005668202426 0.06641089078909779
