81 0.9876556690424815 0.3673125850664264 0.022362535138882974 0.07471810259402498
49 0.9444903099665892 0.37097516779619283 0.06343987931028004 0.07471807765447105
81 0.880997306260266 0.37365668501978994 0.06121948514875954 0.07330830260438709
1 0.8203857709211662 0.3759055771898787 0.0594748818407088 0.07330847718124742
81 0.6427011128323449 0.3764762849990617 0.05725449024979203 0.07330830260438699
19 0.5836758163185033 0.376615726960295 0.06026788339110608 0.07189855249385399
81 0.5269232617825078 0.37647628499905944 0.05091049841144144 0.07330830260438646
1 0.527769147377395 0.4478053766613087 0.053130890002360154 0.07330847718124738
81 0.5285092597420924 0.5216856839315587 0.05566849229020509 0.07330830260438706
71 0.528958885427457 0.5928052269085381 0.05392389309511878 0.07048880238332114
81 0.5281127602521956 0.66548528287442 0.05487549331041183 0.07330830260438699
19 0.5289586255393095 0.724131424405538 0.05233789359316873 0.04511235269076961
50 0.5876408081327447 0.6642097000099713 0.05868188645976105 0.06907902733323673
73 0.5867420752530141 0.5911430080657709 0.05804748922958496 0.06936105716190838
10 0.644366450423041 0.521735152714012 0.06058508329149616 0.07208649756098054
49 0.6443401961147812 0.44780926723134895 0.05947488441131215 0.07048867768556356
5 0.5847067109820919 0.44927254576740855 0.0598978179545788 0.07058286220531503
5 0.9439352488285101 0.4464529457881368 0.0598978179545788 0.07058286220531503
73 0.9435916161600515 0.5953724080346776 0.06280548310834583 0.07218065714118026
10 0.9441200647849533 0.5203253527243761 0.06058508329149616 0.07208649756098054
71 0.9877085345786172 0.4433664280071332 0.024582930842765405 0.07612800234186497
81 0.9876292339608689 0.5202758839419214 0.0231555341186749 0.07612790258365985
19 0.987312035859903 0.5965445253434905 0.02378993032060882 0.07471815247312565
1 0.9444901112588358 0.6705537750237806 0.060267880820502155 0.07330847718124739
73 0.8198837753122781 0.4487532091125436 0.05963348718917214 0.07218065714118016
19 0.8810504337410346 0.4456959264524538 0.06026788339110608 0.07189855249385399
11 0.7946133973908353 0.5215695582662907 0.1776316563106291 0.0733083026043864
10 0.586874024388019 0.7240414512267627 0.05979208431170137 0.04811989773716994
81 0.9868362349810741 0.6711244828329618 0.023155534118676324 0.07330830260438627
