81 0.9852766721031011 0.4166555847036832 0.025534531058056285 0.07471810259402577
49 0.9397323160878286 0.4189083674438128 0.06343987931027961 0.0747180776544709
81 0.874653314421919 0.41877028468813843 0.06121948514875965 0.07330830260438707
1 0.8132487801030253 0.4210191768582273 0.05947488184070881 0.07330847718124742
71 0.6903341778154154 0.4215145281677787 0.05471689207491529 0.07189860237295732
81 0.6319956266051333 0.42018008467777435 0.06121948514875965 0.07330830260438707
19 0.5694018346822218 0.42031952663900785 0.06026788339110608 0.07189855249385399
81 0.5197862709643658 0.42158988466740865 0.035050518815575346 0.07330830260438687
1 0.519839157579461 0.4957385763089298 0.035684912446905075 0.07330847718124754
81 0.5201827704542629 0.5703237835739948 0.0374295157549551 0.07471810259402269
71 0.5210288956295216 0.6456727265198849 0.03806391349925243 0.07189860237295724
81 0.5205792699441598 0.7141233825168571 0.03822251473474774 0.06625930265620558
50 0.5717808285368763 0.714962499636863 0.05868188645976133 0.06625942735396492
73 0.5700890966773521 0.6426007076874812 0.05963348718917276 0.07077085715154412
73 0.9376441238116021 0.6468301076563882 0.06359848208813873 0.07641005711008816
19 0.9861225373902119 0.6480022249652007 0.027754925219575458 0.07612795246276148
81 0.9852766721031011 0.7162380825013112 0.02712052901764332 0.06202990268729797
81 0.9844572380416947 0.5703237835739959 0.031085523916609306 0.07471810259402452
71 0.9841402998288763 0.4927094276443897 0.028547925741732663 0.07612800234186501
50 0.8766889362674454 0.6472921001343397 0.05471689156079407 0.07471822729178093
1 0.6312555142404358 0.6437675752206985 0.060267880820501454 0.07330847718124747
10 0.630885467766553 0.5696683523616324 0.05899908533190942 0.07208649756098033
10 0.9365865744769143 0.5696683523616322 0.06137808227129034 0.0777256975195237
5 0.5704327293458102 0.49791064540984714 0.06306981387375309 0.07481226217422265
49 0.6320487119279825 0.49644736687378754 0.06026788339110631 0.07471807765447103
19 0.8747064419026874 0.4950389260897103 0.06026788339110608 0.07189855249385399
5 0.9375912569901623 0.49368124544093944 0.06306981387375309 0.07481226217422265
11 0.7850974158027657 0.5679793529150678 0.18556164096735372 0.07753762775463975
1 0.938542618910385 0.7163722746869474 0.06423287571946873 0.06343987725379606
