81 0.9652280244342871 0.3132530980144683 0.05852460443365283 0.06912581511291367
34 0.9049649110834558 0.3141008977263835 0.061154980639981656 0.0697002164232038
81 0.8454851784854818 0.3160726979937397 0.055352608514478374 0.06912581511291357
18 0.7891870600336175 0.31692049770565534 0.05639698676122151 0.06970021642320408
80 0.675391706433262 0.31621559771083746 0.057189985741014346 0.07111001641283977
81 0.616308473325184 0.3160726979937402 0.05693860647406564 0.07194541509218551
48 0.5556488604844564 0.31269109773674775 0.05877598370060096 0.07251981640247569
81 0.5136151054419377 0.30902369804555996 0.02283965034294717 0.07194541509218508
18 0.5140164140453026 0.38177129722890607 0.024677027569481747 0.0697002164232025
81 0.5152011034015243 0.453528196983239 0.027597644221708195 0.07335521508182169
74 0.515205912514992 0.5241610961821309 0.025470026549276464 0.06688061644393185
81 0.5155976028914213 0.595917995936464 0.026804645241914796 0.06771601512327735
48 0.5152059125149924 0.66866559511981 0.027056024508863356 0.06829041643356827
81 0.5155976028914214 0.7270293949726022 0.026804645241913897 0.04515921528910152
5 0.5575157845132224 0.3851154292351566 0.05956896846091355 0.06829035944757547
5 0.9040563386829459 0.3865252292247925 0.05956896846091355 0.06829035944757547
34 0.6167097819285501 0.3867055971926311 0.05718998574101404 0.06829041643356788
10 0.6753917064332612 0.3881153971822679 0.05718998574101452 0.06547081645429707
73 0.786692444645159 0.38948431603955397 0.061154975900156686 0.06970024491620169
48 0.8462829865787426 0.38811539718226773 0.05481098880163457 0.07111001641284019
80 0.9636468355881692 0.386705597192632 0.05956898268039525 0.07111001641283982
80 0.6178992803982394 0.5262757961665856 0.05956898268039525 0.07111001641283982
73 0.5591017374444484 0.5262349150342356 0.061154975900156686 0.06970024491620169
34 0.9592853411993061 0.6679606951249915 0.05877598370060106 0.06970021642320556
34 0.558820856403631 0.598175595638015 0.05877598370060051 0.0682904164335678
73 0.9004877982455141 0.5276447150238713 0.05718998100118989 0.06688064493693001
10 0.6167097819285485 0.4543759966951548 0.05718998574101452 0.06547081645429707
10 0.9021894146541785 0.4564906966796087 0.05718998574101449 0.06970021642320491
11 0.7627903142595868 0.4600790554528286 0.16891322897892647 0.07122935707006339
48 0.8439039896393625 0.5276855961562213 0.05481098880163457 0.07111001641284019
10 0.5596138553834222 0.6665508951353571 0.05718998574101449 0.06970021642320491
10 0.9006034166945915 0.6651410951457212 0.05718998574101449 0.06970021642320491
18 0.6202782773376196 0.6658459951405389 0.05956898268039456 0.06829041643356792
18 0.959681840689202 0.5276855961562212 0.05956898268039456 0.06829041643356792
80 0.56119985334301 0.726467394694882 0.0587759837006008 0.04573361659939276
18 0.9002069172046945 0.7257624947000637 0.057982984720807214 0.04714341658902815
81 0.9596770315757333 0.7270293949726025 0.05852460443365228 0.04515921528910224
81 0.9596770315757333 0.5966228959312831 0.05852460443365283 0.06912581511291367
74 0.9002069172046951 0.5960608956535625 0.05798298472080793 0.06688061644393194
81 0.843106181546101 0.5980326959209181 0.05535260851447954 0.06912581511291356
81 0.6194804692443576 0.5980326959209176 0.058524604433652955 0.06912581511291349
