81 0.864612363823431 0.3598945325019896 0.100446419554541 0.12087882927833768
81 0.6621740457644469 0.3571472311546062 0.10044641955454131 0.11538422658357109
81 0.26966005502412566 0.3571472311546063 0.100446419554541 0.12087882927833768
81 0.06413107562072935 0.3489053271124564 0.100446419554541 0.12087882927833768
81 0.8677030251678421 0.8489141723362161 0.10044641955454163 0.12637343197310366
81 0.6621740457644466 0.8434195696414494 0.100446419554541 0.12087882927833768
81 0.8646123638234308 0.603030701745411 0.10044641955454084 0.12362613062572098
81 0.05794975293190529 0.8516614736835991 0.100446419554541 0.12087882927833768
81 0.06258574494852327 0.5989097497243361 0.10662774224336498 0.12637343197310422
18 0.06413114825676315 0.4752686259583422 0.10353707989707728 0.12087897507872902
18 0.866157767131671 0.7280203499176053 0.10353707989707728 0.12087897507872902
18 0.5625002900431942 0.3598819693682438 0.09890108788045954 0.1153843723839624
5 0.16998629930287287 0.4766422766320333 0.0989010878804593 0.12362627642611254
5 0.7633932774299723 0.4793895779794166 0.0989010878804593 0.12362627642611254
5 0.9598214400930059 0.7293940005912964 0.08035711981398723 0.11813167373134612
48 0.16921363396677022 0.3530137159997851 0.10044641855266521 0.12362627642611221
48 0.6614014530643775 0.48076322865310817 0.09890108788045923 0.12087897507872888
48 0.05640449489573311 0.9532990604030347 0.10044641855266517 0.08791135891012913
34 0.2704327929962623 0.47938957797941684 0.09581042653604743 0.12362627642611299
34 0.16071431526963714 0.844780657181395 0.09581042653604743 0.12362627642611299
34 0.7633932774299725 0.35988196936824346 0.09581042653604746 0.12087897507872969
34 0.8692484284760826 0.9532990604030354 0.10353707989707737 0.08241675621536419
10 0.7618479467577659 0.6030181386116649 0.1019917492248711 0.12362627642611315
10 0.957503444084697 0.4821368793267997 0.08499311183060428 0.12362627642611308
10 0.2704327929962617 0.6085127413064314 0.1019917492248711 0.12362627642611315
10 0.15916898459743045 0.9560443205449346 0.09581042653604714 0.08791135891012988
10 0.7633932774299717 0.9532970191975514 0.10199174922487103 0.09340596160489682
10 0.9605941054291093 0.9587916218923174 0.07881178914178089 0.08241675621536251
73 0.7626206120938694 0.7225257472228382 0.10353707989707724 0.12087897507872897
73 0.5625002900431942 0.4807632286531082 0.09890108788045944 0.12087897507872893
73 0.1661229726223582 0.7225257472228382 0.10353707989707724 0.12087897507872897
48 0.6606287877282743 0.7225257472228382 0.10044641855266521 0.11538437238396224
80 0.864612436459465 0.47938957797941667 0.10353707989707765 0.11813167373134564
80 0.9590487747569031 0.8502752598761603 0.08190245048619305 0.11813167373134555
74 0.7633932774299726 0.8461543078550862 0.10199174922487102 0.12637357777349545
74 0.060267821576248354 0.7225257472228378 0.10508241056928298 0.12637357777349545
74 0.9582761094208001 0.3571346680208599 0.08344778115839886 0.11538437238396217
11 0.5122767812058426 0.600278151583929 0.3013392526523671 0.1236260334254592
