47 0.7749457734677456 0.9671323124541015 0.08170457215294666 0.0529770818994148
7 0.7788560396171291 0.8832409004219945 0.08242614768339988 0.09041398492682962
10 0.7795020920189458 0.7922611653259842 0.08424743120856429 0.09994156290207436
81 0.7833626296932352 0.6947195409838619 0.08656698924053438 0.09887701141310608
71 0.7869515128493246 0.600921145182914 0.08614836112079863 0.1021704763852165
10 0.7934571795540235 0.39861708999183265 0.08916921611367198 0.10030945593133936
81 0.7961339575627058 0.29758897807135576 0.09585522769105913 0.09681292324828018
5 0.7058500981415662 0.2976569183501392 0.0861972900271293 0.09912411302241138
7 0.618804117788035 0.2939484749261713 0.08557857191444512 0.09924347061490511
10 0.3828797086123079 0.29560215184355043 0.07420172290682514 0.09016240594766466
47 0.3058986202579673 0.296811910097815 0.07186990040668219 0.09279409073347308
71 0.2369136421073367 0.29842902462767623 0.06513372162648769 0.09081799147867425
8 0.23859360868307372 0.3863393727945191 0.06392383975698981 0.08439563444443249
81 0.238433290099035 0.5618954675773137 0.06671337955253924 0.08917579703842403
47 0.30725982700792404 0.568468022820318 0.06796091805697246 0.08375866255353133
10 0.3081401800941577 0.47934457285228377 0.0706439485310655 0.09619801306827139
10 0.7036424151259968 0.4957254986527421 0.08225381227583188 0.10445332923411513
7 0.2409469673226414 0.6497972745421589 0.06340290261381792 0.09016148268967122
8 0.2405673593538101 0.7282555772979319 0.06392383975698981 0.09120712538835794
10 0.24169233274508162 0.8141795317124533 0.06425873451174467 0.08260294253751722
81 0.24249689442113936 0.8975162031780078 0.06671337955253924 0.08463480307580701
81 0.3075145635748098 0.8252731174091008 0.06671337955253924 0.08463480307580701
5 0.2425992054216644 0.9712720909410776 0.06762081312608129 0.055159035111620874
8 0.3120867954228476 0.9759661586282519 0.06392383975698981 0.04806768274349615
10 0.30857246790042525 0.9080716263532992 0.06425873451174469 0.08260294253751731
5 0.3050045575111249 0.7383397415404722 0.0714522114869225 0.08550113113456037
71 0.3073300998603743 0.6544842330601464 0.06896511998732893 0.08668981514902213
5 0.3052948149627039 0.38909602405192745 0.07272934427386944 0.08632676640049054
81 0.3792662056051104 0.3873768132412831 0.076930441848116 0.0918591116526978
73 0.616382792363322 0.39381910721852426 0.08639129915226591 0.09924359428210196
11 0.5035192512299852 0.4827523002807385 0.28053532449799473 0.09819784852741736
81 0.7020324917608314 0.3956331659005868 0.076930441848116 0.0918591116526978
