81 0.9744077777244273 0.40332282404740377 0.01946450779377841 0.06664391145853316
5 0.9325625399590101 0.40356095331517067 0.05950766654378792 0.06477988213696793
44 0.8720062542293309 0.40227931696095615 0.05950766654378792 0.06477988213696793
86 0.8128917848265488 0.40099768060674174 0.05950766654378792 0.06477988213696793
10 0.9729659613975301 0.47509824616078267 0.01946450779377841 0.06408068409474353
10 0.9327589753704616 0.5434823288382206 0.059245500275195574 0.07445008121230383
44 0.9732938511938543 0.6163125881147667 0.019857717554117454 0.0647798821369677
81 0.9736868695609785 0.6878460946830117 0.01946450779377841 0.06664391145853316
86 0.5764339072154208 0.46892440738010754 0.05950766654378792 0.06477988213696793
86 0.9311207236321128 0.6150309517605548 0.05950766654378792 0.06477988213696793
5 0.6377111011085486 0.470206043734322 0.05950766654378792 0.06477988213696793
44 0.9325625399590103 0.6855209512423494 0.05950766654378792 0.06477988213696793
44 0.812891784826549 0.4727693164427506 0.05806585021689087 0.06477988213696793
81 0.9328573623961912 0.4732291775256287 0.058524604433652885 0.06489641514400614
73 0.8720062542293309 0.472769316442751 0.05950766654378792 0.06477988213696793
81 0.698562209275409 0.4693842684629854 0.058524604433652885 0.06489641514400614
81 0.5760078214891535 0.6116459037807893 0.058524604433652885 0.06489641514400614
32 0.6377111011085486 0.3997160442525275 0.05950766654378792 0.06477988213696793
10 0.6999056385765763 0.40186151169752354 0.05924550027519546 0.06804189944123104
16 0.5771548153788694 0.3971527715440984 0.05950766654378792 0.06477988213696793
16 0.6369901929451 0.6099044063436971 0.05950766654378792 0.06477988213696793
32 0.5742711827250754 0.6848801330652422 0.05950766654378788 0.0686247911996116
10 0.8693190569869881 0.617176419205551 0.05924550027519546 0.06804189944123104
11 0.8172171373564471 0.5419242806208286 0.14156005668202426 0.06641089078909779
