81 0.6670496088802105 0.3222771111039867 0.06328577661318129 0.07865606847498614
81 0.5354375955696125 0.32028581823120233 0.06216567437223994 0.08064736134777067
81 0.7961413921486905 0.323272757540379 0.06496592997459302 0.08064736134777074
81 0.9319537888628183 0.3182945253584179 0.06776618557694633 0.07666477560220177
81 0.9313937377423477 0.4756066623083903 0.07000639005882875 0.0686996041110639
81 0.9336339422242301 0.6473556725860502 0.0733666967816525 0.08164300778416284
81 0.5343174933286707 0.6428752636222846 0.05880536764941595 0.07666477560220243
61 0.6006835511044408 0.32128146466759444 0.06608603221553423 0.0806473613477706
61 0.9322338144230536 0.5607344326199261 0.07168654342024083 0.0756691291658096
85 0.5345975188889065 0.3969505938334041 0.06272572549271047 0.07467348272941728
85 0.5331973910877299 0.7170509231335064 0.05880536764941617 0.0617300790563182
10 0.6009635766646757 0.7200378624426824 0.0700063900588283 0.061730079056317194
10 0.8641876032858711 0.4820783641449394 0.04200383403529696 0.07367783629302474
10 0.9829184408256458 0.3969505938334041 0.034163118348708534 0.08064736134777072
10 0.6006835511044408 0.40143100279716903 0.06720613445647558 0.07766042203859407
51 0.6676096600006811 0.4024266492335613 0.06328577661318115 0.07168654342024056
51 0.8622274243642251 0.3202858182312023 0.06496592997459316 0.07268218985663293
71 0.9302736355014065 0.396452770615208 0.06664608333600498 0.07168654342024063
5 0.8636275521654017 0.400933179578973 0.06440587885412243 0.0686996041110639
13 0.9851586453075282 0.31331629317645665 0.029682709384943565 0.07467348272941728
13 0.7958613665884553 0.39993753314258074 0.06328577661318135 0.07865606847498618
13 0.5331973910877299 0.5632235487109065 0.06104557213129858 0.07865606847498632
13 0.9857186964279989 0.6478534958042462 0.027442504903060723 0.0826386542205551
5 0.984878619747293 0.5627257254927105 0.030242760505414027 0.0736778362930253
73 0.8627874754846957 0.5617300790563182 0.06608603221553437 0.077660422038594
71 0.9367142233868188 0.720037862442683 0.07056644117929949 0.061730079056318346
10 0.5331973910877299 0.48108271770854755 0.040883731794356 0.07965171491137844
11 0.703172906150566 0.48456748023592033 0.20273850561036802 0.07069089698384844
5 0.6015236277851468 0.5607344326199261 0.06328577661318108 0.07168654342024056
61 0.5992834233032643 0.6443687332768735 0.0655259810950637 0.07566912916580953
