81 0.9876556690424815 0.3673125850664264 0.022362535138882974 0.07471810259402498
71 0.9877085345786172 0.4433664280071332 0.024582930842765405 0.07612800234186497
81 0.9868362349810756 0.5216856839315571 0.024741532078261977 0.07894750256293157
19 0.986915536370006 0.5972494253383084 0.02458292930040227 0.0761279524627614
81 0.9868362349810741 0.6732391828174156 0.023155534118676335 0.07753770257329383
10 0.9445165642748486 0.7275659512008491 0.058206086352115036 0.04107089778898851
1 0.9433006127891459 0.6719635750134166 0.0594748818407088 0.07330847718124742
1 0.8195927719413728 0.37449577720024296 0.0594748818407088 0.07330847718124742
49 0.9444903099665892 0.37097516779619283 0.06343987931028004 0.07471807765447105
81 0.880997306260266 0.37365668501978994 0.06121948514875954 0.07330830260438709
81 0.6427011128323449 0.3764762849990617 0.05725449024979203 0.07330830260438699
71 0.7006431645527301 0.3764009284994302 0.054716892074915285 0.06907900239368553
19 0.5836758163185033 0.376615726960295 0.06026788339110608 0.07189855249385399
81 0.5269232617825078 0.37647628499905944 0.050910498411441435 0.07330830260438646
1 0.527769147377395 0.4478053766613087 0.053130890002360154 0.07330847718124738
81 0.5285092597420924 0.5216856839315587 0.05566849229020509 0.07330830260438706
71 0.528958885427457 0.5928052269085381 0.05392389309511878 0.07048880238332114
81 0.5281127602521956 0.66548528287442 0.05487549331041183 0.07330830260438699
19 0.5289586255393095 0.724131424405538 0.05233789359316873 0.04511235269076961
10 0.586874024388019 0.7240414512267627 0.05979208431170137 0.04811989773716994
50 0.5876408081327447 0.6642097000099713 0.05868188645976105 0.06907902733323673
73 0.5867420752530141 0.5911430080657709 0.05804748922958496 0.06936105716190838
73 0.9431951166701551 0.5974871080191323 0.06359848208813888 0.07359045713081631
50 0.8802574316765158 0.5937197005281766 0.05868188645976105 0.06907902733323673
5 0.5847067109820919 0.44927254576740855 0.0598978179545788 0.07058286220531503
10 0.644366450423041 0.521735152714012 0.06058508329149616 0.07208649756098054
49 0.6443401961147812 0.44780926723134895 0.05947488441131215 0.07048867768556356
5 0.9423492508689236 0.4464529457881368 0.0598978179545788 0.07058286220531503
10 0.9413445683556765 0.5210302527191942 0.06455007819046277 0.07349629755061625
73 0.8190907763324853 0.44522870913845575 0.05804748922958496 0.07077085715154424
19 0.8810504337410346 0.4456959264524538 0.06026788339110608 0.07189855249385399
11 0.7946133973908353 0.5215695582662907 0.1776316563106291 0.0733083026043864
50 0.987708793438524 0.7304702995228582 0.022996932369057844 0.03524382758197543
