81 0.3292182944606414 0.14067055393586006 0.12545553935860063 0.15306122448979592
81 0.5825892857142858 0.14285714285714285 0.14021501457725954 0.14868804664723034
81 0.8576895043731778 0.12900874635568513 0.13283527696793002 0.15597667638483964
81 0.8609693877551021 0.4540816326530613 0.14103498542274054 0.12390670553935855
81 0.8609693877551021 0.783527696793003 0.13775510204081612 0.1647230320699709
81 0.0643677113702624 0.13775510204081634 0.1254555393586006 0.1501457725947522
81 0.06149781341107872 0.7886297376093293 0.12299562682215745 0.16326530612244894
5 0.1935131195335277 0.6188046647230321 0.12791545189504375 0.15306122448979592
5 0.7191144314868805 0.29883381924198255 0.12955539358600576 0.14868804664723034
5 0.9641034985422741 0.6275510204081632 0.07179300291545175 0.16763848396501452
85 0.06190779883381925 0.30029154518950435 0.1221756559766764 0.15451895043731778
85 0.059037900874635584 0.9402332361516035 0.11807580174927117 0.11953352769679298
10 0.19720298833819241 0.3017492711370262 0.12873542274052474 0.15743440233236153
10 0.06067784256559767 0.4613702623906705 0.07707725947521865 0.1588921282798834
10 0.18900327988338195 0.9380466472303206 0.13201530612244897 0.12390670553935862
10 0.7219843294460643 0.4679300291545189 0.0713374635568512 0.15743440233236158
10 0.9641034985422741 0.2915451895043732 0.07179300291545175 0.1574344023323615
10 0.9661534256559767 0.9395043731778426 0.06769314868804656 0.12099125364431487
10 0.7289540816326529 0.9358600583090367 0.12135568513119584 0.12827988338192403
71 0.8638392857142858 0.9373177842565598 0.14349489795918374 0.12244897959183675
71 0.8572795189504374 0.29591836734693877 0.13857507288629733 0.14285714285714288
51 0.3337281341107872 0.30466472303207 0.13447521865889223 0.14868804664723034
51 0.719524416909621 0.1370262390670554 0.1270954810495627 0.1457725947521866
13 0.9641034985422741 0.1260932944606414 0.07179300291545175 0.15597667638483967
13 0.5821793002915452 0.2981049562682216 0.13447521865889214 0.1588921282798834
61 0.1967930029154519 0.14067055393586006 0.13283527696793002 0.15597667638483964
13 0.06190779883381925 0.6224489795918368 0.1221756559766764 0.1574344023323615
61 0.19433309037900875 0.7879008746355686 0.13283527696793004 0.1647230320699707
61 0.8556395772594751 0.6209912536443148 0.13693513119533535 0.15160349854227406
73 0.7215743440233237 0.6231778425655976 0.134475218658892 0.15014577259475226
51 0.7207543731778426 0.7879008746355686 0.12791545189504375 0.15306122448979592
13 0.9673833819241984 0.7879008746355686 0.06523323615160337 0.15306122448979592
11 0.39440597667638483 0.46574344023323616 0.3886661807580176 0.13848396501457721
