7 0.7544123991656901 0.2710370962966039 0.1106568157308606 0.12194844042799055
5 0.8728162301777662 0.26523983704927034 0.12104194038956102 0.12421908168769692
81 0.8743873665083737 0.3992453201890326 0.12163008939126524 0.12550374873936032
81 0.8699174017540592 0.9396236017404567 0.12035295660431813 0.11642176081412613
81 0.25370083205208466 0.6308360122825003 0.08587037135674624 0.11188076685150947
81 0.9695337808287132 0.2606105358002562 0.05444616991649142 0.1311501157249096
10 0.9689119256229111 0.3963585623832835 0.06217614875417778 0.12881951741775718
71 0.9676011616255424 0.6785171978801183 0.06341971852608616 0.1288197029185587
81 0.9665246091526233 0.8153773062677281 0.058966548663428625 0.14244284969600718
10 0.9663779783120036 0.9379298558805692 0.06217614875417774 0.11292414284684081
8 0.8719517040164145 0.7971772747826429 0.12073475174184041 0.12979539902702816
47 0.7498501441567643 0.7830043139222828 0.11763689521250782 0.12971936535794218
71 0.7454074460628759 0.9126527601622911 0.11942112273954404 0.12468403380948018
10 0.7525231181461054 0.6569777869674559 0.1163736378703378 0.11740728157577289
47 0.6378552595512368 0.4061402822364187 0.10740739569881626 0.12971936535794243
73 0.7525135371538194 0.4015594378366218 0.11321108767815481 0.12421906107649507
8 0.6408904365714088 0.276220269201057 0.1047920889392978 0.11845308916405975
47 0.3486366362420907 0.28804033816936037 0.10367990320671701 0.11148718742944495
5 0.34906563866079976 0.40344143679746763 0.10593479673449412 0.11047659792895387
8 0.2545577685199124 0.402232851663679 0.07797230041340793 0.11164159822013446
71 0.2547935011245961 0.28934703670244244 0.08045931506985288 0.11352296129175961
7 0.25313778028895506 0.7455709653900808 0.0838370272049708 0.12194844042799045
10 0.26138036165421963 0.9548894656322436 0.10049013236259025 0.0902210687355125
81 0.5308386468196048 0.27890898017968124 0.10630449594790053 0.12096275477674318
10 0.8729032922097307 0.5362432697851038 0.1214817196053266 0.1400502214505501
