74 0.9806963136537286 0.4289995968817085 0.0365720122663882 0.05701201651647974
81 0.9358870621819315 0.42956159715942943 0.052180612595306444 0.05925721518546211
34 0.8831574391391374 0.42829469688689026 0.05084599390266677 0.061241416485389125
81 0.8339866932784773 0.43097139714906535 0.04821561769633935 0.059257215185462106
18 0.7832395676851669 0.4304093968713444 0.05243199186225353 0.05701201651648108
73 0.7851064466855716 0.4909899152933385 0.048466992223461756 0.05842184499911473
48 0.8347845013717395 0.4903258964308702 0.050845993902666455 0.05842181650611681
5 0.8846278636780059 0.489440628468213 0.04925998172360138 0.059831559509760227
5 0.5864602472756811 0.489440628468213 0.04925998172360138 0.059831559509760227
80 0.9339093738459163 0.489620996436052 0.05084599390266807 0.06265121647502502
10 0.9801279959072198 0.4910307964256874 0.039744008185560495 0.06265121647502497
5 0.9797877412532163 0.6163226275354422 0.03815799600649359 0.05983155950976014
80 0.9802998141638319 0.6743047950783537 0.03736501124618076 0.06265121647502502
10 0.9810928131436247 0.7285820946793348 0.03736501124618112 0.041504216630485244
34 0.9354953718055034 0.7285820946793357 0.05084599390266668 0.04432381660975774
10 0.8835539386290341 0.7250575947052452 0.05005299492287534 0.042914016620121426
74 0.8843469376088272 0.6728949950887184 0.051638992882461335 0.0598316164957516
73 0.8834383201799553 0.6122327144020253 0.05005299018304875 0.058421844999115055
18 0.9339093738459163 0.6129784955291928 0.05243199186225353 0.05842181650611697
73 0.5844777047978369 0.6108229144123895 0.05005299018304875 0.058421844999115055
81 0.9358870621819319 0.6741618953612571 0.05218061259530638 0.06348661515436976
81 0.9350940632021385 0.5515092962629342 0.05218061259530638 0.06348661515436976
10 0.8831574391391374 0.5509472959852135 0.05243199186225528 0.06406101646466077
11 0.7612043163000002 0.5488964547998898 0.14353726162553718 0.059950957152976415
10 0.583007325287329 0.726467394694881 0.05005299492287534 0.042914016620121426
48 0.5310658921108607 0.7250575947052466 0.05084599390266644 0.042914016620121356
81 0.5306645835074952 0.6727520953716214 0.05218061259530638 0.06348661515436976
74 0.5322553905805498 0.6122735955343748 0.051638992882461335 0.0598316164957516
81 0.5338365794266692 0.5486896962836625 0.05218061259530638 0.06348661515436976
18 0.5342378880300338 0.48891609644123407 0.05243199186225353 0.05842181650611697
81 0.5338365794266688 0.4253321971905218 0.052180612595306444 0.05925721518546211
48 0.5865758206963998 0.42688489689725495 0.050845993902666455 0.05842181650611681
81 0.6377194457796065 0.42956159715942943 0.050594614635719626 0.05925721518546211
34 0.637327755403178 0.4889160964412337 0.05084599390266677 0.061241416485389125
10 0.6373277554031778 0.5523570959748493 0.05243199186225528 0.06406101646466077
10 0.6896656880695434 0.48891609644123407 0.05243199186225528 0.06406101646466077
34 0.5834038247772257 0.6693704951146283 0.05084599390266677 0.061241416485389125
