5 0.9171146213187517 0.2994429501574097 0.12362637362637367 0.14235764235764237
44 0.7864639372140637 0.2919503101190916 0.12362637362637367 0.14235764235764237
44 0.9129000831218268 0.8888639665050981 0.12362637362637367 0.14235764235764237
44 0.6642423295032267 0.44804697758405154 0.1151972972325232 0.14485518903708167
86 0.6649447525360476 0.29819417681769 0.11660214329816415 0.12986990896044548
86 0.1697365143973107 0.434310470847135 0.12362637362637319 0.1423576423576424
32 0.3003871985019983 0.2919503101190916 0.12362637362637367 0.14235764235764237
32 0.16552197620038478 0.8838688731462193 0.12362637362637367 0.14235764235764237
81 0.42260880621283564 0.4368080175265743 0.12362637362637367 0.14235764235764237
5 0.29617266030507294 0.4393055642060137 0.12362637362637367 0.14235764235764237
10 0.42401365227847754 0.2919503101190916 0.12362637362637367 0.14235764235764237
10 0.9143049291874682 0.5916559116518146 0.12362637362637367 0.14235764235764237
10 0.7822493990171384 0.7390111657387366 0.12362637362637367 0.14235764235764237
10 0.296172660305073 0.5841632716134965 0.12362637362637367 0.14235764235764237
81 0.16833166833166846 0.7290209790209791 0.12362637362637365 0.14235764235764237
81 0.912900083121826 0.4443006575648924 0.12362637362637367 0.14235764235764237
73 0.7878687832797056 0.44679820424433175 0.12362637362637367 0.14235764235764237
16 0.16973651348651358 0.286963036963037 0.12643606393606394 0.14235764235764234
16 0.30038719759120164 0.734023892582682 0.12643606393606394 0.14235764235764234
86 0.9129000831218268 0.7465038057770547 0.12362637362637319 0.1423576423576424
11 0.662837162837163 0.5904095241366851 0.2922077922077925 0.14485527740095538
