10 0.9331521980050708 0.5127813125349947 0.06160483608284462 0.06990609777463168
10 0.8735134317561433 0.5791933781624696 0.05636186762139976 0.06291535402436824
47 0.8728581048873728 0.6426951999883559 0.055051128055399155 0.06408062226114308
71 0.8731859291438954 0.7079431000782352 0.05570651313456134 0.05942027070603477
81 0.9354460780740265 0.713769018732514 0.06357096157779529 0.06408082837313628
8 0.9328245575149252 0.6473570149386383 0.06226021053967357 0.06641091140029902
81 0.9826327942270239 0.6502697630009774 0.033423892924487 0.06524595233151732
81 0.932496908314466 0.4457905083058571 0.061604848404753006 0.06874132420664723
10 0.9829603862793285 0.44403899899076216 0.03407922744134313 0.06524560194111882
81 0.9823051086981835 0.374135384865682 0.031457779751445585 0.0675762002482709
5 0.9334800375577532 0.3776294376240417 0.06357096497694191 0.06291566319236669
7 0.8731857483517702 0.38229144838072093 0.0570172386790827 0.06291551891396906
73 0.8738411519137932 0.445834128972138 0.057017245052482755 0.06291564258116494
47 0.8161685083980084 0.44928462289781224 0.05177427276699948 0.06175037434439282
8 0.8164961947766345 0.3852041243038655 0.05242964467446712 0.05942016765003828
5 0.6670717026106265 0.4545276188769094 0.047186688534928266 0.05825516735885767
71 0.6221788140522588 0.39568987923326354 0.04128834986559034 0.054759774872527166
8 0.6211956195878434 0.4527813138897177 0.04194370775157827 0.05708991973328487
81 0.7771739676441862 0.12130348589792712 0.051118911481864496 0.055924960664504614
7 0.6251278030196965 0.6246372317230879 0.05242964127532048 0.05359452724695777
81 0.624472511204627 0.5687110859146077 0.051118911481864496 0.055924960664504614
47 0.6673992783045322 0.39452379685410377 0.047842046420917154 0.05708987851088552
8 0.6244724748762449 0.6834758576483193 0.05242964467446712 0.05942016765003828
10 0.6251278008952297 0.7312420547306374 0.05242964127531795 0.0314570071481935
10 0.667726919644464 0.5133638745141815 0.049808157044596096 0.05475948631573381
71 0.9816496222819597 0.5831563246651613 0.032768531639357404 0.06524578744192062
