81 0.9652280244342871 0.31466289800410424 0.05852460443365283 0.06912581511291367
34 0.9049649110834563 0.31762539770047327 0.059568982680394685 0.07111001641283973
81 0.8458816779753782 0.3181873979781939 0.056145607494272595 0.07053561510254959
18 0.7860150641144437 0.3162155977108374 0.061154980639981656 0.06829041643356797
80 0.6745987074534685 0.3176253977004733 0.057189985741014346 0.07111001641283977
81 0.6163084733251839 0.3160726979937401 0.05852460443365283 0.06912581511291367
48 0.5556488604844564 0.31269109773674775 0.05877598370060096 0.07251981640247569
81 0.513615105441938 0.30902369804555996 0.02283965034294717 0.07194541509218508
18 0.5144129135351992 0.38106639723408803 0.025470026549275167 0.07111001641283858
81 0.5144081044217307 0.45352819698323865 0.02601164626212156 0.07053561510254931
74 0.515205912514992 0.5269806961614029 0.025470026549276464 0.06688061644393185
81 0.5148046039116277 0.595917995936464 0.026804645241914796 0.06771601512327735
48 0.5159989114947857 0.6630263951612666 0.027056024508863356 0.06829041643356827
81 0.5167871013611112 0.7235048949985131 0.029183642181294787 0.05220821523728243
80 0.5596138553834232 0.7271722946896998 0.05560398778142682 0.04996301656830195
10 0.559217355893526 0.6672557951301751 0.05956898268039487 0.07111001641284033
34 0.5592173558935266 0.5981755956380163 0.061154980639981656 0.06829041643356797
34 0.9565098447700285 0.6700753951094469 0.061154980639981656 0.06829041643356797
73 0.5583087384646547 0.5262349150342359 0.061154975900156686 0.06970024491620169
73 0.9008842977354111 0.5276447150238713 0.05956897794056968 0.06970024491620166
5 0.5571192850233245 0.384410529240339 0.06036196744070907 0.0725197594164828
34 0.6171062814184464 0.38529579720299595 0.061154980639981656 0.06829041643356797
10 0.617502780908342 0.45790049666924476 0.05718998574101459 0.07251981640247615
10 0.6761847054130549 0.3874104971874502 0.05718998574101459 0.07251981640247615
10 0.9013964156743854 0.45931029665888085 0.05718998574101459 0.07251981640247615
10 0.8982244197552118 0.6665508951353574 0.05718998574101459 0.07251981640247615
48 0.8446969886191563 0.38811539718226745 0.05639698676122105 0.07111001641284011
5 0.9028668402132546 0.3893448292040643 0.05718997152153583 0.0711099594268473
80 0.6171062814184455 0.5276855961562211 0.05639698676122126 0.06547081645429643
81 0.618687470264564 0.5966228959312834 0.05852460443365283 0.06912581511291367
81 0.9588840325959399 0.5966228959312833 0.05852460443365283 0.06912581511291367
81 0.9604700305555269 0.45775759695214757 0.05852460443365282 0.07335521508182134
81 0.6186874702645642 0.7270293949726029 0.05693860647406567 0.04797881526837494
18 0.6194852783578262 0.6672557951301747 0.05956898268039456 0.06829041643356792
5 0.676069131992337 0.5289150281780176 0.0571899715215358 0.06829035944757564
11 0.7635833132393804 0.4600790554528279 0.17525722081727338 0.07122935707006324
74 0.9009999161844888 0.5988804956328342 0.05798298472080793 0.06688061644393194
18 0.8978279202653145 0.7264673946948819 0.057982984720807255 0.048553216578664266
18 0.9604748396689956 0.5290953961458574 0.061154980639981656 0.06829041643356797
80 0.962853836608376 0.386705597192632 0.05956898268039525 0.07111001641283982
81 0.9588840325959392 0.7270293949726024 0.05852460443365224 0.04515921528910205
