81 0.22793612687456452 0.11675836325856814 0.11589972627660156 0.1401099387100207
81 0.689217332528052 0.11950566460595141 0.11126373425998368 0.14010993871002067
81 0.9264255907116712 0.11401106191118483 0.11589972627660156 0.1401099387100207
81 0.9194716026867441 0.40247770338643063 0.11744505694880746 0.14560454140478726
81 0.23257211889118243 0.679955139472143 0.11280906493218955 0.12912073332048749
81 0.9140629453340232 0.6799551394721434 0.11589972627660156 0.1401099387100207
81 0.23179945355507958 0.943681537381906 0.10817307291557157 0.1126369252361878
81 0.9132902799979205 0.9464288387292893 0.11435439560439514 0.10714232254142093
81 0.027815915030284 0.9450551880555977 0.05563183006056799 0.1098896238888046
81 0.02704324969418101 0.6826879093804936 0.05099583804395003 0.14010993871002034
81 0.02704324969418101 0.39696856925263113 0.05099583804395003 0.14560454140478696
81 0.021634592341460056 0.10300732508261863 0.0432691846829201 0.14010993871002028
10 0.11512706043956043 0.8200549450549449 0.11589972527472525 0.12912087912087913
10 0.34847199194266437 0.2623527715361363 0.11589972527472525 0.14011008451041237
10 0.2310268608550093 0.39971783890530105 0.11589972527472525 0.14560468720517894
10 0.8027992095712249 0.4024651402526843 0.11589972527472525 0.14011008451041237
10 0.7981632175546067 0.8173076437075616 0.11589972527472525 0.14011008451041237
5 0.11049106842294228 0.2568581688413698 0.11589972527472525 0.14560468720517894
5 0.8012538788990188 0.26510007288351967 0.11589972527472525 0.14560468720517894
73 0.7997085482268134 0.5425775089692323 0.11589972527472524 0.1401100845104121
73 0.11358172976735467 0.5425775089692323 0.11589972527472524 0.1401100845104121
73 0.5694542780681211 0.2651000728835198 0.11589972527472524 0.1401100845104121
80 0.3484719919426648 0.1249877041669718 0.11589972527472524 0.1401100845104121
80 0.9202443406588803 0.2568581688413699 0.11589972527472524 0.1401100845104121
80 0.2341175221994217 0.5425775089692323 0.11589972527472524 0.1401100845104121
80 0.11512706043956068 0.945055115155402 0.1158997252747252 0.10988976968919567
34 0.11512706043956066 0.6826898776857804 0.11589972527472524 0.1401100845104121
34 0.9140630179700561 0.8241758970760202 0.11589972527472524 0.13736278316302913
34 0.22948153018280373 0.2596054701887533 0.11589972527472524 0.1401100845104121
34 0.8058898709156372 0.11674580012482196 0.11589972527472524 0.1401100845104121
48 0.10817307241463368 0.1112511974300553 0.12362637863575518 0.140110084510412
48 0.689990070500188 0.2623527715361365 0.11589972527472524 0.1401100845104121
48 0.6822634171391582 0.5425775089692325 0.11589972527472524 0.13461548181564548
18 0.572544939412533 0.12498770416697184 0.11589972527472524 0.1401100845104121
18 0.9186990099866742 0.5425775089692323 0.11589972527472524 0.1401100845104121
18 0.2341175221994218 0.8200549450549453 0.11589972527472524 0.1401100845104121
18 0.7966178868824022 0.9436835056871936 0.11589972527472528 0.10714246834181317
18 0.025497918521036875 0.2541108674939862 0.047905175697661756 0.140110084510412
5 0.35001732261487023 0.5453248103166155 0.11589972527472525 0.1346154818156459
48 0.027043212123819216 0.8228022464023277 0.050995837042073736 0.1346154818156456
74 0.7966178868824013 0.679942576338397 0.11589972527472524 0.1401100845104121
74 0.02704321212381937 0.5453248103166155 0.050995837042073736 0.140110084510412
11 0.5192307692307692 0.4065934065934066 0.3523351648351649 0.1428571428571429
