81 0.15005466472303208 0.760204081632653 0.12955539358600587 0.15014577259475217
81 0.14964467930029154 0.13119533527696794 0.1287354227405248 0.16034985422740525
81 0.4091654518950438 0.14358600583090378 0.11807580174927111 0.15306122448979592
81 0.6633564139941691 0.1465014577259475 0.12627551020408162 0.14431486880466474
81 0.9228771865889214 0.14504373177842564 0.12873542274052482 0.14723032069970846
81 0.917547376093295 0.45918367346938765 0.13119533527696822 0.14285714285714285
81 0.9126275510204083 0.7682215743440233 0.12299562682215737 0.15160349854227392
5 0.280430029154519 0.6071428571428572 0.12463556851311954 0.14723032069970843
5 0.786762026239067 0.30247813411078717 0.12381559766763857 0.14723032069970843
5 0.04345845481049562 0.2922740524781341 0.08199708454810496 0.1588921282798834
73 0.7843021137026241 0.6129737609329443 0.12709548104956267 0.1501457725947522
73 0.04181851311953353 0.6078717201166183 0.08363702623906706 0.16034985422740541
10 0.15210459183673472 0.44606413994169103 0.082817055393586 0.14868804664723037
10 0.2824799562682216 0.2951895043731778 0.12381559766763846 0.14431486880466476
10 0.7814322157434404 0.4577259475218659 0.08035714285714292 0.14285714285714285
10 0.041408527696793006 0.9198250728862973 0.08117711370262391 0.14868804664723043
10 0.782662172011662 0.9220116618075801 0.12217565597667644 0.1413994169096209
51 0.7847120991253647 0.7689504373177843 0.1229956268221575 0.15014577259475217
51 0.28084001457725954 0.13994169096209913 0.1254555393586006 0.16034985422740525
51 0.15210459183673472 0.9154518950437318 0.1238155976676385 0.14868804664723043
3 0.9134475218658893 0.6166180758017492 0.1295553935860059 0.15451895043731775
3 0.7904518950437318 0.14504373177842567 0.12299562682215737 0.1501457725947522
3 0.41162536443148695 0.3017492711370262 0.12627551020408156 0.15160349854227406
3 0.042228498542274055 0.760204081632653 0.08281705539358601 0.14139941690962105
57 0.15046465014577262 0.6027696793002916 0.1303753644314869 0.1501457725947521
57 0.040588556851311956 0.130466472303207 0.08117711370262391 0.1530612244897959
39 0.9109876093294461 0.9278425655976676 0.13119533527696803 0.14139941690962105
39 0.660896501457726 0.3039358600583091 0.12135568513119539 0.15014577259475212
65 0.15292456268221577 0.29008746355685133 0.1287354227405248 0.14868804664723034
11 0.4727131924198251 0.4569970845481049 0.37964650145772594 0.13265306122448983
57 0.9191873177842567 0.30247813411078717 0.12791545189504375 0.14723032069970843
