81 0.848657174404655 0.3118432980248324 0.05852460443365283 0.06912581511291367
81 0.9636420264747007 0.4514134969987861 0.05852460443365283 0.06912581511291367
81 0.962849027494907 0.5923934959623753 0.05852460443365283 0.06912581511291367
81 0.6210664672039442 0.5909836959727397 0.05852460443365283 0.06912581511291367
81 0.6171014723049772 0.3090236980455606 0.05852460443365283 0.06912581511291367
81 0.9668140223938743 0.3090236980455606 0.05852460443365283 0.06912581511291367
81 0.5163906018712139 0.4492987970143317 0.029976641161088998 0.07053561510254941
81 0.5167871013611112 0.7235048949985131 0.029183642181294787 0.05220821523728243
81 0.5171836008510075 0.5902787959779211 0.029976641161088998 0.07053561510254941
81 0.6202734682241509 0.7220950950088776 0.0569386064740657 0.05502781521655446
81 0.9612630295353203 0.7249146949881491 0.058524604433652316 0.05220821523728242
10 0.6202782773376188 0.4522612967107013 0.05956898268039508 0.07251981640247618
10 0.9025859141440751 0.6630263951612675 0.05956898268039487 0.07111001641284033
10 0.5608033538531124 0.6609116951768138 0.05956898268039508 0.07251981640247618
10 0.6793567013322287 0.38177129722890635 0.058775983700601137 0.06688061644393242
10 0.9025859141440752 0.4522612967107013 0.05956898268039508 0.07251981640247618
5 0.5602912809424982 0.37877132928179547 0.06036196744070907 0.0725197594164828
5 0.9068318351122217 0.3815909292610673 0.06036196744070907 0.0725197594164828
5 0.6800341268913043 0.5218660282298387 0.06036196744070903 0.06547075946830329
73 0.5622737333636215 0.5205957150756925 0.061154975900156686 0.06970024491620169
73 0.9032632946747912 0.5234153150549643 0.061154975900156686 0.06970024491620169
73 0.7874854436249522 0.38525491607064644 0.061154975900156686 0.06970024491620169
48 0.8478689845383299 0.3824761972237244 0.05481098880163459 0.0654708164542965
48 0.5580278574238365 0.30846169776784016 0.05877598370060096 0.07251981640247569
48 0.843903989639363 0.522046396197678 0.05481098880163459 0.0654708164542965
80 0.6210712763174124 0.520636596208042 0.05481098880163459 0.0654708164542965
80 0.6777707033726422 0.31198619774192976 0.057189985741014346 0.07111001641283977
80 0.56119985334301 0.7229428947207925 0.05877598370060087 0.05278261654757295
80 0.966422332017446 0.38106639723408847 0.05877598370060186 0.07392961639211156
34 0.6194852783578259 0.3796565972444526 0.061154980639981656 0.06829041643356797
34 0.9073439080228364 0.30846169776783994 0.061154980639981656 0.0697002164232038
34 0.9628538366083756 0.6644361951509034 0.061154980639981656 0.06829041643356797
34 0.5615963528329064 0.5911265956898367 0.061154980639981656 0.06829041643356797
18 0.6218642752972061 0.6616165951716317 0.061154980639981656 0.06829041643356797
18 0.786808063094237 0.31198619774192976 0.061154980639981656 0.06829041643356797
18 0.9636468355881691 0.5220463961976781 0.061154980639981656 0.06829041643356797
18 0.9017929151642825 0.7243526947104284 0.057982984720807346 0.04996301656830053
18 0.5156024120048892 0.37824679725481647 0.027849023488655703 0.07111001641283865
74 0.9033789131238692 0.5918314956846548 0.05798298472080793 0.06688061644393194
74 0.5175849094543721 0.519931696213224 0.028642022468450573 0.06688061644393188
11 0.76358331323938 0.45443985549428506 0.16891322897892647 0.07122935707006339
81 0.5144081044217311 0.30479429807665237 0.022839650342947174 0.07194541509218509
48 0.5159989114947857 0.6630263951612666 0.027056024508863356 0.06829041643356827
