81 0.5752292276790506 0.31545693301469996 0.06591801687939323 0.08214083100235907
81 0.7036769521589896 0.321480593954873 0.05790928585666308 0.07885519776226474
81 0.8327407328714463 0.3258614382749988 0.06098956701925161 0.07666477560220183
81 0.9614964854676441 0.32257580503490446 0.06098956701925161 0.07447435344213897
81 0.9605724011188675 0.4780957783993709 0.06530196064687559 0.06790308696195019
81 0.9578001480725379 0.6358061739239004 0.06345379194932235 0.07885519776226467
81 0.5761533120278273 0.6270444852836488 0.06160562325176933 0.06790308696194998
5 0.6436114694885146 0.5520225263014942 0.06715012934442839 0.07556956452217044
5 0.5231724760313056 0.393764525236949 0.04065971134616781 0.07666477560220188
5 0.8952704404719918 0.401978608337185 0.06283773571680414 0.07556956452217006
73 0.5240965603800821 0.5525701318415098 0.041275767578685535 0.07885519776226467
73 0.8940383280069568 0.5558557650816042 0.06160562325176916 0.07228393128207597
10 0.8937302998906977 0.4759053562393081 0.05852534208918101 0.07009350912201327
10 0.6417633007909614 0.3965025529370277 0.06222167948428698 0.07337914236210744
10 0.5780014807253803 0.47481014515927655 0.048052386136380104 0.07009350912201306
51 0.642687385139738 0.31764735517476295 0.0616056232517694 0.0755695645221703
51 0.8952704404719921 0.6341633573038531 0.05790928585666322 0.07337914236210764
51 0.5773854244928626 0.7097329218260237 0.06530196064687545 0.07118872020204449
3 0.9590322605375732 0.5580461872416671 0.06715012934442868 0.0700935091220132
3 0.8968105810532863 0.32202819949488876 0.06222167948428705 0.07556956452217037
3 0.7058331489728016 0.4014310027971692 0.05852534208918101 0.07447435344213886
3 0.5231724760313056 0.6303301185237431 0.04189182381120311 0.07447435344213872
10 0.5207082511012348 0.710828132906055 0.04189182381120311 0.06899829804198163
10 0.8949624123557334 0.710828132906055 0.05606111715911013 0.06899829804198163
65 0.5770773963766037 0.3970501584770434 0.06468590441435772 0.07009350912201313
57 0.5773854244928626 0.5514749207614784 0.06283773571680457 0.072283931282076
57 0.5210162792174935 0.3132665108546371 0.04127576757868546 0.07118872020204449
57 0.9618045135839028 0.40088339725715344 0.06653407311191088 0.07556956452217037
39 0.9574921199562791 0.7108281329060548 0.06530196064687559 0.07118872020204449
39 0.831200592290152 0.4014310027971692 0.05914139832169852 0.07447435344213886
11 0.7372520168312039 0.47481014515927655 0.18912926338293146 0.06352224264182446
