5 0.9295478112116702 0.38636786731186673 0.06226022286158207 0.06641103506749563
7 0.869253522005687 0.3881170681726048 0.0570172386790827 0.06291551891396906
8 0.8132193394882323 0.3921948680541261 0.05242964467446712 0.05942016765003828
47 0.8135470241672863 0.45511024268969613 0.05177427276699948 0.06175037434439282
73 0.8685981834523492 0.4551551206391522 0.057017245052482755 0.06291564258116494
81 0.9288923286194819 0.4533600318801779 0.060949471823461616 0.06524564316352524
81 0.9809943665828221 0.3840389385118817 0.03670074821289067 0.06641107628989225
81 0.7611173767310132 0.3927773681997129 0.0491527983088224 0.05592496066450447
71 0.6211957574657377 0.3991852511083922 0.03801149457718846 0.052429526955774255
8 0.6218509906455238 0.45511156180647105 0.04194370775157827 0.05708991973328487
81 0.8135470613454541 0.5826925734151268 0.0491527983088224 0.05592496066450447
10 0.9803389141580638 0.4539425526369638 0.03670073589098368 0.06874097381625092
10 0.9298753427166679 0.522102304202009 0.06160483608284462 0.06990609777463168
10 0.8676150922370186 0.5850189979543532 0.05636186762140099 0.06291535402437372
71 0.9793558208182698 0.5916723878920196 0.03735613371694915 0.06408068409474332
8 0.9288923311688415 0.6566780066056523 0.060949468424313785 0.0617504155667902
47 0.868270507483609 0.6508510676969932 0.055051128055399155 0.06408062226114308
71 0.8672875896247707 0.7166815297660608 0.057017255249922606 0.06757613841467294
81 0.9292200530260627 0.7190120765452096 0.06029410628939287 0.058255208581253305
81 0.9796836244674586 0.6607558786263655 0.03932223244360989 0.06757620024826956
10 0.980011228629225 0.7219210630636228 0.038666849064025954 0.05242923839898088
11 0.8066656633277907 0.5211850741617222 0.14156005668202426 0.06641089078909779
