81 0.9860696710828947 0.4081967847658678 0.025534531058056285 0.07471810259402577
49 0.9389393171080351 0.409039767516362 0.06343987931028004 0.07471807765447105
81 0.8754463134017123 0.4103114847503231 0.06121948514875965 0.07330830260438707
1 0.8124557811232317 0.412560376920412 0.0594748818407088 0.07330847718124742
71 0.6887481798558289 0.4116459282403275 0.05471689207491529 0.07189860237295732
81 0.6296166296657529 0.41172128473995906 0.06121948514875965 0.07330830260438707
19 0.5686088357024284 0.4118607267011923 0.06026788339110608 0.07189855249385399
81 0.518200273004779 0.4103114847503214 0.035050518815575346 0.07330830260438687
1 0.5198391575794612 0.48586997638147844 0.035684912446905075 0.07330847718124754
81 0.5201827704542628 0.5618649836361793 0.0374295157549551 0.07471810259402269
71 0.5202358966497282 0.6372139265820694 0.03806391349925243 0.07189860237295724
81 0.5197862709643665 0.7113037825375851 0.038222514734747706 0.07189850261474968
50 0.5701948305772896 0.7121428996575923 0.05868188645976104 0.07189862731250879
73 0.5692960976975587 0.6369615077289376 0.05963348718917266 0.07359045713081598
73 0.9388336222812912 0.6390762077133912 0.06439148106793313 0.0750002571204518
5 0.13305287058911625 0.4789412524471936 0.12125687815063141 0.14468888768929739
5 0.13305287058911625 0.4789412524471936 0.12125687815063141 0.14468888768929739
5 0.5680537324064301 0.4880420454823959 0.061483815914166066 0.07481226217422263
49 0.6296697149886022 0.48657876694633617 0.060267883391106315 0.07471807765447103
5 0.9383842559699562 0.48663224549276 0.06148381591416606 0.07481226217422263
71 0.9857260371291336 0.4856604276962104 0.028547925741732663 0.07612800234186501
81 0.9856467365113852 0.5625698836309987 0.028706526977228822 0.07612790258366002
19 0.9861225373902122 0.6409532250170211 0.027754925219575458 0.07612795246276148
1 0.9389391184002818 0.7128477747128573 0.06343987673967537 0.06766927722270324
81 0.986439735491177 0.7127135825272208 0.02712052901764326 0.0690789026354784
81 0.6312026276253399 0.7134184825220404 0.06121948514875965 0.07330830260438707
1 0.6304625152606425 0.6367185752725191 0.060267880820501454 0.07330847718124747
10 0.6292994698069657 0.5612095524238173 0.058999085331909444 0.07208649756098057
10 0.939362070906192 0.5633242524082704 0.06217108125108309 0.07349629755061633
19 0.8747064419026869 0.48517032616225886 0.06026788339110606 0.07471815247312577
11 0.7850974158027657 0.56374995294616 0.18556164096735372 0.07753762775463975
