81 0.9860696710828947 0.41101638474513963 0.025534531058056285 0.07471810259402577
71 0.9857260371291336 0.4898898276651181 0.028547925741732663 0.07612800234186501
81 0.9856467365113852 0.5667992835999064 0.028706526977228822 0.07612790258366002
19 0.9861225373902122 0.645182624985929 0.027754925219575458 0.07612795246276148
81 0.9852766721031011 0.7162380825013112 0.02712052901764332 0.06202990268729797
1 0.9389391184002821 0.7149624746973111 0.0634398767396754 0.06625947723306737
50 0.5701948305772896 0.7135526996472278 0.05868188645976105 0.06907902733323673
81 0.5205792699441598 0.7134184825220392 0.03822251473474775 0.06766910264584174
81 0.6315991271152387 0.7120086825324021 0.05566849229020231 0.06766910264584154
71 0.5210288956295217 0.6428531265406131 0.03806391349925243 0.07189860237295724
81 0.5201827704542629 0.5660943836050872 0.0374295157549551 0.07471810259402269
1 0.519839157579461 0.49150917634002206 0.035684912446905075 0.07330847718124754
81 0.5189932719845722 0.4159506847088651 0.035050518815575346 0.07330830260438687
19 0.5678158367226349 0.41609012667010004 0.06026788339110608 0.07189855249385399
81 0.6312026276253399 0.41595068470886676 0.06121948514875965 0.07330830260438707
19 0.8747064419026874 0.4893997261311666 0.06026788339110608 0.07189855249385399
5 0.56805373240643 0.4908616454616677 0.06306981387375309 0.07481226217422265
73 0.5700890966773521 0.6397811077082095 0.05963348718917276 0.07077085715154412
1 0.6312555142404358 0.6395381752517908 0.060267880820501454 0.07330847718124747
49 0.6320487119279825 0.4922179669048798 0.060267883391106315 0.07471807765447103
10 0.6308854677665525 0.5668487523823609 0.058999085331909444 0.07208649756098057
10 0.9385690719263984 0.565438952392725 0.062171081251083254 0.07772569751952399
5 0.9375912569901623 0.48663224549276 0.06306981387375309 0.07481226217422265
49 0.9389393171080351 0.41326916748526976 0.06343987931028004 0.07471807765447105
81 0.8738603154421256 0.41595068470886676 0.06121948514875965 0.07330830260438707
71 0.6903341778154156 0.4158753282092351 0.05471689207491529 0.07189860237295732
1 0.8116627821434385 0.41537997689968376 0.0594748818407088 0.07330847718124742
11 0.7850974158027657 0.5679793529150678 0.18556164096735372 0.07753762775463975
73 0.9380406233014975 0.6447154076719351 0.06439148106793313 0.0750002571204518
