81 0.5860102117481102 0.5334039379409593 0.06160562325176933 0.0668078758819187
81 0.5850861273993337 0.6807098282051899 0.06098956701925161 0.06571266480188712
81 0.9399345173295249 0.5317611213209121 0.06098956701925147 0.06790308696195012
81 0.9405505735620426 0.6752337728050327 0.05975745455421617 0.07009350912201313
81 0.9427067703758546 0.3855504421367131 0.061605623251769256 0.05366534292154128
81 0.821343692569869 0.26507722333325306 0.06037351078673396 0.02957069916084926
81 0.7033689240427309 0.2628868011731902 0.05975745455421617 0.029570699160849295
81 0.5829299305855216 0.26288680117319035 0.061605623251769194 0.02738027700078633
5 0.64484358195355 0.46002479557885195 0.05606111715911005 0.06680787588191876
5 0.8801770627753086 0.3132665108546371 0.05975745455421617 0.0689982980419816
5 0.5271768415426705 0.3116236942345899 0.046204217438827085 0.06571266480188723
5 0.9861387347683518 0.45673916233875755 0.027722530463296237 0.06899829804198163
73 0.5281009258914471 0.463858034358962 0.05298083599652159 0.07009350912201313
73 0.877712837845238 0.4611200066588833 0.058525342089180726 0.06899829804198156
73 0.985830706652093 0.6801622226651743 0.028338586695813888 0.07337914236210735
10 0.5284089540077059 0.6089735024631296 0.05236477976400387 0.0755695645221703
10 0.9861387347683518 0.602402235982941 0.027722530463296237 0.06461745372185583
10 0.6429954132559967 0.31709974963474713 0.057293229624145424 0.07228393128207596
10 0.5860102117481102 0.3910264975368703 0.048052386136380104 0.06461745372185583
10 0.8798690346590499 0.3899312864568389 0.0394275988811323 0.06680787588191876
10 0.9876788753496462 0.30724284991446404 0.024642249300707703 0.07228393128207607
37 0.586318239864369 0.6078782913830981 0.05975745455421623 0.0755695645221703
37 0.6417633007909614 0.261243984553143 0.05729322962414557 0.028475488080817825
27 0.760970181783135 0.2623391956331745 0.055445060926592335 0.030665910240880764
24 0.5277928977751882 0.5350467545610066 0.05236477976400387 0.072283931282076
24 0.9417826860270779 0.7360179877467783 0.057293229624145424 0.03395154348097492
24 0.8801770627753086 0.26179159009315883 0.05606111715911013 0.0273802770007863
78 0.5832379587017806 0.3160045385547157 0.05975745455421624 0.07009350912201309
78 0.5287169821239648 0.6834478559052682 0.050516611066450806 0.07337914236210748
78 0.8179553832910217 0.46002479557885195 0.05975745455421617 0.06899829804198163
36 0.8188794676397982 0.3165521440947314 0.056677173391627776 0.06461745372185583
80 0.9396264892132661 0.6045926581430039 0.061605623251769256 0.06899829804198163
80 0.6454596381860677 0.5323087268609279 0.053596892229039315 0.0646174537218559
10 0.6451516100698089 0.6067830803030668 0.05421294846155703 0.06899829804198163
55 0.8798690346590499 0.5306659102408807 0.05790928585666322 0.06352224264182439
59 0.9423987422595956 0.3105284831545585 0.06222167948428705 0.06571266480188726
68 0.9390104329807484 0.45892958449882043 0.06037351078673396 0.0668078758819187
78 0.985830706652093 0.5317611213209121 0.028338586695813888 0.072283931282076
60 0.5860102117481102 0.4627628232789306 0.06160562325176933 0.06571266480188719
11 0.7335556794360977 0.3899312864568389 0.17804025119761335 0.06023660940172988
