81 0.5584390339429892 0.6892551077439767 0.06017078153816663 0.06911925674127853
81 0.5600590165228645 0.5493708976723419 0.05878222504113218 0.06418216697404454
81 0.8909983149827823 0.5473137769359944 0.054153703384349966 0.06335931867950556
81 0.8898411845685869 0.6802037765040483 0.05183944255595918 0.06418216697404461
81 0.9881972697752056 0.6839065938294739 0.023605460449588948 0.06500501526858357
81 0.9872715654438491 0.5473137769359944 0.025456869112301633 0.061713622090427404
81 0.9872715654438491 0.4107209600425148 0.025456869112301633 0.048548049377803014
81 0.890998314982782 0.4107209600425148 0.05785652070977577 0.048548049377803014
81 0.8916925932312995 0.28112235365261695 0.05461655555002821 0.059245077206810465
81 0.9886601219408838 0.27824238462173034 0.02267975611823232 0.05842222891227142
81 0.6711435362856341 0.281945201947156 0.055079407715706734 0.06253647038496649
81 0.5561247731145998 0.2794766570635389 0.062022190200879596 0.05759938061773227
5 0.6167584068184448 0.48189733752014113 0.05646796421274118 0.06253647038496651
5 0.9456148705328105 0.4790173684892545 0.054153703384350396 0.06171362209042762
55 0.8349932029357189 0.3490073379520865 0.05230229472163785 0.0666507118576617
81 0.7801452213028517 0.2827680502416951 0.05369085121867201 0.06418216697404461
73 0.9481605574440405 0.6822608972403958 0.05831937287545415 0.06500501526858372
73 0.8342989246872017 0.4806630650783326 0.05461655555002821 0.06006792550134953
73 0.5160880607834349 0.48395445825648875 0.027308277775014246 0.06829640844673968
10 0.5602904426057037 0.4140123532206709 0.038879581916969386 0.06500501526858365
10 0.6153698503214103 0.34695021721573965 0.057393668544097595 0.06582786356312266
10 0.8356874811842364 0.416480898104288 0.027771129940692276 0.06006792550134946
10 0.9476977052783624 0.6127302163518474 0.056467964212741036 0.0625364703849666
10 0.948854835692558 0.734100339796355 0.05785652070977577 0.028799690308866133
10 0.9467720009470054 0.34283597574304425 0.055542259881385767 0.06747356015220028
10 0.6165269807356059 0.6180787302663512 0.055079407715706526 0.06171362209042748
10 0.5158566347005958 0.6217815475917768 0.02869683427204869 0.06418216697404461
80 0.8900726106514258 0.613141640499117 0.05137659039028108 0.06171362209042755
80 0.9476977052783624 0.27741953632719135 0.053690851218671724 0.05513083573411528
5 0.5137737999550439 0.34119027915396644 0.029159686437727005 0.06911925674127882
37 0.9881972697752056 0.3420131274485055 0.023605460449588948 0.06582786356312266
37 0.6144441459900538 0.2807109295053475 0.05369085121867187 0.06171362209042755
37 0.5600590165228645 0.6205472751499683 0.056930816378419354 0.06665071185766173
80 0.6176841111498013 0.5514280184086895 0.052765146887315595 0.0666507118576618
60 0.5602904426057037 0.4823087616674107 0.06109648586952318 0.06171362209042748
60 0.9881972697752056 0.6168444578245427 0.023605460449588948 0.0674735601522007
27 0.7273800744155362 0.2807109295053475 0.05461655555002835 0.06006792550134943
24 0.8352246290185582 0.28153377779988653 0.05276514688731538 0.06171362209042744
24 0.5156252086177567 0.5534851391450372 0.026382573443657832 0.06582786356312276
68 0.8896097584857475 0.4802516409310631 0.05415370338435025 0.06418216697404475
68 0.6725320927826687 0.3490073379520872 0.05322799905299362 0.06335931867950556
78 0.944689166201454 0.547725201083264 0.05507940771570645 0.06253647038496651
78 0.5575133296116345 0.3465387930684702 0.057393668544097526 0.06335931867950553
55 0.8370760376812711 0.5489594735250725 0.049988033893246214 0.06500501526858357
55 0.6713749623684732 0.48395445825648875 0.04998803389324635 0.06335931867950556
78 0.5153937825349177 0.6933693492166728 0.024994016946623107 0.07241064991943504
59 0.8903040367342647 0.34365882403758347 0.05554225988138484 0.0608907737958885
36 0.986808713278171 0.4790173684892546 0.026382573443657974 0.06500501526858372
11 0.6938232924038662 0.4177151705460966 0.15505547550219917 0.05595368402865425
