81 0.8442898829916352 0.4506061025240142 0.04164581521541553 0.048298385587136256
81 0.686405037277695 0.44742849172844146 0.03568789650922759 0.04406157119303861
81 0.8883784814174149 0.40082353339337046 0.04164581521541553 0.048298385587136256
81 0.6199742437037163 0.700578151775758 0.03032576967365958 0.03982475679894181
81 0.6509554209758861 0.6603284150318331 0.03032576967365958 0.03982475679894181
81 0.6187826599624792 0.5332239832089126 0.03032576967365958 0.03982475679894181
81 0.8832756978719073 0.596141515331591 0.04105002334479618 0.045068776850329534
71 0.6179189021773366 0.40246878226381727 0.029312933266152544 0.04226117240994023
71 0.6489000794495058 0.5777669778195953 0.029312933266152544 0.04120196881141593
71 0.8443198130124218 0.7324107032041489 0.029312933266152544 0.03696515441731856
71 0.8848336602144906 0.5502276842579625 0.04003718693728676 0.045438783205512916
47 0.6498829973083465 0.5353449152779145 0.02949165680585892 0.04130774489287288
47 0.6507766851142754 0.40294446546237234 0.03247061615895203 0.04342615208992166
47 0.8816460349790013 0.7328863864027036 0.04140749421823146 0.033893319703202945
7 0.803001465992895 0.40262815747238784 0.04081169979825836 0.045756420617874785
7 0.8804544091733192 0.6923203416687944 0.04081169979825835 0.042578809822301646
7 0.6186038820364265 0.575278344031855 0.028300070515264567 0.04151960622377743
8 0.6179187642994425 0.44642609229857155 0.029432078468584772 0.04332027295246823
8 0.6185145561700611 0.6180170752595145 0.029432078468584772 0.04332027295246823
8 0.8440217791992191 0.5957737996905035 0.03479420530415326 0.04543868014951705
8 0.6524746927953257 0.7387662854912892 0.02943207846858475 0.024254608179030662
10 0.6523256997889711 0.7040734824284877 0.03306640548020833 0.045756255728276594
10 0.882301361847768 0.6458172845096493 0.04021590792763309 0.04999307012237388
10 0.8873655927480264 0.4498646187826462 0.04081169979825153 0.04575625572827664
10 0.6871795242201619 0.40167085504978883 0.03604536483330213 0.04469705212975231
73 0.8029717089037072 0.44943542120712066 0.04075212698459752 0.047027588603299336
5 0.8451241031450089 0.4013026380510595 0.04105003226756223 0.04819273317287601
5 0.6503001614527126 0.6194985793470734 0.03151736233766296 0.041837511581730075
5 0.6205105679217816 0.736010975184751 0.03151736233766294 0.02700866120238987
10 0.6195571469049466 0.6606461348889898 0.029491654256495164 0.03940103413713069
10 0.6511341160477339 0.49117355912509564 0.03306640548020833 0.045756255728276594
10 0.8438727861928667 0.5017655951103396 0.042003283539486756 0.0499930701223738
81 0.8436563838116581 0.6422240655808925 0.03687822861840946 0.04611228624102501
5 0.6505980573880221 0.4457891891890819 0.03330473794951875 0.04183751158173008
11 0.7451203630928869 0.4951286656380237 0.13143159488150752 0.046286022417135
