81 0.0610878279883382 0.7769679300291545 0.1221756559766764 0.16909620991253632
81 0.06354774052478135 0.1217201166180758 0.1270954810495627 0.16180758017492713
81 0.32798833819241985 0.13119533527696792 0.1311953352769679 0.15451895043731778
81 0.8544096209912537 0.1268221574344023 0.1393950437317784 0.17492711370262387
81 0.5969387755102042 0.13119533527696794 0.10659620991253639 0.15743440233236153
81 0.8576895043731778 0.44387755102040816 0.1475947521865889 0.11807580174927111
81 0.8560495626822159 0.7798833819241976 0.13775510204081629 0.15743440233236136
5 0.19474307580174927 0.6173469387755102 0.13365524781341107 0.15889212827988344
5 0.7187044460641396 0.29591836734693877 0.12873542274052463 0.1574344023323616
73 0.717884475218659 0.6166180758017492 0.1303753644314868 0.16326530612244902
85 0.06518768221574345 0.29008746355685133 0.1303753644314869 0.14577259475218657
85 0.059857871720116626 0.9322157434402333 0.11971574344023325 0.13556851311953352
10 0.05780794460641401 0.45626822157434405 0.08937682215743442 0.1574344023323615
10 0.19433309037900875 0.2944606413994169 0.13119533527696792 0.15743440233236153
10 0.7170645043731778 0.4569970845481049 0.08281705539358612 0.16180758017492708
10 0.9645134839650146 0.28717201166180756 0.07097303206997069 0.15451895043731778
10 0.9690233236151604 0.9351311953352763 0.06195335276967839 0.12973760932944603
10 0.932716836734694 0.9344023323615162 0.01065962099125386 0.014577259475218653
10 0.18736333819241985 0.9314868804664723 0.1336552478134111 0.1370262390670554
51 0.7191144314868805 0.13338192419825073 0.12627551020408162 0.15597667638483964
51 0.3283983236151603 0.29591836734693877 0.1303753644314869 0.15743440233236147
13 0.9649234693877551 0.7827988338192421 0.07015306122448976 0.16326530612244894
5 0.9636935131195333 0.6151603498542276 0.07261297376093277 0.16034985422740497
13 0.0627277696793003 0.60932944606414 0.1254555393586006 0.14868804664723037
13 0.9632835276967924 0.11880466472303204 0.07343294460641386 0.1618075801749271
71 0.8560495626822157 0.2908163265306123 0.13447521865889214 0.1559766763848397
71 0.8621993440233237 0.9300291545189503 0.14349489795918374 0.1311953352769679
61 0.1935131195335277 0.1326530612244898 0.13119533527696794 0.1574344023323615
61 0.1902332361516035 0.7747813411078718 0.13447521865889212 0.15306122448979592
61 0.8531796647230323 0.6107871720116617 0.13693513119533535 0.15160349854227398
11 0.37144679300291544 0.4577259475218659 0.34110787172011664 0.1253644314868805
