81 0.5577447556944736 0.2793569959960019 0.05785652070977584 0.06171362209042755
81 0.6718378145341514 0.28347123746869707 0.05646796421274132 0.06665071185766173
81 0.892618297562656 0.28017984429054094 0.05646796421274132 0.061713622090427515
81 0.8905354628171028 0.41183557141678584 0.057856520709774054 0.0567765323231931
81 0.9888915480237229 0.41265841971132533 0.02221690395255422 0.05842222891227131
81 0.8900726106514258 0.5476055400157268 0.05230229472163714 0.06335931867950563
81 0.9877344176095275 0.5467826917211878 0.024531164780945146 0.06335931867950563
81 0.9888915480237229 0.684609781056476 0.02221690395255422 0.06253647038496651
81 0.8942382801425296 0.6825526603201283 0.047673773064855283 0.06500501526858372
81 0.560984720854221 0.551719781488422 0.057856520709775906 0.061713622090427404
5 0.5612161469370596 0.68913544667644 0.05831937287545475 0.06665071185766117
5 0.6181469633154795 0.48260052474714316 0.05461655555002842 0.06006792550134953
5 0.513773799955044 0.3439505871173161 0.027308277775014246 0.06582786356312273
5 0.8349932029357192 0.34724198029547215 0.056005112047063224 0.05924507720681046
5 0.9458462966156496 0.48013197986352607 0.05369085121867215 0.06665071185766173
10 0.5616789991027383 0.4171840853312901 0.036102468922900144 0.0625364703849666
80 0.6172212589841222 0.3488876768845495 0.054616555550029554 0.06747356015220055
10 0.9476977052783624 0.343950587117316 0.05461655555002821 0.06418216697404457
10 0.9460777226984888 0.6150791001679276 0.05785652070977577 0.06500501526858372
10 0.9483919835268797 0.7323349821397399 0.05693081637841942 0.03455962837063936
10 0.5170137651147911 0.6216618865242391 0.02638257344365799 0.07158780162489582
10 0.8359189072670747 0.41759550947855945 0.032862503763152466 0.06171362209042732
80 0.9476977052783621 0.27688845111238475 0.055542259881384795 0.06006792550134947
81 0.9895858262722396 0.27976842014327136 0.02082834745551898 0.05430798743957625
80 0.8898411845685866 0.613844827726119 0.05276514688731538 0.06418216697404461
80 0.619072667646836 0.5513083573411524 0.052765146887315456 0.0625364703849666
24 0.5158566347005958 0.5533654780775001 0.02777112994069242 0.06994210503581783
24 0.8352246290185582 0.28100269258508 0.05461655555002821 0.0633593186795056
27 0.7276115004983754 0.2842940857632361 0.05230229472163742 0.07158780162489592
73 0.8354560551013975 0.48177767645260416 0.05600511204706308 0.06500501526858365
73 0.947003427029845 0.6829640844673978 0.058782225041132105 0.06911925674127857
73 0.5156252086177567 0.4830119488944126 0.027308277775014177 0.06582786356312262
60 0.5593647382743473 0.48383479718895167 0.057393668544097526 0.06253647038496651
78 0.5593647382743473 0.3464191320009331 0.05831937287545401 0.06911925674127882
78 0.9463091487813279 0.5467826917211879 0.05369085121867201 0.06006792550134946
59 0.8912297410656213 0.34477343541185507 0.05369085121867187 0.0608907737958885
37 0.5605218686885426 0.6216618865242398 0.05600511204706294 0.0650050152685838
10 0.6179155372326405 0.6196047657878923 0.05045088605892438 0.06418216697404482
55 0.6739206492797032 0.48260052474714316 0.055079407715706595 0.0666507118576616
55 0.8347617768528801 0.5496626607520745 0.053690851218671724 0.06582786356312255
37 0.6162955546527666 0.28182554087961903 0.05554225988138484 0.06500501526858365
37 0.9891229741065621 0.3414820422336989 0.021754051786875835 0.06418216697404454
68 0.8905354628171039 0.4809548281580652 0.054153703384349966 0.06500501526858365
68 0.6734577971140251 0.34929910103181977 0.05322799905299377 0.0633593186795056
78 0.5137737999550439 0.6936611122964053 0.031011095100439832 0.0707649533303568
60 0.9877344176095275 0.614667676020658 0.024531164780945146 0.06418216697404461
36 0.9875029915266883 0.48013197986352607 0.024994016946623388 0.06335931867950556
11 0.6982203879778092 0.416361237036751 0.16570107531279782 0.0608907737958885
