81 0.11971574344023324 0.5954810495626822 0.11643586005830904 0.129737609329446
81 0.7785623177842567 0.3236151603498542 0.12217565597667658 0.0962099125364432
81 0.9768130466472303 0.30466472303206993 0.04637390670553927 0.08454810495626823
81 0.9727131924198251 0.5852769679300291 0.05457361516034979 0.1268221574344023
81 0.777332361516035 0.5881924198250729 0.10659620991253646 0.1268221574344024
81 0.7793822886297377 0.85932944606414 0.10249635568513128 0.13556851311953366
81 0.9768130466472303 0.8651603498542273 0.04637390670553927 0.129737609329446
81 0.7810222303206998 0.05830903790087463 0.11233600583090393 0.11661807580174927
81 0.9772230320699709 0.05102040816326531 0.0455539358600582 0.10204081632653061
81 0.5620900145772595 0.060495626822157436 0.10741618075801754 0.12099125364431487
81 0.3398779154518951 0.06268221574344021 0.10249635568513121 0.12536443148688042
81 0.11438593294460642 0.05830903790087463 0.11725583090379009 0.11661807580174927
5 0.23369169096209916 0.4584548104956268 0.11151603498542279 0.12973760932944609
5 0.891308309037901 0.4540816326530612 0.11151603498542272 0.12973760932944609
5 0.6707361516034986 0.1858600583090379 0.10823615160349853 0.12682215743440234
5 0.02787900874635569 0.1836734693877551 0.05575801749271138 0.1282798833819242
73 0.8933582361516037 0.858600583090379 0.11561588921282805 0.13411078717201178
73 0.6658163265306123 0.45991253644314867 0.11151603498542279 0.1268221574344023
73 0.029518950437317792 0.4599125364431486 0.059037900874635584 0.13265306122448975
10 0.6699161807580175 0.3265306122448979 0.062317784256559816 0.1282798833819242
10 0.11807580174927114 0.32580174927113703 0.08691690962099123 0.12099125364431487
10 0.23000182215743442 0.1916909620991254 0.1106960641399417 0.1326530612244898
10 0.8937682215743442 0.1836734693877551 0.10659620991253646 0.1282798833819242
10 0.8921282798833821 0.7230320699708455 0.11315597667638486 0.1253644314868805
10 0.8958181486880469 0.9635568513119535 0.11889577259475217 0.06997084548104951
10 0.02910896501457726 0.7427113702623908 0.05821793002915452 0.13265306122448992
80 0.8921282798833821 0.05612244897959184 0.116435860058309 0.11224489795918367
80 0.23451166180758024 0.5940233236151604 0.1098760932944607 0.1268221574344024
80 0.776512390670554 0.7208454810495627 0.1049562682215742 0.12099125364431487
78 0.8892583819241984 0.5903790087463556 0.11397594752186592 0.12827988338192425
78 0.11315597667638486 0.184402332361516 0.11971574344023324 0.12973760932944606
78 0.028288994169096214 0.8790087463556853 0.05657798833819243 0.1370262390670554
37 0.974945335276968 0.1793002915451895 0.047558309037900696 0.1282798833819242
37 0.11930575801749271 0.7354227405247813 0.11397594752186588 0.13556851311953352
37 0.2295918367346939 0.05612244897959184 0.11151603498542276 0.11224489795918367
55 0.6666362973760934 0.5889212827988338 0.11479591836734698 0.13411078717201172
55 0.3439777696793003 0.4606413994169096 0.1041362973760933 0.1253644314868805
60 0.11807580174927114 0.4620991253644315 0.11151603498542272 0.13411078717201164
60 0.9747631195335277 0.7215743440233237 0.0504737609329446 0.1253644314868805
24 0.7859420553935861 0.9642857142857143 0.09757653061224487 0.07142857142857138
24 0.02910896501457726 0.6005830903790088 0.05821793002915452 0.13411078717201164
24 0.6662263119533529 0.0597667638483965 0.10741618075801745 0.11370262390670555
68 0.7789723032069972 0.4548104956268222 0.10659620991253632 0.12536443148688042
68 0.3402879008746356 0.1924198250728863 0.10003644314868801 0.1282798833819242
59 0.7810222303206998 0.1873177842565598 0.11069606413994165 0.12099125364431489
36 0.9747631195335277 0.4518950437317784 0.0504737609329446 0.13411078717201164
36 0.560860058309038 0.18877551020408162 0.10167638483965029 0.12682215743440234
11 0.4026056851311954 0.3287172011661807 0.33782798833819244 0.12099125364431483
