81 0.059037900874635584 0.12755102040816324 0.11807580174927117 0.1588921282798834
81 0.3152787900874635 0.13192419825072885 0.12709548104956267 0.1588921282798834
81 0.5838192419825073 0.13192419825072887 0.11971574344023324 0.16180758017492713
81 0.8511297376093296 0.1217201166180758 0.13611516034985427 0.16180758017492713
81 0.8453899416909622 0.4504373177842565 0.1475947521865889 0.12536443148688042
81 0.8527696793002917 0.7798833819241984 0.13775510204081642 0.1661807580174927
81 0.05821793002915452 0.7784256559766765 0.11643586005830904 0.16326530612244908
5 0.18736333819241985 0.6122448979591837 0.1303753644314869 0.15160349854227412
5 0.710094752186589 0.2922740524781341 0.1295553935860059 0.14431486880466474
5 0.9587736880466473 0.6166180758017492 0.08245262390670546 0.16034985422740525
73 0.7109147230320702 0.6151603498542273 0.13283527696793002 0.15160349854227398
85 0.0594478862973761 0.28498542274052474 0.1188957725947522 0.1530612244897959
85 0.05698797376093295 0.9307580174927114 0.1139759475218659 0.13848396501457727
10 0.05083819241982507 0.44970845481049565 0.07215743440233235 0.1559766763848397
10 0.1869533527696793 0.2908163265306123 0.13119533527696792 0.15306122448979603
10 0.9583637026239067 0.28644314868804666 0.08327259475218654 0.15597667638483967
10 0.9641034985422741 0.9365889212827989 0.07179300291545175 0.12682215743440226
10 0.7158345481049564 0.934402332361516 0.1246355685131198 0.1311953352769672
61 0.17752368804664725 0.9358600583090383 0.1303753644314869 0.12827988338192348
51 0.7117346938775512 0.13556851311953355 0.1279154518950436 0.16034985422740525
51 0.32347849854227406 0.29664723032069973 0.1287354227405248 0.15306122448979592
51 0.7125546647230321 0.7842565597667638 0.12299562682215737 0.1720116618075801
13 0.9587736880466473 0.11807580174927107 0.0824526239067053 0.15451895043731767
13 0.9612336005830899 0.7798833819241981 0.07753279883381865 0.15451895043731775
13 0.5764395043731779 0.29591836734693877 0.13611516034985427 0.15743440233236147
13 0.05821793002915452 0.6122448979591837 0.11643586005830904 0.15743440233236142
71 0.8535896501457728 0.9322157434402333 0.14431486880466465 0.12390670553935877
71 0.8478498542274053 0.2886297376093295 0.13447521865889228 0.15743440233236153
10 0.7146045918367346 0.4526239067055393 0.09265670553935862 0.14723032069970843
61 0.18244351311953355 0.782069970845481 0.12873542274052477 0.16763848396501457
61 0.1853134110787172 0.1260932944606414 0.13119533527696794 0.15597667638483967
