81 0.32675838192419826 0.13994169096209913 0.13037536443148692 0.1574344023323615
81 0.8556395772594754 0.13338192419825073 0.13201530612244908 0.16763848396501457
81 0.8617893586005831 0.4569970845481049 0.1443148688046648 0.11807580174927118
81 0.85932944606414 0.7908163265306123 0.14103498542274054 0.16472303206997083
81 0.06313775510204082 0.13702623906705538 0.12627551020408165 0.16326530612244894
81 0.06354774052478135 0.7886297376093293 0.1205357142857143 0.16326530612244894
81 0.5932489067055394 0.1457725947521866 0.11889577259475224 0.15743440233236153
5 0.19474307580174927 0.619533527696793 0.13365524781341107 0.15160349854227398
5 0.719524416909621 0.3017492711370262 0.12873542274052482 0.14577259475218654
5 0.9663811953352769 0.6217201166180757 0.06723760932944614 0.16763848396501457
73 0.7219843294460643 0.6246355685131195 0.12217565597667629 0.15597667638483956
71 0.8621993440233237 0.9395043731778426 0.13529518950437308 0.12099125364431487
71 0.8523596938775506 0.2966472303206997 0.1369351311953352 0.15597667638483964
61 0.19638301749271136 0.13848396501457727 0.13037536443148684 0.16034985422740525
11 0.19515306122448986 0.7857142857142851 0.13283527696792996 0.1545189504373176
61 0.8560495626822159 0.6290087463556852 0.1393950437317784 0.16472303206997083
10 0.1980229591836735 0.3017492711370262 0.1287354227405248 0.15160349854227406
10 0.05944788629737609 0.46282798833819244 0.0795371720116618 0.1588921282798834
10 0.7170645043731768 0.45699708454810517 0.08773688046647214 0.15889212827988367
10 0.963283527696793 0.2922740524781341 0.07343294460641388 0.1588921282798834
85 0.06518768221574345 0.30029154518950435 0.1270954810495627 0.151603498542274
85 0.058627915451895045 0.9373177842565598 0.115615889212828 0.1253644314868805
10 0.9690233236151604 0.9387755102040817 0.0619533527696791 0.12244897959183675
13 0.9669733965014577 0.791545189504373 0.06605320699708443 0.1603498542274052
13 0.9649234693877551 0.1282798833819242 0.07015306122448976 0.163265306122449
51 0.7203443877551021 0.14285714285714288 0.12873542274052482 0.15743440233236153
51 0.32921829446064144 0.3053935860058309 0.12381559766763846 0.1559766763848396
13 0.06190779883381925 0.6231778425655977 0.1238155976676385 0.1559766763848397
10 0.19146319241982507 0.9409620991253643 0.12709548104956267 0.11807580174927111
11 0.39973578717201164 0.4620991253644315 0.396045918367347 0.11953352769679298
