81 0.988448668022275 0.3701321850456981 0.022362535138882974 0.07471810259402498
49 0.9444903099665892 0.37097516779619283 0.06343987931028004 0.07471807765447105
81 0.880997306260266 0.37365668501978994 0.06121948514875954 0.07330830260438709
1 0.8203857709211662 0.373085977210607 0.0594748818407088 0.07330847718124742
81 0.6427011128323449 0.3764762849990617 0.05725449024979203 0.07330830260438699
19 0.5836758163185033 0.376615726960295 0.06026788339110608 0.07189855249385399
81 0.5269232617825078 0.37647628499905944 0.050910498411441435 0.07330830260438646
1 0.527769147377395 0.4478053766613087 0.053130890002360154 0.07330847718124738
81 0.5281127602521959 0.5216856839315586 0.05487549331041157 0.07330830260438703
71 0.528958885427457 0.5928052269085381 0.05392389309511878 0.07048880238332114
81 0.5281127602521956 0.66548528287442 0.05487549331041183 0.07330830260438699
19 0.5289586255393095 0.724131424405538 0.05233789359316873 0.04511235269076961
10 0.586874024388019 0.7240414512267627 0.05979208431170137 0.04811989773716994
50 0.5868478091529513 0.6642097000099713 0.05868188645976105 0.06907902733323673
73 0.584363078313634 0.5925528080554068 0.05804748922958496 0.06936105716190838
10 0.644366450423041 0.521735152714012 0.06058508329149616 0.07208649756098054
10 0.9409480688657788 0.5217351527140115 0.06217108125108294 0.07490609754025239
10 0.9445165642748486 0.7275659512008491 0.058206086352115036 0.04107089778898851
81 0.986836234981074 0.6725342828225973 0.023155534118676335 0.07612790258365833
19 0.986915536370006 0.5972494253383084 0.02458292930040227 0.0761279524627614
81 0.9856467365113853 0.5202758839419208 0.025534531058054956 0.07612790258365973
71 0.9877085345786172 0.4433664280071332 0.024582930842765405 0.07612800234186497
5 0.9415562518891294 0.44433824580368314 0.06306981387375309 0.07481226217422265
5 0.5827242135326088 0.44997744576222587 0.05751882101519836 0.07199266219495096
49 0.6435471971349878 0.4478092672313489 0.057888886451725304 0.07048867768556355
73 0.8198837753122791 0.44593360913327373 0.05804748922958496 0.06936105716190838
73 0.9412126192206713 0.596782208024314 0.06280548310834579 0.07218065714118073
19 0.8810504337410346 0.4456959264524538 0.06026788339110608 0.07189855249385399
50 0.8818434296361025 0.5951295005178124 0.05868188645976105 0.06907902733323673
1 0.9413181153396626 0.671963575013416 0.0634398767396766 0.07330847718124733
11 0.7946133973908353 0.5215695582662907 0.1776316563106291 0.0733083026043864
50 0.9869157944587309 0.7297653995280388 0.022996932369054937 0.03383402759234147
