5 0.13305287058911625 0.4789412524471936 0.12125687815063141 0.14468888768929739
81 0.2552881724971439 0.33013172863766976 0.11929945756258467 0.14706984007024973
81 0.745930660922545 0.3246371259429032 0.12084478823479074 0.14706984007024973
81 0.25683350316934983 0.9264650799648751 0.11929945756258467 0.14706984007024973
81 0.037242434034305515 0.6295875755024488 0.07448486806861103 0.14706984007024976
81 0.03353322103558463 0.32738442729028633 0.0652128840353751 0.1470698400702497
81 0.03739654771609959 0.9262961210198439 0.07293953739640505 0.14157523737548294
81 0.9697115539906216 0.6309612261761408 0.060576892018757045 0.15531174411239895
81 0.9712568846628273 0.9319596826596417 0.05748623067434457 0.1360806346807152
81 0.9704842193267246 0.3232634752692119 0.05903156134655098 0.15531174411239895
10 0.25647321428571423 0.6294910917976886 0.1175480949568508 0.1549453951459691
10 0.8738328178320061 0.6294910917976887 0.12527474831788035 0.15494539514596908
5 0.8740389279118865 0.4789412524471935 0.12589287016724932 0.15018349038406392
71 0.37706043956043955 0.3324175824175824 0.11744505494505489 0.1483516483516483
71 0.03631523272554062 0.7829750033884412 0.07263046545108123 0.14835164835164819
71 0.9698660899632833 0.47802455382889575 0.06026782007343321 0.14835164835164805
19 0.13212568681318682 0.3282967518968338 0.12517170129295066 0.14560439560439556
19 0.745621963678964 0.47665102465553166 0.12517170129295066 0.14560439560439556
19 0.9714114241420557 0.7870960769098428 0.05717715171588665 0.14560439560439534
73 0.13547388907638516 0.77958283698972 0.1252747352934884 0.14816888696954367
73 0.8741419503908476 0.7850774396844865 0.1252747352934884 0.14816888696954367
49 0.876201923076923 0.3228021978021978 0.126717032967033 0.14560439560439561
49 0.258069654194528 0.4821456759504285 0.12053571027820906 0.14560439560439561
10 0.3785543373899869 0.4893787230811405 0.11754809495685034 0.15494539514596906
1 0.25807005494505497 0.7788461538461539 0.1205357142857143 0.14560439560439561
1 0.6196774322412562 0.32554143152791043 0.12053571428571433 0.14560439560439561
1 0.8754296584913469 0.9299451035451856 0.1282623676467444 0.14010979290962886
11 0.5949519090506548 0.6304943596941138 0.3461538461538462 0.15659340659340656
50 0.1336710164835165 0.9271978021978022 0.12208104395604397 0.14010989010989022
