5 0.9002564685310499 0.2994429501574098 0.12362637362637367 0.14235764235764237
44 0.7738203226232874 0.2969454034779704 0.12362637362637367 0.14235764235764237
44 0.6508962918796296 0.4443006575648924 0.11660214329816451 0.1423576423576423
44 0.8988516224654086 0.8863664198256587 0.12362637362637367 0.14235764235764237
86 0.6508962918796297 0.29819417681769 0.11660214329816415 0.12986990896044548
81 0.8974467763997666 0.4443006575648924 0.12362637362637367 0.14235764235764237
73 0.7738203226232875 0.4443006575648924 0.12362637362637367 0.14235764235764237
81 0.4099651916220594 0.4368080175265743 0.12362637362637367 0.14235764235764237
81 0.15568805374089223 0.7315185257004185 0.12362637362637367 0.14235764235764237
32 0.2891484299768638 0.2894527634396523 0.12362637362637367 0.14235764235764237
5 0.2849338917799388 0.43930556420601385 0.12362637362637367 0.14235764235764237
16 0.15990259102702095 0.28696303696303704 0.12643606393606394 0.14235764235764234
86 0.1592001689049968 0.4343104708471348 0.1278409118232992 0.1423576423576423
86 0.8974467763997666 0.7390111657387364 0.12362637362637367 0.14235764235764237
10 0.2863387378455804 0.581665724934057 0.12362637362637367 0.14235764235764237
10 0.8974467763997661 0.5916559116518144 0.12362637362637367 0.14235764235764237
10 0.7696057844263621 0.7465038057770547 0.12362637362637367 0.14235764235764237
11 0.6501935482463866 0.5904095241366851 0.2922077922077925 0.14485527740095538
81 0.9838354275538606 0.29754358232398137 0.03232914489227823 0.13854388483225344
81 0.9817281584553977 0.8944572387099876 0.033733990957920096 0.14853407155001105
