81 0.5864022475324399 0.5323585091827475 0.06104557213129873 0.06471701836549514
81 0.5861222219722045 0.6777228888960132 0.06272572549271047 0.06670831123827953
81 0.9406345812301131 0.5313628627463554 0.0616056232517694 0.06670831123827953
81 0.9414746579108191 0.38251372050571675 0.06216567437223986 0.06173007905631828
81 0.8216237181301043 0.2640317945750413 0.05880536764941624 0.02389551447341354
81 0.704012982831272 0.2640317945750412 0.05992546989035759 0.025886807346198033
81 0.5844420686107925 0.2620405017022568 0.06160562325176933 0.029869393091766946
5 0.6446475640613852 0.46116978898070293 0.056565163167533544 0.06571266480188726
5 0.5275968798830236 0.31281846995826057 0.04984454972188601 0.07168654342024058
5 0.8798690346590469 0.3177967021402215 0.05880536764941606 0.0756691291658099
5 0.986558773108705 0.4556937335805457 0.02688245378259026 0.07069089698384844
73 0.528716982123965 0.46266325863529134 0.05320485644470985 0.07467348272941728
73 0.8784689068578732 0.4606719657625068 0.05824531652894578 0.06869960411106397
10 0.5869622986529104 0.3869941294694817 0.04648424299906239 0.0686996041110639
10 0.64492758962162 0.31729887892202546 0.060485521010827915 0.06670831123827917
10 0.528716982123965 0.6070319919121648 0.05208475420376871 0.07069089698384837
10 0.6463277174227968 0.6060363454757719 0.05880536764941589 0.06869960411106378
10 0.9854386708677636 0.604045052602988 0.029122658264472818 0.07268218985663281
10 0.8807091113397557 0.38848759912407005 0.03920357843294397 0.061730079056318346
80 0.6466077429830324 0.5323585091827474 0.057125214288004 0.07069089698384844
78 0.5869622986529105 0.6050406990393803 0.05992546989035745 0.06670831123827937
78 0.5275968798830236 0.6836967675143666 0.05208475420376857 0.07467348272941748
78 0.5824818896891454 0.3143119396128489 0.05992546989035745 0.06869960411106386
36 0.8202235903289278 0.3168010557038295 0.0593654187698867 0.07168654342024058
78 0.9862787475484694 0.5328563324009435 0.027442504903061007 0.07367783629302516
80 0.93783432562776 0.6055385222575764 0.0627257254927106 0.0696952505474561
68 0.9409146067903484 0.457187203235134 0.06104557213129866 0.06770395767467179
68 0.705693136192684 0.3187923485766139 0.05880536764941624 0.0696952505474562
27 0.7622582993602175 0.26303614813864906 0.05432495868565099 0.029869393091766946
78 0.6432474362602083 0.2615426784840606 0.05936541876988681 0.03484762527372808
60 0.5866822730926752 0.45967631932611464 0.0627257254927106 0.0686996041110639
24 0.5292770332444355 0.5368389181465125 0.05096465196282743 0.0716865434202407
59 0.8795890090988137 0.2630361481386489 0.05936541876988679 0.023895514473413697
59 0.943994887952937 0.3093337074308878 0.06384582773365195 0.07467348272941728
10 0.9876788753496462 0.30584894490351494 0.024642249300707846 0.07168654342024058
59 0.5852821452914985 0.7349725589885665 0.05768526540847482 0.027878100218982384
11 0.7359358966980979 0.39296800808783516 0.1775362051891895 0.06670831123827944
