5 0.6421676349231094 0.45849387170762285 0.04849742682624914 0.05709006401168061
8 0.5949807772806229 0.45860693368160144 0.04194370775157827 0.05708991973328487
71 0.5949809151585158 0.4003503750667683 0.04063297880791046 0.05709002278928172
8 0.7909871266733252 0.3972137538034945 0.05242964467446712 0.05942016765003828
7 0.845004792871508 0.39627293588124163 0.05570649656372154 0.060585270997215765
5 0.9020222267890875 0.3933586110621265 0.05832799651550005 0.06408078715074188
81 0.9026774863122611 0.4580205277136848 0.05832798759274015 0.06524564316352548
81 0.9642823657342287 0.3898607761486433 0.05963872970810141 0.06641076712190214
81 0.962316252561187 0.6584218485544886 0.060949471823462525 0.06524564316352538
81 0.9020221152545789 0.7190082943900816 0.05832798759274011 0.060585147330018484
73 0.8446771398470102 0.4563202445975286 0.05505113187944102 0.06291564258116489
47 0.7899536660907879 0.45860561456482635 0.05177427276699948 0.06175037434439282
10 0.84402173416052 0.5861841219127301 0.05636186762140099 0.06291535402437372
47 0.844677149407109 0.6502685057178046 0.055051128055399114 0.06058525038601321
71 0.8423834894329084 0.7143512818493063 0.05701725524992243 0.06291564258116525
8 0.9010390612174191 0.6537651967097095 0.058983355251274225 0.06757603535867476
71 0.9616610219307608 0.5896830183029934 0.059638739480645825 0.06524589049791989
10 0.96231621007185 0.7201733771260548 0.06094946502516316 0.055924610274111934
10 0.9023497582940844 0.5244325521187612 0.05767260973676222 0.06524560194112496
10 0.9629715811295309 0.4568553625329075 0.06226020714052687 0.06524560194112485
47 0.6418398070549922 0.3997668546667987 0.04915278853627826 0.058255002469261324
81 0.5959638313177815 0.574532923551361 0.04259908220840916 0.05592465149650949
7 0.5953084198952332 0.6327930994317255 0.04390981752547279 0.0559247751637108
8 0.5953588659556927 0.691990115272817 0.04390982092462115 0.05942016765003889
10 0.5949807322419255 0.7359025505641434 0.04456518858315293 0.024466263397937164
10 0.6424951339237611 0.5197720562852527 0.04915278598691608 0.06058510610761786
11 0.7817615631359314 0.5200199502033453 0.14156005668202426 0.06641089078909779
