81 0.16645408163265307 0.5685131195335277 0.12135568513119535 0.13702623906705533
78 0.1668640670553936 0.8651603498542273 0.1254555393586006 0.14139941690962157
81 0.8732689504373178 0.564868804664723 0.1229956268221575 0.13848396501457721
81 0.8773688046647231 0.8607871720116617 0.1229956268221575 0.14431486880466465
81 0.8785987609329448 0.2755102040816326 0.1270954810495627 0.11078717201166179
81 0.636707361516035 0.029154518950437316 0.11725583090379012 0.05830903790087463
81 0.4026056851311954 0.03206997084548104 0.11643586005830907 0.06413994169096209
81 0.15825437317784258 0.02988338192419825 0.12463556851311955 0.0597667638483965
5 0.2853498542274053 0.4234693877551021 0.11479591836734696 0.13848396501457721
5 0.7531432215743442 0.1282798833819242 0.1205357142857143 0.1370262390670554
5 0.9706632653061226 0.4161807580174927 0.05867346938775498 0.14431486880466465
5 0.051248177842565606 0.1217201166180758 0.10249635568513121 0.14723032069970846
73 0.7560131195335279 0.4220116618075801 0.116435860058309 0.14139941690962093
73 0.9698432944606415 0.8600583090379008 0.06031341107871711 0.1545189504373178
73 0.052068148688046635 0.4249271137026238 0.10249635568513117 0.14431486880466468
10 0.753143221574344 0.7084548104956268 0.11561588921282805 0.142857142857143
10 0.280430029154519 0.13411078717201166 0.11807580174927114 0.13994169096209913
10 0.16522412536443148 0.28425655976676384 0.0696975218658892 0.1341107871720116
10 0.053708090379008755 0.7201166180758016 0.10085641399416911 0.14285714285714277
10 0.9682033527696794 0.7120991253644314 0.06359329446064138 0.13556851311953366
10 0.9739431486880467 0.11516034985422742 0.05211370262390659 0.14285714285714288
10 0.7547831632653061 0.2769679300291545 0.0746173469387756 0.1224489795918367
10 0.27797011661807586 0.7164723032069971 0.09511661807580175 0.13848396501457727
5 0.0528881195335277 0.975218658892128 0.09757653061224492 0.04956268221574311
37 0.16727405247813404 0.7164723032069972 0.12135568513119532 0.14431486880466465
37 0.2792000728862974 0.028425655976676387 0.11561588921282802 0.05685131195335277
78 0.15948432944606417 0.12900874635568513 0.12381559766763851 0.15014577259475217
78 0.9698432944606415 0.564868804664723 0.06031341107871711 0.14431486880466465
24 0.878188775510204 0.11880466472303212 0.12463556851311962 0.14139941690962105
24 0.8814686588921283 0.9686588921282799 0.11643586005830912 0.05976676384839649
24 0.7547831632653061 0.026239067055393587 0.11889577259475231 0.052478134110787174
24 0.051658163265306124 0.5706997084548106 0.10331632653061225 0.14139941690962105
60 0.1668640670553936 0.4227405247813411 0.12217565597667639 0.13411078717201164
68 0.4009657434402332 0.1370262390670554 0.11315597667638493 0.1370262390670554
27 0.5169916180758019 0.028425655976676387 0.11397594752186592 0.05685131195335277
36 0.6346574344023325 0.1348396501457726 0.11807580174927111 0.1443148688046647
80 0.8749088921282799 0.706997084548105 0.12299562682215737 0.1370262390670554
80 0.28616982507288635 0.5714285714285715 0.11479591836734696 0.13411078717201164
78 0.051248177842565606 0.8680758017492711 0.10249635568513121 0.14723032069970857
78 0.6403972303206998 0.423469387755102 0.09839650145772609 0.13556851311953352
55 0.7523232507288631 0.565597667638484 0.11725583090379005 0.1311953352769679
55 0.4017857142857143 0.4285714285714286 0.11315597667638486 0.13411078717201172
68 0.875728862973761 0.41982507288629733 0.11971574344023338 0.14285714285714285
11 0.4645134839650146 0.2842565597667638 0.34684766763848396 0.11370262390670546
