81 0.5182269988217967 0.3225328174452139 0.03573779751963848 0.07453010764779307
81 0.6199422686853832 0.31947830483669776 0.05498122695329002 0.06842108243076084
81 0.8429598705146654 0.31398018214136875 0.05429396161637385 0.06964288747416728
81 0.9618567738011552 0.30603844935922686 0.05979208431170278 0.07086469251757378
81 0.9611695084642389 0.4465460293509679 0.06116661498553512 0.06842108243076091
81 0.9646058361172278 0.5870535880357479 0.06391567633319929 0.06597734450218412
81 0.967354896496484 0.7226739691608242 0.06254114565936718 0.0537594219098834
81 0.5178833661533386 0.7263393842910435 0.03230147083505777 0.04642859164944482
81 0.5185706314902547 0.5992716597767733 0.03505053218272238 0.07086469251757378
81 0.5199451611956775 0.46059665950837825 0.035050532182722346 0.06964280224632485
10 0.6223476973645896 0.45937498230673557 0.05704302296403831 0.06964288747416739
10 0.90069015881562 0.4502114444811873 0.058417553637870295 0.07086469251757378
10 0.9030955874948264 0.656085594295173 0.05773028830095441 0.07208649756098005
10 0.5625556111160683 0.6670817757649491 0.05566849229020611 0.06719927738735436
73 0.5659919397374673 0.5296287723026061 0.05566849229020605 0.06597747234394788
73 0.9020646894894523 0.5204652344770577 0.05704302296403838 0.0647556673005414
73 0.7859168475506272 0.38667758222405213 0.05704302296403838 0.06597747234394788
13 0.8433035031831235 0.38423397213723925 0.05498122695329016 0.06597747234394788
13 0.6226913271278198 0.5271851409088326 0.05360669821627599 0.06353386225713487
71 0.9601386104588647 0.3762922393550974 0.05910481897478661 0.06719927738735429
71 0.966667631159568 0.6603619119470956 0.06529020700703171 0.0733083026043866
5 0.5649610417320932 0.3897320948325682 0.056355757627122284 0.0647556673005414
5 0.901377424152536 0.37873584944191024 0.057043022964038244 0.06719927738735443
56 0.5649610417320932 0.5968280496899605 0.056355757627122284 0.06597747234394802
56 0.563586511058261 0.3243655250103235 0.05085763493179314 0.06597747234394799
56 0.8433035031831235 0.521076136998761 0.05498122695329016 0.06597747234394788
85 0.6202859013538412 0.3897320948325682 0.05429396161637385 0.0647556673005414
85 0.5192578968271708 0.5290178697809028 0.03642506285655458 0.06964288747416716
51 0.9017210568209941 0.5882754143861153 0.05773028830095456 0.06353386225713514
51 0.5625556130528867 0.7281720918561533 0.05429396161637378 0.04520678660603849
51 0.9013774241525361 0.30970386448944626 0.05841755363787058 0.06842108243076087
85 0.7852295822137111 0.3170346947498849 0.05291943094254165 0.06597747234394802
81 0.6223476973645896 0.5949953421248508 0.05429396161637392 0.06475566730054162
61 0.5178833661533386 0.6707472548160505 0.03230147083505777 0.062312057213728594
61 0.9628876718065292 0.5192434294336513 0.061853880322451 0.06719927738735429
61 0.6759543936440473 0.3213110124018074 0.05429396161637385 0.06719927738735443
61 0.519601529495629 0.3933975099627876 0.03436326684580614 0.062312057213728594
11 0.7701097448015554 0.45387683830444586 0.16700547687061817 0.07086473513149504
10 0.674236230301757 0.38851028978916186 0.05223216560562534 0.05986844712691564
71 0.906188281510949 0.7226739691608242 0.06116661498553526 0.0562030319966965
