11 0.24906181714649492 0.5296608503747828 0.4258474576271187 0.18361581920903952
46 0.33493054348166806 0.17752207026567418 0.13983050847457634 0.16949152542372886
81 0.76112458319616 0.1822036119296683 0.13983049461970343 0.17796599064533541
81 0.7584459949442797 0.532209715551732 0.13983049461970343 0.17796599064533541
81 0.18121022666408382 0.8893588008803683 0.13983049461970343 0.17796599064533541
81 0.7557674066923995 0.8726918435650322 0.13983049461970343 0.17796599064533541
81 0.986493655613524 0.5296609614243627 0.02701268877295165 0.16666666666666663
10 0.9033368851890894 0.35734463276836137 0.14459747148199162 0.16666666666666657
10 0.053548617977834 0.34663016020850207 0.10709723595566797 0.17857163617762103
66 0.6169806699494021 0.18308073640452988 0.138241497713983 0.17231638418079098
81 0.18189316459022384 0.16896688127973022 0.13983049461970343 0.17796599064533541
66 0.05402536600017631 0.1666558670950211 0.10805073200035259 0.18079112702634725
23 0.1898835022860171 0.35028231930133635 0.14777542372881358 0.17514124293785316
23 0.7537263293068116 0.3550443071057181 0.14777542372881358 0.17514124293785316
73 0.33230175412936114 0.3487891106336778 0.14141949152542374 0.17514124293785316
5 0.6132558230162478 0.3516071953663659 0.13665254237288138 0.1638418079096045
66 0.18293734273140913 0.7076269520696978 0.1445974483905368 0.1723163841807909
66 0.7574945227597246 0.7052459581675068 0.1445974483905368 0.1723163841807909
5 0.055614422943679444 0.7132767528710078 0.11122884588735889 0.1779662682692851
23 0.055614422943679485 0.8898302863754164 0.10805087054908208 0.1807909604519776
45 0.8969809506765537 0.8771185330182166 0.1350635593220339 0.1666666666666667
5 0.8993644298711158 0.7005648051770426 0.13665254237288138 0.1638418079096045
81 0.9816964285714286 0.875 0.032142857142857084 0.1738095238095238
10 0.6140493539860213 0.5287761937261068 0.14459747148199162 0.16666666666666657
46 0.9041305470062233 0.17752207026567418 0.13983050847457634 0.16949152542372886
