81 0.6279395380604069 0.3384995878988209 0.051857293603671265 0.06442244774324876
81 0.832557172460435 0.33961031975646305 0.04998293359390004 0.059979520312679925
81 0.9384585130125106 0.3373888560411787 0.051857293603671195 0.06220098402796438
81 0.9365841547634831 0.4623461512860002 0.054356440283366114 0.0655331796008911
81 0.9350221863279299 0.5906357195836052 0.05373165361344249 0.06220098402796438
81 0.9353345796628918 0.7161484194971761 0.04935814692397614 0.0666439114585333
81 0.5270364908677214 0.7144823217107128 0.0512325069337475 0.06331171588560665
81 0.5270364908677214 0.5889696217971419 0.0512325069337475 0.06331171588560665
81 0.6307510780750638 0.5867481580818573 0.0512325069337475 0.05886878845503773
81 0.5270364908677214 0.4629015559547497 0.04873336025405237 0.06220098402796438
81 0.525786917527874 0.3368334901123575 0.046234213574357454 0.06553317960089103
5 0.5767070311266596 0.4007005719267853 0.053106866943518585 0.06220098402796445
5 0.882540106054335 0.40125593785560637 0.05123250693374757 0.06109025217032226
5 0.9812563999022873 0.5281115884462088 0.037487200195425174 0.05933322609381598
73 0.9800068265624398 0.7178145172836394 0.03748720019542489 0.06553317960089103
73 0.8819153193844111 0.5273240036979986 0.04998293359390004 0.06220098402796438
73 0.578268997801469 0.5267686377691774 0.05248208027359496 0.061090252170322115
10 0.881602925169077 0.4640122684424277 0.050607720263823805 0.059979520312679925
10 0.9812564091461918 0.39958869724125473 0.037487181707612435 0.059979520312679675
10 0.9809440153710444 0.6528399771355194 0.03811196925790898 0.05997952031267979
10 0.68104612152416 0.4018101996964677 0.050607720263823805 0.059979520312679925
10 0.5779561757253706 0.6517292259079146 0.050607720263823805 0.059979520312679925
10 0.6310631175005044 0.4629015172148213 0.050607720263823805 0.059979520312679925
57 0.6307510780750638 0.5251025399827141 0.0512325069337475 0.06220098402796438
57 0.5260993108628358 0.6517259717539274 0.04935814692397621 0.05775805659739547
57 0.5751450644518502 0.3362781241835364 0.0512325069337475 0.06442244774324885
57 0.9359593663328155 0.40125593785560637 0.050607720263823666 0.05886878845503773
51 0.6313758647449874 0.6478383715122511 0.051232506933747285 0.06109025217032225
51 0.8816029260494495 0.5900803536547841 0.04810857358412861 0.061090252170322115
51 0.5267240975327596 0.40070057192678527 0.04685900024428129 0.059979520312679994
51 0.680421618334002 0.3401656856852842 0.050607720263823666 0.0633117158856066
3 0.8844144660641061 0.33961031975646305 0.05123250693374743 0.059979520312679925
3 0.9343974700877612 0.5262165259943434 0.051232506933747424 0.059979520312679925
3 0.5807677166203993 0.7161549859150429 0.051232506933747424 0.059979520312679925
3 0.579518141519808 0.58952934596791 0.051232506933747424 0.059979520312679925
65 0.6288767171849207 0.402922055012034 0.04998293359389991 0.059979520312679994
65 0.9803197142262473 0.5917497637051264 0.03561281993709789 0.059979520312679856
39 0.9343973996580062 0.6533920695403908 0.05248208027359496 0.061090252170322115
39 0.5267240975327596 0.5251025399827141 0.04810857358412868 0.059979520312679994
39 0.8309952057856256 0.40181130378442753 0.04810857358412861 0.059979520312679994
39 0.9825059732421348 0.3353996111452833 0.034988053515730255 0.060443957951458176
11 0.7497729378151655 0.4651230003000699 0.17931377426811587 0.06664398893839014
