65 0.9684853178255576 0.5804947578689685 0.0516137374382694 0.0593017286338876
65 0.6239780057016014 0.3978416680421465 0.0491675316717085 0.06220098402796417
10 0.6238889275959126 0.4597048603186775 0.04816151449726279 0.05997952031268
10 0.9683962397198695 0.740207819695583 0.05060772026382368 0.01794031709857066
10 0.9716578474086164 0.39737086934603205 0.050607720263823805 0.05997952031268
10 0.968396239719869 0.6409083224484614 0.050607720263823805 0.05997952031268
10 0.8689172052130695 0.45825523262163936 0.050607720263823805 0.06287877570675658
10 0.6728130429271252 0.39954531089158934 0.04816151449726319 0.0614291480097183
10 0.57618791514798 0.6409083224484614 0.050607720263823805 0.05997952031268
51 0.6723364362816976 0.33747626846027456 0.04998293359390002 0.06075135633092614
51 0.52434098740478 0.3976358178873629 0.04264431629421674 0.06220098402796438
51 0.8664020937621747 0.5788392800171467 0.04998293359390004 0.062200984027964416
57 0.918551121324609 0.397413904837995 0.0493581469239762 0.06109025217032225
57 0.6250064293373326 0.5191826313892096 0.049358146923976214 0.05819099677624571
57 0.5247119929083459 0.6409513579404243 0.0493581469239762 0.06109025217032225
57 0.5711899024729981 0.3350799138653493 0.0493581469239762 0.06109025217032225
81 0.8175679772289192 0.33971584256489123 0.0493581513258362 0.06220092591807162
81 0.621871515904068 0.336816587170815 0.0493581513258362 0.06220092591807162
81 0.9219394232688393 0.3368165871708147 0.0493581513258362 0.06220092591807162
81 0.9194932175022789 0.46003494141906776 0.0493581513258362 0.06220092591807162
81 0.9186778155800915 0.6999483252789017 0.04935815132583618 0.06075129822103336
81 0.917047011735718 0.5789044125762058 0.0493581513258362 0.06220092591807162
81 0.5240232852416428 0.4593101275705487 0.046096543637088504 0.06075129822103334
81 0.5256540890860161 0.580354040273244 0.0493581513258362 0.059301670523995
81 0.6251331235928164 0.5789044125762056 0.049358151325836194 0.059301670523995174
81 0.526469491008203 0.7006731391274208 0.0493581513258362 0.06220092591807162
81 0.5223924813972696 0.3368165871708143 0.04446573979271652 0.06220092591807154
5 0.5729424148506879 0.3980111547017756 0.05210084976906824 0.05896283279449181
5 0.8689333126045252 0.3972863408532566 0.05047004592469469 0.05751320509745359
5 0.9688200480724183 0.5197798812529904 0.05128544784688166 0.058962832794491826
39 0.9167986096730492 0.6389857459892787 0.049982933593899936 0.059301767373815956
39 0.818950379010624 0.4012468036750023 0.049982933593899936 0.05930176737381599
39 0.9722459403817573 0.33456392961124193 0.049982933593899936 0.059301767373815956
39 0.5241825841400672 0.5201162748321404 0.0475367278273397 0.059301767373815914
3 0.8702406705538482 0.33964637113384905 0.051857293603671195 0.059301728633888
3 0.5758805766443849 0.7027781092419353 0.04696488207054937 0.060751356330926216
3 0.5746574737611044 0.5802845688422016 0.04778028399273633 0.06220098402796447
3 0.9175339820406879 0.5208498332636328 0.04859568591492416 0.05930172863388808
73 0.5747691334894385 0.5190424622712732 0.04973937268867545 0.059433567365703155
73 0.8674984235545281 0.5219417176653497 0.04973937268867545 0.059433567365703155
73 0.9669774580613276 0.7002459244010569 0.04973937268867545 0.059433567365703155
5 0.5763999325939856 0.7430055108026948 0.04973937268867543 0.02029444584257512
11 0.7492646305661989 0.4603336660145941 0.16226451090240032 0.06088316656974493
