46 0.9561325775991808 0.3366088656694788 0.07247808243893654 0.08640733359876902
81 0.5924516660000104 0.6958362440584476 0.07285011276358344 0.08674807285401538
81 0.8831667293987328 0.5125622915033865 0.07285011276358344 0.08674807285401538
81 0.5924516660000104 0.33295381799942675 0.07285011276358344 0.08674807285401538
81 0.882479459745308 0.33906294975126205 0.07285011276358344 0.08674807285401538
66 0.8092852330225406 0.3390581556851206 0.07353739105002532 0.08674815808185739
66 0.5921080225402799 0.6066381264155097 0.07353739105002532 0.08674815808185739
66 0.8814485466321526 0.6017508210140414 0.07353739105002532 0.08674815808185739
46 0.6688538624675828 0.33294338661837763 0.07247808243893654 0.08640733359876902
66 0.5285355795984795 0.32806171853181676 0.04810841387330407 0.08919181078259149
10 0.5299078419469637 0.4227564141154381 0.050857496803511405 0.08797006966006725
5 0.5288796115439967 0.6054163000651427 0.05017036959487711 0.08674815808185742
23 0.5288792079504294 0.7001110382626851 0.048795679210220023 0.09285733244761453
23 0.5931389205456543 0.42214554355417605 0.07422465638694142 0.08430454799504467
23 0.8828230794642389 0.42642193578046067 0.07078830811981736 0.08552637434541184
10 0.9546404877635358 0.4239782404658054 0.07285012571310928 0.08308276425859885
5 0.9515477937474133 0.6011399824132201 0.06941379902852844 0.08308274295163813
45 0.9515477937474133 0.6884990430167808 0.06666473768086405 0.08430454799504475
81 0.994158244636213 0.5131700192879562 0.010308980053741977 0.09041357321207684
81 0.9945018773046709 0.6863108736312961 0.010996245390658004 0.0848154293977008
73 0.6666763115956796 0.4233673485975825 0.0714755950392771 0.08674815808185762
11 0.6398729634559508 0.5137809218096595 0.25291364398513383 0.0940789883422962
5 0.8092829754884636 0.42641881431072826 0.07353741694907712 0.08308274295163802
