46 0.24051030760288883 0.4584793507242009 0.13313403784487543 0.15996754981496492
46 0.7762279579789406 0.4632413385285827 0.13313403784487543 0.15996754981496492
23 0.9097540949788366 0.6324300967109593 0.13840036484723262 0.1632362734268983
23 0.10483832528881877 0.9338583236507918 0.13840036484723262 0.13228335269841654
5 0.0989668786552381 0.11826979295165682 0.13665254237288138 0.1638418079096045
45 0.23804824071401 0.12710545382808028 0.13506355932203387 0.1619046788622849
45 0.7818016558457025 0.12710545382808028 0.13506355932203387 0.1619046788622849
45 0.1041188281199971 0.6199711915815985 0.13506355932203387 0.1619046788622849
45 0.9076953036840734 0.9366433805729897 0.1350635593220338 0.11904678862284877
81 0.24013916820544942 0.6214969868838911 0.12911614161218243 0.15653704552561695
81 0.7718389362036809 0.6262589746882729 0.12911614161218243 0.15653704552561695
81 0.7704996420777402 0.9357881819730909 0.12911614161218243 0.12796511869932573
10 0.2390469987227853 0.2954387913113977 0.13656170672635073 0.16666666666666657
10 0.3769942936946185 0.12876921815803405 0.13656170672635073 0.16666666666666657
10 0.9140512381966106 0.2978197852135886 0.13656170672635073 0.16666666666666657
10 0.6381566482529439 0.4621083644647615 0.1338831184744705 0.1523807032535212
10 0.10377829200283216 0.7859235351627253 0.13388311847447046 0.1619046788622844
10 0.9100333558187895 0.7954475107714888 0.1365617067263507 0.1571426910579028
73 0.103952105656569 0.4571243331833644 0.13740160914760333 0.16323627342689892
73 0.6436876384104412 0.13330916248540065 0.13740160914760333 0.16323627342689892
73 0.9138883717889766 0.4642673148899371 0.13740160914760333 0.16323627342689892
66 0.7702178169561558 0.7897712416952837 0.13790097776083615 0.15564942686545427
66 0.24253593133574453 0.7850092538909018 0.13790097776083615 0.15564942686545427
5 0.3748614685989049 0.45994241791605234 0.1312953658691207 0.1566988262030318
11 0.5771888780018266 0.29989493881336005 0.42584745762711845 0.16694886189370295
46 0.6422985453849275 0.027519454427646205 0.13313403784487543 0.05044183031418306
5 0.9186148837305974 0.12779376856042046 0.13665254237288138 0.1638418079096045
81 0.015401785714285713 0.2869047619047619 0.028125 0.16904761904761909
