81 0.7549274996528561 0.18026653840713863 0.13983049461970343 0.17796599064533541
81 0.17970067256157043 0.16955206584727964 0.14920555350128442 0.17558499674314465
81 0.7509096172750358 0.5255106542248205 0.13983049461970343 0.17796599064533541
81 0.17769173137266023 0.8898027212600299 0.13983049461970343 0.17796599064533541
81 0.7482310290231554 0.8755167578468843 0.13983049461970343 0.17796599064533541
10 0.8966404145593887 0.35020165106178874 0.14459747148199162 0.16666666666666657
10 0.05221546815413709 0.34305866935521606 0.1004007653259673 0.17619064227543016
46 0.8968446995159034 0.17647283750246687 0.13983050847457634 0.16949152542372886
46 0.32764469599134827 0.17647283750246687 0.13983050847457634 0.16949152542372886
66 0.6143020816975219 0.17831874860014807 0.138241497713983 0.17231638418079098
66 0.1810404319558899 0.7045184009843385 0.15029514484744427 0.17231638418079093
66 0.7509100825434152 0.704518400984339 0.138241497713983 0.17231638418079098
66 0.04933783655938585 0.16665586709502112 0.09867567311877169 0.18079112702634725
23 0.17782985515255592 0.34552033149695455 0.14777542372881358 0.17514124293785316
23 0.7537263293068116 0.34790132539914537 0.14777542372881358 0.17514124293785316
73 0.328125 0.35 0.14196428571428574 0.17142857142857137
5 0.6127232142857142 0.3511904761904762 0.13526785714285716 0.169047619047619
5 0.8926356866072013 0.7011965798125399 0.13526785714285716 0.169047619047619
5 0.051562399060147014 0.7119110523724007 0.10312479812029403 0.18095258855857285
23 0.051266560251213684 0.8931489290008625 0.09822154106902876 0.17514124293785316
45 0.8899553571428571 0.8726190476190476 0.13258928571428583 0.1642857142857143
81 0.9794642857142857 0.875 0.04107142857142861 0.16428571428571445
81 0.9857142857142855 0.1761904761904762 0.026785714285714305 0.1761904761904762
11 0.2468826002325741 0.5309926115137664 0.4258474576271187 0.18361581920903952
81 0.9816964285714286 0.5226190476190475 0.032142857142857084 0.17380952380952386
