81 0.22102739458756987 0.3326887618275181 0.12003631037600887 0.14196921905534332
81 0.22102739458756981 0.9103837324662721 0.1232142857142857 0.13349447620978713
81 0.6873952754797027 0.3312763046865921 0.11844732270687043 0.13914430477349127
81 0.9281269073541765 0.3242140189819618 0.12321428571428573 0.14761904761904762
81 0.929715895023315 0.6208300185764322 0.12321428571428573 0.14761904761904762
81 0.9313048826924534 0.9061463610434941 0.12003631037600887 0.14196921905534332
40 0.8078160893247569 0.33061036183524267 0.11785714285714277 0.13958826667439098
42 0.928760616311794 0.46892638709794654 0.11917372881355945 0.1355932203389831
10 0.8083402989330204 0.4698960761209568 0.12053571428571429 0.14285714285714285
10 0.09647382315899845 0.4755459046846609 0.12053571428571429 0.14285714285714285
2 0.3397481350311788 0.3347441524929555 0.11749403909705469 0.14285714285714277
70 0.21925576512171494 0.47988685687250404 0.11785714285714284 0.14523809523809522
70 0.8071812027029382 0.9104314666898398 0.11785714285714284 0.14523809523809522
52 0.6882791828584532 0.4742140189819618 0.1151785714285714 0.14285714285714285
52 0.21952782046261293 0.7651801900127279 0.11835654676684823 0.14285714285714285
5 0.808792400591102 0.7627119199315695 0.117584745762712 0.14689265536723184
5 0.09851491248621844 0.7711866627771258 0.117584745762712 0.14689265536723184
45 0.09580418030185556 0.9187055999304806 0.11919642857142858 0.14047619047619037
33 0.09714346601614125 0.3349891427702436 0.12187499999999997 0.14479413333719568
73 0.3448093428162078 0.47740101889392306 0.1271186209763416 0.14124304890268727
11 0.29078389830508483 0.6257061591644756 0.4067796610169492 0.14971762517387358
