81 0.23906249999999996 0.15476190476190477 0.11116071428571424 0.1285714285714286
81 0.03816964285714285 0.15595238095238095 0.07098214285714284 0.13095238095238096
81 0.6823660714285714 0.13333333333333333 0.11116071428571431 0.1285714285714286
81 0.918080357142857 0.1130952380952381 0.11919642857142847 0.1357142857142857
81 0.9154017857142859 0.39999997923938063 0.12187499999999998 0.13809527961647655
81 0.9220982142857141 0.6773809523809524 0.1272321428571429 0.14523809523809525
81 0.9341517885450191 0.9464285714285711 0.12991070862424847 0.10714285714285704
81 0.034821428571428566 0.7023809523809524 0.06964285714285713 0.13809523809523824
81 0.2450892857142857 0.6952380952380952 0.10982142857142857 0.13333333333333336
81 0.03816964285714285 0.43214285714285716 0.0763392857142857 0.14047619047619048
10 0.24241071428571426 0.4226190476190476 0.1125 0.1357142857142857
10 0.7962053571428571 0.40357136628957074 0.11116071428571414 0.14047631503990612
10 0.8082589285714283 0.8214285714285714 0.11116071428571431 0.13809523809523797
10 0.12991071428571427 0.8380952380952381 0.1125 0.13809523809523797
10 0.35558035714285713 0.2857142857142857 0.11383928571428573 0.13809523809523808
56 0.12991071428571427 0.15595238095238095 0.10446428571428569 0.13571428571428573
56 0.13191964285714286 0.6976190476190476 0.11116071428571427 0.12857142857142861
73 0.7982142857142857 0.5416666666666667 0.1151785714285714 0.12619047619047613
73 0.13325892857142854 0.5619047619047619 0.10848214285714283 0.13333333333333328
85 0.24174107142857137 0.2904761904761905 0.11383928571428573 0.12857142857142853
85 0.5705357142857141 0.14285714285714285 0.09642857142857146 0.13333333333333333
85 0.036830357142857144 0.5678571428571428 0.07098214285714285 0.11666666666666671
51 0.7995535695414159 0.6809522979099039 0.1125 0.13333333333333336
51 0.12723214285714285 0.9571428571428572 0.1125 0.08571428571428569
51 0.7975446428571428 0.125 0.1138392857142857 0.13095238095238096
13 0.24709821428571427 0.5619047619047619 0.11116071428571431 0.12857142857142861
13 0.6823660733157267 0.27380952380952384 0.11383928193997467 0.13333333333333336
71 0.9154017857142855 0.2571428571428572 0.11651785714285708 0.13333333333333333
71 0.9261160714285714 0.8238095238095238 0.12455357142857153 0.1380952380952381
5 0.13058035714285712 0.2892857142857143 0.1138392857142857 0.1309523809523809
5 0.7962053571428571 0.2654761904761905 0.11116071428571417 0.13095238095238096
61 0.03816964285714285 0.29166666666666663 0.07366071428571429 0.13571428571428565
61 0.034821428571428566 0.8428571428571427 0.061607142857142846 0.13333333333333328
61 0.9174107142857142 0.5380952380952381 0.12321428571428569 0.12857142857142853
61 0.3488839285714285 0.15357142857142858 0.10580357142857143 0.12619047619047621
11 0.5263392857142857 0.4095235811569976 0.3348214285714285 0.12857188530505226
81 0.03616071428571428 0.9547619047619048 0.07232142857142856 0.08095238095238087
