62 0.976761125794732 0.3082530579355674 0.04484694456615646 0.07827858496221762
81 0.9200908628365179 0.3111565302931593 0.06360118403663167 0.07248007417406398
17 0.8556742839874393 0.31550537064477907 0.060339571608056294 0.07248004568106736
17 0.6077920996426279 0.3140557429477408 0.060339571608056294 0.07248004568106736
17 0.9192756339180127 0.6982070826628815 0.06360117929680828 0.07827855646922313
17 0.5466369554786117 0.5430969190797872 0.06197037545243042 0.0724800456810673
81 0.5441905767083661 0.31188134414167845 0.06523198788100625 0.07682895726517876
81 0.671393276569519 0.31550541338427407 0.06197038019225867 0.07248007417406392
81 0.79125735913099 0.31550541338427407 0.06197038019225867 0.07248007417406392
81 0.5458213805527389 0.4655418800277349 0.06197038019225861 0.076828957265179
81 0.5462290815138316 0.6148535328226763 0.06278578211444572 0.07392970187110276
81 0.9176446570699558 0.6184776020652724 0.06197038019225867 0.07248007417406392
87 0.9204992356680897 0.38943491580439876 0.06441658832873419 0.07537927258214754
87 0.6722093503621847 0.3916093573499561 0.06360118640654733 0.07392964488510927
87 0.6114619071592624 0.6155768365423687 0.06441658832873419 0.07537927258214754
82 0.5450069870287514 0.3901597581459151 0.0619703873019993 0.07682907123716574
82 0.9759469029045152 0.6213753758235172 0.04647775078044583 0.07537944354012696
73 0.8560826497092705 0.39015705131122574 0.06278577974453095 0.07392964488510963
73 0.611462073053206 0.5416431456517247 0.06278577974453088 0.07248001718807173
73 0.975945727427414 0.5423679595002414 0.048108545145163696 0.07392964488510934
5 0.6106467161593799 0.3892651737892598 0.061154966420502596 0.07392955940611863
5 0.9759457321672419 0.3878155460922206 0.04810853566550983 0.07682881480019502
82 0.7920737694513753 0.3916093858429533 0.0619703873019993 0.07682907123716574
10 0.6730239109650779 0.4669845411870737 0.0636011864065432 0.07103036099803563
10 0.8532277357683783 0.5409155537360256 0.0636011864065432 0.07103036099803563
10 0.9755380240964048 0.4662597273385537 0.04892395180717504 0.07827849948322818
10 0.9755380240964098 0.6989249727131939 0.04729314796280351 0.07972812718026512
62 0.5458212099189637 0.692404397650708 0.06360118877645837 0.07248007417406656
11 0.8263198444126325 0.4662638445765817 0.20221918613025008 0.07827835701824319
87 0.8532285770876717 0.6184760919364453 0.06360118640654702 0.07537927258214751
62 0.9184598883583682 0.5401934894616894 0.06360118877645837 0.07248007417406656
