81 0.9456057717146996 0.21969219055343425 0.10732440902290169 0.14196921905534338
40 0.8316509043618336 0.22326361912486287 0.11785714285714277 0.13958826667439098
81 0.7104355966822099 0.2281669333989905 0.12003631037600887 0.14196921905534332
70 0.5910788797001103 0.2284694857876673 0.11785714285714281 0.13958826667439106
2 0.3604049747299785 0.23304723834627997 0.11749403909705469 0.14285714285714277
81 0.24009524661723114 0.2309918476808426 0.12003631037600887 0.14196921905534332
33 0.12256726872235632 0.23329222862356805 0.12187499999999997 0.14479413333719568
81 0.028238401805235583 0.2253420191171384 0.056476803610471166 0.15326887618275162
2 0.02855625383489695 0.37711786672073677 0.0571125076697939 0.14285714285714268
10 0.12030863819607532 0.37384899053798537 0.12053571428571429 0.14285714285714285
70 0.24150159248965308 0.3753650284439764 0.11785714285714281 0.13958826667439106
73 0.36149371334216135 0.37711656188817366 0.11917368263064956 0.14971779174824343
5 0.5911010899191359 0.3714612918950539 0.117584745762712 0.14406774108537967
52 0.7105250102263915 0.3725171048352863 0.1151785714285714 0.14285714285714285
10 0.8305861263009588 0.36819916197428126 0.12053571428571429 0.14285714285714285
42 0.9459745924352048 0.36864193009219703 0.10805081512958999 0.1440679631845393
81 0.9439543139848413 0.5163081901479042 0.11209137203031723 0.14196921905534324
81 0.7120245843513483 0.5106583615842003 0.12003631037600887 0.14196921905534332
11 0.3241526393569922 0.5211843307359478 0.4067796610169492 0.14971762517387358
10 0.02928259759465688 0.5217837719847258 0.05856519518931376 0.1485069714208466
70 0.03175522016337878 0.6663311994747423 0.060653586768158935 0.13958826667439103
81 0.030621883308943266 0.8100992754605209 0.061243766617886525 0.14196921905534315
33 0.03040598391232673 0.9395207990865928 0.05831549323446232 0.11089516195497108
5 0.12234972752329554 0.6666648343485982 0.11758474576271201 0.13559299823982346
45 0.12440595834634749 0.8057090286563967 0.11919642857142858 0.14047619047619037
10 0.12348661353435297 0.9398710856988373 0.12053571428571297 0.1202578286023256
52 0.24336263549968962 0.6663081901479044 0.1151785714285714 0.14285714285714285
45 0.7075644329201556 0.6616384002819395 0.11919642857142858 0.14047619047619037
81 0.24406771579007727 0.8044494468968183 0.11844732270687047 0.1419692190553433
81 0.7096411028476407 0.8016245326149661 0.11844732270687047 0.1419692190553433
10 0.8305861263009596 0.9370461714169843 0.12053571428571297 0.1202578286023256
70 0.831016017740015 0.8019270850036432 0.11785714285714281 0.13958826667439106
5 0.8278602526207637 0.658190091503042 0.11758474576271201 0.13559299823982346
33 0.9432793998323595 0.662679199465087 0.11075208631603044 0.1447941333371957
81 0.9448112778801299 0.7987996183331127 0.10891339669203909 0.1419692190553431
2 0.9460199434588872 0.9308010659637473 0.10796011308222435 0.12025782860232531
