81 0.909319986069959 0.27922817611654144 0.11080799636409813 0.12878255166892175
81 0.9077746553977533 0.5429691054653376 0.11080799636409813 0.12878255166892175
81 0.05154067150153411 0.5319799000758042 0.1030813430030682 0.12878255166892172
81 0.2710984184488862 0.5347272014231877 0.11080799636409813 0.12878255166892175
81 0.052313336837637114 0.2682389707270082 0.10462667367527421 0.13427715436368828
81 0.9077746553977533 0.8094573361615169 0.11080799636409813 0.12878255166892175
81 0.6883376999445026 0.5402218041179543 0.10462667367527459 0.12878255166892175
81 0.9155013087587835 0.038291913034319586 0.1108079963640981 0.07658382606863917
81 0.26800775710447444 0.03829191303431958 0.1108079963640981 0.07658382606863917
81 0.6937463572972242 0.03829191303431958 0.10308134300306811 0.07658382606863916
81 0.04845001015712211 0.03142365966586135 0.09690002031424422 0.0628473193317227
81 0.4828087205411069 0.03691826236062794 0.1108079963640981 0.07383652472125588
10 0.7975463312549027 0.27649792345834595 0.10629073531153481 0.13003682443715223
10 0.7960010005826967 0.6721093174815402 0.10629073531153481 0.13003682443715223
10 0.26749791068824885 0.27649792345834595 0.10629073531153481 0.13003682443715223
10 0.375671057742668 0.15012206147871446 0.10629073531153481 0.13003682443715223
10 0.15777943296162383 0.6721093174815402 0.10629073531153481 0.13003682443715223
10 0.9814406812474151 0.9349815877814237 0.03520552439005916 0.12454222174238633
10 0.9816245724688674 0.6776039201763066 0.0367508550622652 0.13003682443715212
73 0.15848576735668793 0.4038356057898403 0.10796703697453909 0.1318962019827365
73 0.798252665649967 0.41070385915829866 0.10796703697453902 0.12365429794058665
73 0.5865423635577468 0.1469629298095025 0.10796703697453902 0.12914890063535325
71 0.7958452310641232 0.5384653778718516 0.10817307692307693 0.1263736263736264
71 0.04713255043661151 0.13049112778543231 0.09426510087322303 0.1291209277210096
71 0.914835692823984 0.14422763452234894 0.1081730769230769 0.13461553041577629
5 0.15448928672488457 0.1360479889145906 0.11246857758103765 0.1380302920476509
5 0.8019828383791929 0.1429162422830488 0.10628725489221394 0.1352829907002677
5 0.3777895688586497 0.4080308223055367 0.11092324690883179 0.12704108665811772
28 0.6909338996225972 0.4120917514982251 0.10508241758241761 0.1263736263736264
28 0.26905862611036235 0.4038498474560753 0.10508241758241761 0.1263736263736264
28 0.052712332001524184 0.6675907768048713 0.10508241758241761 0.1263736263736264
28 0.9057348630592296 0.6758326808470213 0.10508241758241761 0.1263736263736264
28 0.5904874059292078 0.04395337094886378 0.10508241758241751 0.0769222021207271
28 0.15238616035881034 0.03434014903928861 0.10971840959903557 0.06868029807857721
8 0.2650240074033726 0.14560109079551847 0.10662775126025244 0.13186832626865405
8 0.15994152169336545 0.5384651834713294 0.10662775126025244 0.13186832626865405
8 0.6946259342766372 0.151095693490285 0.10662775126025244 0.13186832626865405
8 0.7981630893144385 0.8049534141675088 0.10662775126025244 0.13186832626865405
5 0.7958015156903696 0.9309848539761745 0.11246857758103765 0.1380302920476509
69 0.05176854295416766 0.40246924696371555 0.10353708590833532 0.1291211221215321
69 0.9047910740118731 0.935439438939234 0.10353708590833532 0.1291211221215321
69 0.9078817353562849 0.4107111510058654 0.10353708590833532 0.1291211221215321
69 0.8020265843101748 0.03846119826062475 0.10817307792495344 0.0769223965212495
69 0.37242465743691006 0.03846119826062477 0.1019917552361292 0.07692239652124953
71 0.38169661091291857 0.5384653778718516 0.10817307692307693 0.1263736263736264
11 0.5503382148848408 0.282203904414663 0.3066737288135593 0.12146892655367232
73 0.9807864216373651 0.8118098558762569 0.0384271567252692 0.129148900635353
