11 0.8271352463348195 0.4604653337884287 0.20221918613025008 0.07827835701824319
81 0.9217216666808916 0.303908391807968 0.06360118403663167 0.07248007417406398
81 0.5458213805527403 0.3068076472020445 0.06360118403663167 0.07248007417406398
81 0.6709855756084258 0.3089820887476019 0.06278578211444472 0.07392970187110216
81 0.5498983901636748 0.45756892769402474 0.06360118403663167 0.07248007417406398
81 0.5482675863193007 0.6112294635800811 0.06360118403663167 0.07248007417406398
81 0.9217216666808916 0.6112294635800811 0.06360118403663167 0.07248007417406398
10 0.9763534260185917 0.6931264619250412 0.04729314796280413 0.07972812718026495
10 0.671800808081797 0.4597364027018827 0.05626256910686252 0.0710303609980356
10 0.6090148600734073 0.6844286957428145 0.05626256910686252 0.0710303609980356
10 0.8560816424960305 0.5365666706449106 0.061154980639984785 0.07103036099803557
10 0.9759457250574993 0.45828677500484233 0.04810854988499165 0.07972812718026553
17 0.857305087831813 0.30680760446254957 0.060339571608056294 0.07248004568106736
17 0.547452357400799 0.5329495252005195 0.060339571608056294 0.07248004568106736
17 0.6102383054091886 0.3082572321595878 0.060339571608056294 0.07248004568106736
17 0.9192756339180143 0.6909589441776898 0.06523198314117659 0.07537930107514416
87 0.6718016494010927 0.3850860327132846 0.05952417679561182 0.07827852797622432
87 0.9213146375902768 0.38218677731920747 0.06604739217310797 0.07827852797622412
87 0.6106465052370764 0.6126775811482927 0.05952417679561182 0.07827852797622432
73 0.8568980516314572 0.38435854052307294 0.06278577974453095 0.07392964488510963
73 0.6106466711310198 0.5351198210150528 0.06278577974453095 0.07392964488510963
73 0.9763534283885081 0.5365694487120887 0.047293143222977306 0.07392964488510938
82 0.5466377908731253 0.38146199196368547 0.0619703873019993 0.07682907123716574
82 0.9759469029045156 0.6119527957927684 0.046477750780445894 0.07682907123716555
62 0.9767611257947317 0.3017297332988953 0.04484694456615647 0.08262746805333229
62 0.5474520137633376 0.6866058868625547 0.06360118877645837 0.07248007417406656
5 0.609831314237193 0.3834666630011067 0.061154966420502596 0.07392955940611863
5 0.9763534331283347 0.38056740760702895 0.04729313374332276 0.07682881480019506
62 0.9200906922027404 0.5365694202190937 0.06360118877645836 0.07392970187110483
