62 0.9411577338342415 0.13818468566793915 0.1176845323315169 0.1460365714671937
81 0.8234898748746814 0.1467561142393678 0.12073542135376289 0.14603657146719348
17 0.7015028909705455 0.15413710814155862 0.1098440544366419 0.14079847622909794
81 0.5819637491656375 0.15381839994399804 0.12073542135376289 0.13756182862163713
81 0.35791648781711743 0.15099348566214585 0.11437947067720917 0.1375618286216371
17 0.24307994842410496 0.15131219385970684 0.11143304210578049 0.1407984762290981
81 0.12592428812290482 0.15099348566214588 0.12073542135376289 0.13756182862163713
73 0.03436645895464603 0.28853919999613764 0.064794059549838 0.13740068574518308
62 0.03130730977590201 0.1438345142316434 0.05889198857339454 0.14603657146719365
82 0.1251207166943333 0.28898316189703743 0.11495149533893216 0.13930544764994512
5 0.24328039219533387 0.29377074330901864 0.11430684992519147 0.14019337145174463
5 0.9428465750374044 0.2881209147453144 0.11430684992519147 0.14019337145174463
87 0.35826860662902665 0.2940377911597978 0.11536012330861593 0.1416864000308972
87 0.8206640183483133 0.2912128768779457 0.11536012330861593 0.1416864000308972
87 0.2454504821201973 0.7149500191557604 0.11536012330861593 0.1416864000308972
73 0.7025357738273609 0.2941890285598419 0.1172306526314066 0.13740068574518313
73 0.9413846736842969 0.5766804567450518 0.1172306526314066 0.13740068574518313
10 0.938748501631182 0.43305379027149465 0.11168274406063317 0.13930544764994518
10 0.9427209708040277 0.8695030468176441 0.11327173172977162 0.1477801904955013
10 0.7019893389295543 0.5799493329278039 0.11168274406063317 0.13930544764994518
10 0.36035699006478916 0.43587870455334676 0.11168274406063317 0.13930544764994518
10 0.24436089021768279 0.8539660182674573 0.11168274406063317 0.13930544764994518
81 0.8203118995364039 0.7216261705962698 0.12073542135376289 0.13756182862163713
81 0.1275132757920433 0.7159763420325657 0.12073542135376289 0.13756182862163713
81 0.12751327579204327 0.42924754242457774 0.12073542135376292 0.14038674290348924
62 0.8202396875031382 0.5760463993550142 0.1176845323315169 0.1460365714671937
62 0.3578442757838517 0.5703965707913101 0.1176845323315169 0.1460365714671937
73 0.2433183374463512 0.5766804567450518 0.1172306526314066 0.13740068574518313
82 0.1251207166943333 0.5742995043640993 0.11495149533893216 0.13930544764994512
82 0.9386824032932156 0.7211950470204084 0.11495149533893216 0.13930544764994512
82 0.8242752911152479 0.8652656753948652 0.11495149533893216 0.13930544764994512
81 0.12433530045376713 0.9631563416946242 0.12073542135376289 0.066938971575334
82 0.24270580421057786 0.9641376752596891 0.11495149533893208 0.06020784775808601
5 0.030190677966101694 0.9646892655367231 0.06038135593220339 0.06497175141242949
10 0.032006556993239954 0.8624407611130124 0.06401311398647991 0.139305447649945
82 0.03295943188430369 0.7183701327385554 0.06410388992650205 0.13930544764994504
10 0.035409011725977935 0.5771244186459508 0.06560210165561836 0.1393054476499451
81 0.8234898748746815 0.967393713117402 0.12073542135376286 0.05846422872977798
