81 0.6042382557368495 0.3087508565555892 0.05518740655436488 0.06719927738735439
81 0.8174279632482316 0.31076683487720985 0.05216343907193376 0.06047934964861899
81 0.9236448210686186 0.3080788637817157 0.051407447201326166 0.06585529183960734
81 0.9202428576508836 0.4384454619131832 0.05216343907193376 0.06316732074411313
81 0.9221328373274029 0.5667960817230301 0.05291943094254151 0.06451130629186032
81 0.9259127966804417 0.696490687080624 0.055943398424972625 0.0685432629351014
81 0.5120072464574555 0.44113345644633406 0.023435747988839847 0.06854326293510155
81 0.8174279632482313 0.5688120600446507 0.04913947158950293 0.06585529183960723
81 0.5089832800402747 0.5748599950095127 0.01738781302397797 0.06988724848284839
81 0.5104952637814901 0.7085865570103479 0.017387813023978113 0.06854326293510155
81 0.8189399469894469 0.6971626798544974 0.04913947158950293 0.0671992773873545
10 0.8692134063848614 0.6319793807887639 0.04989546346011082 0.06047934964861902
10 0.9754302642052486 0.6314075983630816 0.049139471589503075 0.06739969808373694
10 0.97656425201116 0.7421861957040251 0.04535951223646407 0.017471812120712117
10 0.5498068410530925 0.642059272396867 0.05972335777801121 0.06719927738735443
10 0.6053722435427612 0.4411334330086774 0.05291943094254158 0.06585529183960738
10 0.8684574145142537 0.4384454619131832 0.051407447201326166 0.06316732074411313
10 0.9746742723346407 0.3725901700735759 0.04762748784828744 0.0631673207441132
81 0.5104952637814901 0.306062885460095 0.017387813023978113 0.06988724848284864
56 0.5486728532471808 0.30673487823396856 0.055943398424972486 0.06854326293510152
56 0.5498068410530926 0.5748599950095127 0.05669939029558023 0.06719927738735429
56 0.8166719713776237 0.503628760978917 0.05216343907193391 0.061823335196366
5 0.5501848369883964 0.37729411949069075 0.055943398424972625 0.06451130629186032
5 0.8688354104495576 0.3759501339429436 0.04762748784828759 0.061823335196366076
73 0.550184834325271 0.5090046562945918 0.05594339949022264 0.06451130629186012
73 0.8692134063848614 0.5029567682050434 0.05140744720132602 0.06316732074411313
73 0.9773202438817679 0.6979348829765627 0.04535951223646435 0.06336774144049585
85 0.6053722435427612 0.37796611226456434 0.05291943094254158 0.06316732074411313
85 0.7637525404350819 0.3114388276510834 0.05216343907193376 0.06182333519636604
51 0.8703473941907728 0.3094228493294628 0.05216343907193376 0.06047934964861899
51 0.5490508491824848 0.7106025353319686 0.055187406554364674 0.061823335196366146
51 0.8688354104495576 0.5661240889491566 0.05065145533071842 0.060479349648618876
13 0.8166719713776237 0.37595013394294363 0.05216343907193391 0.06451130629186025
13 0.9750543446636322 0.3056718774576823 0.048387632506270394 0.06372929028703478
13 0.9746742723346408 0.5650610881728703 0.05065145533071842 0.06372929028703489
13 0.818561951054143 0.634667351884258 0.04989546346011082 0.057791378553124634
13 0.6061282322176182 0.5076607410598146 0.054431414683756965 0.06182338207167967
71 0.8707253901260767 0.6978346726283712 0.05291943094254165 0.06585529183960716
71 0.9247788088745301 0.6313073880148903 0.05518740655436474 0.05913536410087183
5 0.9735402845287291 0.4998777891071366 0.05291943094254179 0.059697333643793586
61 0.9217548413920992 0.5029567682050434 0.05216343907193391 0.06047934964861895
71 0.9225108332627069 0.373934155621323 0.05065145533071842 0.0631673207441132
73 0.7641305363703859 0.37729411949069075 0.05291943094254165 0.06451130629186032
81 0.6068842272839767 0.572844016687892 0.05443141468375714 0.06316732074411313
11 0.7478767063586906 0.4424774185564237 0.15800231054426503 0.06585529183960594
