62 0.9491026721799335 0.11982274283590048 0.09861668030185519 0.1601611428764542
81 0.8346127885586498 0.12698171426640312 0.1270913720303171 0.15168640003089767
81 0.5803747614964991 0.1354564571119594 0.1270913720303171 0.15168640003089767
81 0.33725964811831743 0.13686891425288544 0.12073542135376343 0.1488614857490456
81 0.8314348132203727 0.7428130277101604 0.1270913720303171 0.15168640003089767
81 0.08858307789815138 0.7343382848646042 0.12550238436117864 0.15168640003089764
81 0.0861995963944437 0.4320724567064297 0.1270913720303171 0.15168640003089767
81 0.08461060872530528 0.12415679998455101 0.1270913720303171 0.15168640003089767
17 0.7046808663088224 0.1315377938867419 0.11937798045147277 0.14644830479280216
17 0.20971120737219778 0.1315377938867419 0.12096696812061108 0.1520981333565064
17 0.8333888675090365 0.8985020214095862 0.12573393112802675 0.16057287620206268
17 0.08815365068310706 0.5835240789830776 0.12573393112802658 0.1520981333565064
5 0.21308962648170346 0.2838835433225363 0.12066280060174522 0.14866811429730095
5 0.9495854111273718 0.27823371475883213 0.10000596090294649 0.15431794286100536
73 0.7049192553310687 0.28430182857335956 0.12199761563882214 0.15152525715444362
73 0.21392206556729015 0.5809178281678298 0.12199761563882214 0.15152525715444362
73 0.9480343687092504 0.589392571013385 0.09975178827088421 0.15152525715444345
87 0.33681727309565773 0.2841505911733154 0.11694911097775433 0.1501611428764535
87 0.8333759197014209 0.2813256768914633 0.12489404932344654 0.1501611428764535
87 0.21367072873742843 0.7361368762696512 0.12171607398516959 0.1501611428764535
82 0.08619051880044147 0.2776835047696289 0.12607440902290126 0.15060510477735384
82 0.9474218354734767 0.7423819041343003 0.1038285816549627 0.153430019059206
62 0.8321570950216765 0.5901709707642747 0.1288074460154864 0.15168640003089834
62 0.08533289052660877 0.8896118846405972 0.1288074460154864 0.15168640003089834
62 0.3371874360850518 0.5845211422005702 0.11768453233151728 0.15168640003089828
10 0.9482824276460129 0.4372911616942728 0.1021488180458027 0.15343001905920536
10 0.7027838327641236 0.5898365329142863 0.11962768240632576 0.1534300190592054
10 0.21178664300034497 0.8921023610724608 0.11962768240632576 0.1534300190592054
10 0.949076921480582 0.9005771039180175 0.10055983037666506 0.15343001905920559
10 0.3389056565314204 0.437291161694273 0.11962768240632576 0.1534300190592054
11 0.6490995370157131 0.4378531073446327 0.3893009259685739 0.14689276641681162
87 0.7030789308320685 0.7446116191152075 0.12171607398516959 0.1501611428764535
