28 0.9783654046529107 0.197802246402328 0.04326919069417736 0.1263736263736263
10 0.9777612457883526 0.325949347711245 0.0444775084232953 0.13003682443715214
5 0.9785356513341159 0.5879790605591427 0.04292869733176834 0.12429378531073447
8 0.9766487819542304 0.7115451683564771 0.046359855044220126 0.12087912087912085
10 0.9777612457883526 0.8424420010193042 0.0444775084232953 0.13003682443715214
73 0.9776957602929531 0.9560367432007899 0.04151781806968167 0.08792651359842008
81 0.9031386633811348 0.9493452309024552 0.1015360123308619 0.09581493550032188
8 0.7950724279700259 0.9505496449499726 0.10971841260466517 0.09890071010005437
81 0.06016078169276893 0.9507188815761469 0.10926266569189186 0.09856223684770617
81 0.6883376999445029 0.9493452309024552 0.1015360123308619 0.10130953819508944
28 0.9010988710426117 0.8379234603426353 0.10817307892682938 0.1263736263736264
28 0.06198431603476018 0.8324288576478689 0.10508241758241761 0.1263736263736264
28 0.6862979076059793 0.582424435035989 0.10508241758241747 0.1263736263736264
28 0.2814212714880105 0.5769298323412224 0.10508241758241747 0.1263736263736264
28 0.17633878577800338 0.19230764370756134 0.10508241758241747 0.1263736263736264
28 0.5873967445847961 0.20329684909709445 0.10508241758241747 0.1263736263736264
10 0.7929103392382848 0.8396946996719212 0.10629073531153481 0.13003682443715223
10 0.5781093758016526 0.5841956743652749 0.10629073531153481 0.13003682443715223
10 0.7898196778938731 0.45507251103826 0.10629073531153481 0.13003682443715223
10 0.2814058867381029 0.45507251103826 0.10629073531153481 0.13003682443715223
8 0.17230416707101331 0.703303264314327 0.1004464285714285 0.12087912087912088
8 0.2804773141254325 0.3296702810701991 0.1004464285714285 0.12087912087912088
8 0.6884446115878133 0.3324175824175824 0.1004464285714285 0.12087912087912088
81 0.9000480020367234 0.7064335356346436 0.10462667367527397 0.12603525032153856
81 0.6852470386000913 0.7064335356346436 0.10462667367527397 0.12603525032153856
81 0.06556943904549001 0.7064335356346436 0.10462667367527397 0.12603525032153856
81 0.8969573406923115 0.45093451032799725 0.10462667367527397 0.12603525032153856
81 0.064024108373284 0.45093451032799714 0.10462667367527397 0.12603525032153856
81 0.8985026713645173 0.2009300877161175 0.10462667367527397 0.12603525032153856
81 0.691428361288915 0.2036773890635008 0.10462667367527397 0.12603525032153856
81 0.2834610638265343 0.19818278636873418 0.10462667367527397 0.12603525032153856
81 0.06402410837328396 0.1926881836739676 0.10462667367527397 0.12603525032153856
71 0.7927545697197113 0.7087980614096158 0.10817307692307693 0.1263736263736264
71 0.8993823861019243 0.32692317412333793 0.10817307692307693 0.1263736263736264
71 0.0664491537828969 0.31868127008118813 0.10817307692307693 0.1263736263736264
69 0.06567594993827314 0.5782965331962465 0.1066277472527473 0.1181319167319988
69 0.6822628881484623 0.8310482571555093 0.1066277472527473 0.1181319167319988
69 0.8970638515850947 0.5837911358910131 0.1066277472527473 0.1181319167319988
69 0.7919813658750874 0.2019162486047353 0.1066277472527473 0.1181319167319988
73 0.7905260122889369 0.581036542696063 0.10796703697453902 0.12365429794058665
73 0.5834517022133348 0.33103212008418326 0.10796703697453902 0.12365429794058665
73 0.17548440475095387 0.5782892413486797 0.10796703697453902 0.12365429794058665
5 0.7927108543459576 0.3324800352524961 0.10628725489221376 0.12429378531073448
5 0.17457858546356253 0.3214908298629629 0.10628725489221376 0.12429378531073448
11 0.536430238834987 0.4525365879524273 0.3066737288135593 0.12146892655367232
