81 0.9162316098135312 0.5803540402732442 0.0493581513258362 0.06220092591807162
81 0.9219394232688393 0.336816587170815 0.0493581513258362 0.06220092591807162
81 0.8200141829954795 0.3382662148678533 0.0493581513258362 0.06220092591807162
81 0.5240232852416412 0.33391733177673794 0.04446573979271725 0.06220092591807133
81 0.5256540890860163 0.578904412576206 0.0493581513258362 0.06220092591807162
81 0.5256540890860163 0.7021227668244588 0.0493581513258362 0.06220092591807162
81 0.6267639274371892 0.6992235114303825 0.0493581513258362 0.06220092591807162
81 0.6259485255150022 0.578904412576206 0.0493581513258362 0.06220092591807162
81 0.5248386871638294 0.4600349414190679 0.0493581513258362 0.06220092591807162
81 0.9178624136579052 0.45713568602499133 0.0493581513258362 0.06220092591807162
81 0.9162316098135312 0.7006731391274208 0.0493581513258362 0.06220092591807162
81 0.621871515904068 0.336816587170815 0.0493581513258362 0.06220092591807162
81 0.7221659523330541 0.342615097958968 0.0493581513258362 0.06220092591807162
3 0.5758805766443847 0.69915403999934 0.051857293603671195 0.059301728633888
3 0.5758805766443847 0.5773853134481253 0.051857293603671195 0.059301728633888
3 0.9191647858850607 0.5194002055665945 0.051857293603671195 0.059301728633888
3 0.8702406705538482 0.33964637113384905 0.051857293603671195 0.059301728633888
10 0.6719976410049381 0.39954531089158934 0.04816151449726319 0.0614291480097183
10 0.9712501464475214 0.39809568319455096 0.05142312218601109 0.061429148009718146
10 0.8676941023297892 0.4575304187731202 0.04816151449726319 0.0614291480097183
10 0.6230735256737254 0.4575304187731202 0.04816151449726319 0.0614291480097183
10 0.9679885387587752 0.6416331362969805 0.04816151449726319 0.0614291480097183
10 0.5753725132257911 0.6409083224484607 0.05060772026382336 0.059979520312680286
10 0.9694225167897486 0.7399086682688756 0.04973937268867573 0.023193587264664757
39 0.5237748831789734 0.5215659025291788 0.049982933593899936 0.059301767373815956
39 0.8181349770884369 0.4026964313720407 0.049982933593899936 0.059301767373815956
39 0.917614011595236 0.641885001383355 0.049982933593899936 0.059301767373815956
39 0.9722459403817573 0.33456392961124193 0.049982933593899936 0.059301767373815956
57 0.5263427967527196 0.6409513579404242 0.0493581469239762 0.06109025217032225
57 0.9193665232467955 0.39596427714095667 0.0493581469239762 0.06109025217032225
57 0.571189902472998 0.3365295415623876 0.0493581469239762 0.06109025217032225
57 0.6233756254929578 0.5206322590862479 0.04935814692397619 0.05819099677624567
51 0.6723364362816977 0.33820108230879375 0.049982933593899714 0.062200984027964215
51 0.8672174956843627 0.5788392800171465 0.04509052206077739 0.062200984027964326
51 0.6270816296003257 0.6397236432927538 0.047536727827339004 0.05930172863388795
51 0.52434098740478 0.3976358178873629 0.04264431629421674 0.06220098402796438
5 0.8681179106823373 0.40018559624733313 0.050470045924694645 0.06041246049153019
5 0.5713116110063143 0.3958367131562184 0.05047004592469469 0.05751320509745359
5 0.9700431509556979 0.5190550674044713 0.05047004592469469 0.05751320509745359
5 0.576399932593985 0.741358267472917 0.04973937268867545 0.017395190448498566
65 0.9680776168644634 0.5804947578689684 0.05242913936045505 0.059301728633887524
65 0.6235703047405071 0.3992912957391844 0.04998293359389648 0.05930172863388755
73 0.5747691334894385 0.5204920899683114 0.04973937268867545 0.059433567365703155
73 0.9677928599835122 0.700970738249576 0.04973937268867537 0.05508468427458813
73 0.8691292273989017 0.5219417176653497 0.04973937268867545 0.059433567365703155
11 0.7476338302766935 0.4594111368078467 0.1573721301781535 0.05943356736570316
