62 0.976761125794732 0.31260194102668226 0.04484694456615646 0.07827858496221762
81 0.9200908628365164 0.3147805995357555 0.06360118403662993 0.07972821265925582
81 0.919275460914327 0.6228264851563879 0.0636011840366298 0.075379329568141
81 0.6722086784917051 0.3184046687783514 0.06197038019225594 0.07827858496221748
81 0.5462290815138315 0.6184776020652729 0.06278578211444302 0.07537932956814095
81 0.5458213805527378 0.4698907631188508 0.06360118403662986 0.07682895726517912
81 0.5450059786305513 0.31623022723279404 0.06360118403662987 0.07682895726517906
17 0.8564896859096245 0.31767981219033664 0.06033957160805621 0.07682892877218213
17 0.5466369554786097 0.545271360625345 0.06197037545243003 0.07392967337810542
17 0.9209064377623868 0.6996567103599207 0.06523198314117949 0.07827855646922043
17 0.6086075015648134 0.3176798121903367 0.06033957160805621 0.07682892877218213
73 0.8560826497092705 0.39450593440234044 0.06278577974453095 0.07392964488510963
73 0.6098312692088331 0.546716842591359 0.06278577974453095 0.07392964488510963
73 0.9759457274274146 0.5467168425913582 0.04810854514516368 0.07392964488510936
82 0.5458223889509382 0.39160938584295335 0.06360119114637305 0.07682907123716572
82 0.9763534236486813 0.6235498173690762 0.047293152702633734 0.0768290712371656
62 0.5458212099189637 0.6967532807418227 0.06360118877645837 0.07248007417406656
62 0.6730239097801166 0.5445423725528045 0.06197038493208464 0.07248007417406653
62 0.9192752902805543 0.5459920002498427 0.06360118877645837 0.07248007417406656
87 0.6722093503621848 0.3930589850469942 0.0603395787177994 0.07103038949103241
87 0.9184607308626219 0.3930589850469942 0.0603395787177994 0.07103038949103241
87 0.609423402353795 0.6206505334820026 0.0603395787177994 0.07103038949103241
5 0.609831314237193 0.39361405688037465 0.061154966420502596 0.07392955940611863
5 0.9763534331283366 0.390714801486298 0.047293133743324084 0.07392955940611841
10 0.6106456639177813 0.6945760896220818 0.061154980639982176 0.07103036099803554
10 0.8552662405738453 0.5438148091301019 0.061154980639982176 0.07103036099803554
10 0.671800808081797 0.4698837965811502 0.061154980639982134 0.07682887178618832
10 0.9759457250574991 0.703273855804311 0.04647774604061527 0.07972812718026547
10 0.9755380240964077 0.4691589827326317 0.047293147962801624 0.07827849948322586
11 0.8303968540235671 0.4706127276676966 0.20221918613025008 0.07827835701824319
