81 0.2497767857142857 0.18452389256628657 0.103125 0.1261904761904762
81 0.6542410714285714 0.18452376800257098 0.10044642857142862 0.12142857142857144
81 0.05022321428571431 0.9273938654861348 0.10044642857142862 0.12142857142857144
81 0.050223214285714315 0.6750085118538983 0.10044642857142862 0.12142857142857144
81 0.2564726538005467 0.6750085118538983 0.10044642857142862 0.12142857142857144
81 0.8564734992461865 0.9273938654861347 0.10044642857142862 0.12142857142857144
81 0.8537949240433044 0.6821514935604712 0.10044642857142862 0.12142857142857144
81 0.861830649651951 0.18214277410038007 0.10312500377431089 0.12142857142857144
81 0.86049136205051 0.4321471338304255 0.10044642857142862 0.12142857142857144
81 0.05156165078004917 0.4297661399282346 0.10044642857142862 0.12142857142857144
73 0.7526785714285714 0.5595238095238095 0.10178571428571431 0.12380952380952387
73 0.9529020678440244 0.9321427533397597 0.08705355066986115 0.13571449332047866
73 0.15267772598293136 0.5595238095238095 0.10178571428571431 0.12380952380952388
10 0.15535714663145372 0.7999999999999998 0.10178571428571427 0.11904761904761914
10 0.25044656633377604 0.4333269390626 0.10178571428571426 0.12380960685200092
10 0.9529029132896645 0.8119049695109538 0.09241070107562549 0.11904761904761894
10 0.750000841671329 0.8071429817065728 0.10178571428571427 0.11904761904761914
10 0.3508931364418631 0.3118962500508636 0.10178571428571427 0.11904761904761914
10 0.9571428684657896 0.30475326834429084 0.08571426306842003 0.1238096068520009
10 0.7526794168742111 0.43332693906260006 0.10178571428571427 0.11904761904761914
5 0.955580357142857 0.5571428571428572 0.08705357142857138 0.11904761904761912
5 0.7553571428571427 0.3071427741003801 0.10446428571428584 0.12380952380952377
5 0.1486598594042972 0.3071427741003801 0.10446428571428584 0.12380952380952377
51 0.25781249999999994 0.8 0.10044642857142855 0.11904761904761912
51 0.049553571428571426 0.30476190476190473 0.09910714285714285 0.1333333333333334
51 0.3529017857142857 0.1869047619047619 0.09776785714285711 0.12142857142857144
51 0.7506696428571428 0.6857142026718087 0.103125 0.12380952380952388
57 0.14531249999999998 0.18095238095238095 0.10580357142857143 0.12857142857142856
57 0.8611607142857142 0.30833333333333335 0.10178571428571431 0.11666666666666664
57 0.25312499622568907 0.5571428156216186 0.10178571428571431 0.11428571428571428
57 0.050892857142857136 0.8047619047619048 0.10178571428571427 0.1238095238095238
3 0.7566964285714285 0.18333333333333332 0.10178571428571445 0.11904761904761903
3 0.15535629552434738 0.9238224369147061 0.10178571428571445 0.11904761904761903
3 0.1540170079229063 0.6785800649890426 0.10178571428571445 0.11904761904761903
3 0.8584822862809566 0.5547683820751153 0.10178571428571445 0.11904761904761903
39 0.05022321428571428 0.5583333333333332 0.10044642857142856 0.12142857142857146
39 0.957142867522212 0.17856480593388319 0.08571426495557541 0.133333540939526
39 0.8551350627518517 0.8011947113568061 0.10044642857142856 0.12142857142857148
81 0.04687499999999999 0.175 0.09107142857142855 0.11666666666666665
65 0.2517857142857143 0.30952380952380953 0.09910714285714285 0.11904761904761905
65 0.9535724174408826 0.6857208460699721 0.09107141724849635 0.1238096068520004
65 0.6495541319137391 0.5595281692538551 0.09910714285714285 0.11904761904761903
39 0.6502240597313541 0.308328973603288 0.10044642857142856 0.12142857142857148
11 0.5035714285714286 0.4357142649536665 0.3080357142857143 0.11904766056885756
