81 0.6237222280384219 0.3131860088631547 0.06941379902852851 0.08919176816867033
81 0.901377424152536 0.3131860088631547 0.06803926835469624 0.08186093790823175
81 0.901377424152536 0.6534587134518491 0.06803926835469624 0.0879699631252639
81 0.6271585547230025 0.6546805184952557 0.07216286037619313 0.085526353038451
81 0.5092925494418872 0.6577350311037717 0.012370776064490272 0.08430454799504475
81 0.5082616514365129 0.3125751063414514 0.013058041401406442 0.08552635303845105
5 0.5529338983360611 0.3993232644233089 0.07216286037619313 0.08552635303845108
5 0.9676985291649421 0.3962687518147929 0.06047934964861895 0.0843045479950446
73 0.8309327271186333 0.39871236190160575 0.06597747234394774 0.08186093790823172
73 0.9676985291649421 0.5691541654568046 0.06185388032245115 0.08308274295163813
73 0.5532775310045192 0.5691541654568046 0.07147559503927696 0.08308274295163813
10 0.5532775310045192 0.7237125034477196 0.07147559503927696 0.04765039669285116
10 0.9670112638280259 0.4842387149400568 0.06322841099628362 0.08430454799504475
10 0.6254403913807122 0.4842387149400568 0.06872653369161257 0.08430454799504475
10 0.9683857945018584 0.7231016009260165 0.06185388032245129 0.0537594219098834
10 0.6938232924038665 0.3993232644233089 0.06941379902852873 0.08552635303845108
71 0.8305890944501751 0.3131860088631547 0.06666473768086391 0.0843045479950446
71 0.6244094933753379 0.39993416694501216 0.06666473768086405 0.07941732782141883
8 0.5539647963414353 0.6552914210169589 0.07285012571310916 0.08186093790823172
8 0.9003465261471619 0.5667105553699918 0.07010106436544447 0.08552635303845108
8 0.552246632999145 0.31013149625463854 0.07353739105002532 0.08796996312526399
35 0.625096758712254 0.570375970500211 0.06803926835469624 0.0830827429516382
35 0.9003465261471619 0.39749055685819923 0.06735200301778037 0.08186093790823179
67 0.9676985291649421 0.6546805184952557 0.06047934964861895 0.08308274295163834
67 0.9687294271703163 0.3107423987763418 0.05979208431170292 0.08186093790823175
67 0.5086052841049711 0.5691541654568046 0.01374530673832254 0.08063913286482531
53 0.6931360270669505 0.3131860088631547 0.06666473768086405 0.08186093790823175
35 0.9020646894894523 0.7255452110128294 0.0680392683546961 0.05131581182307059
11 0.7976003582782013 0.4842387149400568 0.21236498910708249 0.08430454799504475
