46 0.62349406534154 0.4813952881879767 0.06697992521153917 0.08029820184693438
46 0.8922164998306663 0.48506076723907804 0.06697992521153917 0.08029820184693438
23 0.9608281851279628 0.5675428792478576 0.07010103846639285 0.0843045479950446
23 0.5549954547805721 0.7196602598685573 0.06941376881296554 0.06353350003880325
10 0.9628877236046343 0.4019853661591982 0.07285012571310928 0.08308276425859885
10 0.5546495494702576 0.6439069835318786 0.07010104709941073 0.08063911155786506
10 0.6927907498086573 0.31523569528313583 0.07010104709941073 0.08063911155786506
10 0.6240637844661698 0.39709806075772974 0.07010104709941073 0.08063911155786506
45 0.5536186644144098 0.5638727552793393 0.06666473768086405 0.08430454799504475
45 0.8945044125131483 0.3170638325051906 0.06666473768086405 0.08430454799504475
45 0.6230328994103224 0.31462017980445645 0.06666473768086405 0.08430454799504475
45 0.9611695688953589 0.7220992676518749 0.06941381629456807 0.056202541936600625
10 0.9615131842977835 0.652459767984448 0.07010104709941073 0.08063911155786506
81 0.6233788004041294 0.5632680850436199 0.06872649484303474 0.08063894110218037
81 0.8927885045466806 0.5657117377443541 0.06872649484303474 0.08063894110218037
81 0.6226915307507032 0.718440031540238 0.06460287692248759 0.06353337219704117
81 0.8900394259329797 0.7202727710657885 0.06872649484303757 0.05742424044520542
66 0.6254406007313855 0.6445147432768884 0.06872650347605315 0.08430450538112202
66 0.8914139566068121 0.6494020486783565 0.06872650347605315 0.08430450538112202
5 0.6914162299260973 0.48201191325243053 0.06597745076140484 0.08186091660127098
5 0.9635750126823478 0.31462170325214145 0.06597745076140484 0.08186091660127098
5 0.5525877599342714 0.31095622420104024 0.07010106868195533 0.08919187470347344
73 0.8254346044233043 0.3184397705498024 0.06597747234394817 0.08186093790823172
73 0.9611703609747165 0.48582998055009113 0.06803928130422375 0.08186093790823158
10 0.8226847143059587 0.48262590528342486 0.07010104709941073 0.08063911155786506
73 0.554993995800615 0.48216450149899004 0.06803928130422375 0.08186093790823158
81 0.8262386131018724 0.262077458297087 0.06697992521153881 0.025316016080416056
81 0.5110107127841773 0.7198027273088191 0.0130580414014063 0.06353386225713507
81 0.5116979781210935 0.5640225842744976 0.015807102749070837 0.08186093790823179
81 0.509979814778803 0.39480258576270516 0.015119837412154738 0.085526353038451
11 0.8079093383319431 0.3994454449276496 0.19174702899959883 0.08430454799504453
