81 0.7207896440608288 0.2036773890635008 0.101536012330862 0.12054064762677194
81 0.31436767727065396 0.2036773890635008 0.101536012330862 0.12054064762677194
81 0.10111204450622768 0.4481872089806137 0.10771733501968597 0.1260352503215385
81 0.10265737517843362 0.1954354850213509 0.101536012330862 0.12054064762677194
81 0.09879404849791867 0.7023125836135685 0.10617200434747998 0.1287825516689218
81 0.09493072181740367 0.9468224035306817 0.10153601233086192 0.10130953819508944
81 0.9317272808169461 0.4591764143701471 0.11235332703630312 0.13152985301630526
81 0.9355906074974608 0.19680913569504263 0.11080799636409813 0.12878255166892175
81 0.7176989827164167 0.7064335356346436 0.101536012330862 0.12054064762677194
81 0.9324999461530491 0.7133017890031019 0.11080799636409797 0.13427715436368848
81 0.9340452768252547 0.9520925322498387 0.10153601233086192 0.09581493550032188
10 0.8207262913379927 0.45507251103826 0.10629073531153481 0.13003682443715223
10 0.3169484921988406 0.45781981238564334 0.10629073531153481 0.13003682443715223
10 0.024556750219956635 0.578701071670508 0.04911350043991327 0.13003682443715217
10 0.2025940224555975 0.8342000969771545 0.10629073531153481 0.13003682443715223
10 0.8238169526824046 0.8451893023666878 0.10629073531153481 0.13003682443715223
10 0.02069342353944166 0.834200096977153 0.04138684707888331 0.13003682443715206
8 0.31292925824175827 0.3324175824175824 0.1004464285714285 0.12087912087912088
8 0.7178058943597272 0.3324175824175824 0.1004464285714285 0.12087912087912088
8 0.20475611118733908 0.703303264314327 0.1004464285714285 0.12087912087912088
8 0.8259790414141457 0.9505496449499725 0.10971841260466517 0.09890071010005437
5 0.20703052957988813 0.3269854325577296 0.10010593220338983 0.12429378531073448
5 0.8205268064456654 0.33248003525249614 0.10010593220338983 0.12429378531073448
5 0.02236351425127257 0.951589614081549 0.03983803598735629 0.09682077183690119
73 0.8229779564052628 0.5837838440434462 0.10796703697453902 0.12365429794058665
73 0.20948167953948577 0.5727946386539131 0.10796703697453902 0.12365429794058665
73 0.6143583156574545 0.3310321200841831 0.10796703697453902 0.12365429794058665
10 0.6136519812623903 0.5896902770600413 0.10629073531153481 0.13003682443715223
28 0.20861950649638186 0.20329684909709494 0.10508241758241761 0.1263736263736264
28 0.31215666153418303 0.576929832341223 0.10508241758241761 0.1263736263736264
28 0.6134961426143507 0.20329684909709506 0.10508241758241761 0.1263736263736264
28 0.718578628324358 0.5824244350359894 0.10199175623800523 0.12637362637362637
28 0.9304601538145252 0.8434180630374022 0.10508241758241761 0.1263736263736264
28 0.09890102876975672 0.8324288576478692 0.10508241758241761 0.1263736263736264
71 0.10044642857142858 0.32142857142857145 0.10817307692307693 0.1263736263736264
71 0.9318343302182501 0.32967047547072137 0.10817307692307693 0.1263736263736264
71 0.20321091827312682 0.949186929305654 0.10353708490645888 0.09615331155241012
71 0.8221158524916251 0.7115453627569991 0.10817307692307693 0.1263736263736264
71 0.023952560297232185 0.7033034587148492 0.044814519362631436 0.12637362637362634
69 0.9310611263736263 0.5865384372383963 0.1066277472527473 0.1181319167319988
69 0.8259786406636193 0.20328989927842692 0.1066277472527473 0.1263738207741487
69 0.10585454741562884 0.5755492318488631 0.1066277472527473 0.1181319167319988
73 0.02307690504314976 0.32279021604203323 0.04615381008629951 0.12365429794058676
69 0.024725256190562876 0.19504799523627703 0.04945051238112575 0.12637382077414872
69 0.7162601629369939 0.8337955585028927 0.1066277472527473 0.1181319167319988
11 0.5642461909346947 0.4525365879524273 0.3066737288135593 0.12146892655367232
