81 0.9355906074974608 0.19680913569504263 0.11080799636409813 0.12878255166892175
69 0.10276388607121689 0.5796701838699382 0.1066277472527473 0.1263738207741487
69 0.9279704650292143 0.5824174852173215 0.1066277472527473 0.1263738207741487
69 0.8259786406636193 0.20328989927842692 0.1066277472527473 0.1263738207741487
81 0.7192443133886228 0.20093008771611753 0.101536012330862 0.12054064762677194
81 0.9317272808169464 0.4509345103279971 0.10926266569189157 0.12054064762677186
81 0.10111204450622764 0.19268818367396773 0.10462667367527394 0.13152985301630515
81 0.31436767727065396 0.20093008771611753 0.101536012330862 0.12054064762677194
81 0.0995667138340216 0.44681355830692204 0.10771733501968588 0.12878255166892183
81 0.09802138316181562 0.7023125836135684 0.10771733501968588 0.12878255166892183
81 0.7115176600275928 0.7023125836135684 0.10771733501968588 0.12878255166892183
81 0.930954615480843 0.7105544876557183 0.10771733501968588 0.12878255166892183
81 0.9340452768252547 0.9520925322498387 0.10153601233086192 0.09581493550032188
28 0.9304601538145252 0.8434180630374022 0.10508241758241761 0.1263736263736264
28 0.717204521050099 0.5824244350359893 0.10508241758241761 0.1263736263736264
28 0.31078255425992407 0.5769298323412229 0.10508241758241761 0.1263736263736264
28 0.6152126966845038 0.20604415044447816 0.10508241758241761 0.1263736263736264
28 0.20879072989432892 0.19780224640232827 0.10508241758241761 0.1263736263736264
69 0.024725256190562876 0.19504799523627703 0.04945051238112575 0.12637382077414872
73 0.02307690504314976 0.32279021604203323 0.04615381008629951 0.12365429794058676
10 0.024556750219956635 0.578701071670508 0.04911350043991327 0.13003682443715217
71 0.023952560297232185 0.7033034587148492 0.044814519362631436 0.12637362637362634
10 0.02069342353944166 0.834200096977153 0.04138684707888331 0.13003682443715206
5 0.02236351425127257 0.951589614081549 0.03983803598735629 0.09682077183690119
81 0.09493072181740367 0.9468224035306817 0.10153601233086192 0.10130953819508944
71 0.20321091827312682 0.949186929305654 0.10353708490645888 0.09615331155241012
8 0.8259790414141457 0.9505496449499725 0.10971841260466517 0.09890071010005437
10 0.8238169526824046 0.8451893023666878 0.10629073531153481 0.13003682443715223
69 0.7162601629369939 0.8337955585028927 0.1066277472527473 0.1181319167319988
71 0.8221158524916251 0.7115453627569991 0.10817307692307693 0.1263736263736264
71 0.10353708991584071 0.3241758727759549 0.10817307692307693 0.1263736263736264
71 0.9318343302182501 0.3296704754707214 0.10817307692307693 0.1263736263736264
73 0.8229779564052628 0.5837838440434462 0.10796703697453902 0.12365429794058665
73 0.20793634886727974 0.5782892413486797 0.10796703697453902 0.12365429794058665
73 0.6128129849852485 0.33377942143156636 0.10796703697453902 0.12365429794058665
5 0.8205268064456654 0.33248003525249614 0.10010593220338983 0.12429378531073448
5 0.20857586025209432 0.3269854325577296 0.10010593220338983 0.12429378531073448
8 0.7178058943597272 0.3296702810701991 0.1004464285714285 0.12087912087912088
8 0.3129292582417584 0.3269229797228158 0.1004464285714285 0.12087912087912088
8 0.20630144185954516 0.703303264314327 0.1004464285714285 0.12087912087912088
10 0.3107671695100167 0.45507251103826 0.10629073531153481 0.13003682443715223
10 0.8238169526824046 0.45781981238564334 0.10629073531153481 0.13003682443715223
10 0.2087753451444214 0.8342000969771546 0.10629073531153481 0.13003682443715223
69 0.4164660125290325 0.2060372006258103 0.1066277472527473 0.1263738207741487
10 0.6105613199179782 0.5814483730178917 0.10629073531153481 0.13003682443715223
11 0.5642461909346947 0.4525365879524273 0.3066737288135593 0.12146892655367232
