81 0.6010424719201897 0.7085010306573095 0.05566849229020605 0.06597747234394802
81 0.6031042679309381 0.5741024758826007 0.05429396161637378 0.06353386225713514
81 0.6034479035046226 0.3089708134238433 0.054981226953289865 0.06109014563551909
81 0.7123794584374191 0.3132471310757658 0.05291943094254141 0.06475560337965973
81 0.9250880782761425 0.3114143915502153 0.05223216560562534 0.06597747234394799
81 0.9216517515915618 0.44459114128151767 0.05360669627945768 0.06597747234394788
81 0.9206208535861876 0.5716588657957878 0.05704302296403838 0.06842108243076091
81 0.9257753436130585 0.7078901281356061 0.05360669627945768 0.06475566730054155
81 0.5075743860995968 0.7103337382224191 0.013058041401406442 0.06475566730054155
81 0.5092925494418871 0.5741024758826007 0.013745306738322399 0.07086469251757364
81 0.508948916773429 0.44031482362959506 0.01580710274907098 0.07208649756098019
81 0.508948916773429 0.30408356128977665 0.0130580414014063 0.06842108243076084
56 0.5457176122984417 0.5759351834477102 0.05773028830095434 0.06719927738735443
56 0.5453739796299836 0.3053053663331831 0.05841755363787058 0.07086469251757371
5 0.65774186221577 0.5062922959735431 0.05498122695328995 0.06475566730054155
5 0.5460612449668997 0.3737264487639439 0.05429396161637385 0.06353386225713507
5 0.8687323206490203 0.37922457145927296 0.05085763493179314 0.06475566730054155
5 0.9735402845287291 0.5081250035386528 0.05017036959487697 0.06109025217032226
73 0.9756020805394775 0.707279225613903 0.0460467775733801 0.06597747234394802
73 0.54777940830919 0.5075141010169495 0.056355757627122215 0.06475566730054155
73 0.8656396266328976 0.5081250035386528 0.05291943094254151 0.06353386225713507
85 0.6020733699255638 0.6394690457048453 0.05498122695329002 0.06475566730054133
85 0.6031042679309376 0.37617003754379624 0.054293961616373745 0.06597751495786935
10 0.65774186221577 0.638247240661439 0.05360669627945782 0.06475566730054147
10 0.5439994489561514 0.6425235583133616 0.055668492290206185 0.06353386225713492
10 0.9745711825341032 0.6388581431831422 0.048108573584128324 0.06597747234394781
10 0.8687323206490203 0.44459114128151767 0.049483104257960805 0.061090252170322115
10 0.603104267930938 0.44275843371640805 0.05291943094254172 0.0647556673005414
10 0.65774186221577 0.3761700588507568 0.05360669627945782 0.06597747234394795
10 0.9742275498656454 0.3780027664158665 0.04742130824721244 0.062312057213728594
51 0.5429685509507771 0.7097228357007159 0.05360669627945768 0.06353386225713507
51 0.7113485584952276 0.3786136689375698 0.052232165605625484 0.06353386225713514
51 0.8701068513228525 0.31202529407191854 0.053606696279457536 0.06231205721372863
13 0.6570545968788538 0.7054465180487933 0.05360669627945775 0.06719927738735464
13 0.9749167028331865 0.5735898187089121 0.048799614182294844 0.06739576808338377
13 0.6044787986047703 0.5081250035386528 0.05291943094254144 0.06109025217032226
13 0.9759476008385607 0.31105892972984006 0.04536328749771428 0.06771015879001052
71 0.9209644862546456 0.6406908507482518 0.05773028830095456 0.06475566730054155
71 0.923369914933852 0.3780027664158665 0.05291943094254165 0.06475566730054162
71 0.713410354505976 0.5093468085820592 0.056355757627122215 0.06597747234394788
11 0.7388391719718728 0.4433693362381112 0.1731908649028634 0.063533862257135
61 0.658429127552686 0.5728806708391943 0.05360669627945775 0.06353386225713514
61 0.9209644862546456 0.5081250035386528 0.05498122695328988 0.05620303199669643
61 0.65774186221577 0.3101925865068089 0.05085763493179314 0.06109025217032215
