81 0.6165981280476474 0.35803540287296526 0.0587553809831196 0.06910455039165642
81 0.6174135299698341 0.6479609422806193 0.0587553809831196 0.06910455039165642
81 0.8514338816374684 0.3594850305700035 0.0587553809831196 0.06910455039165642
81 0.8522492835596551 0.501548544879754 0.0587553809831196 0.06910455039165642
81 0.969667160354565 0.5000989171827156 0.058755380983119575 0.0720038057857331
81 0.9696671603545659 0.6436120591895045 0.0587553809831196 0.06910455039165642
81 0.9706223095084401 0.3565857751759269 0.0587553809831196 0.06910455039165642
10 0.5560090365576622 0.43278320683833443 0.05918637314949476 0.07032635543506266
10 0.5576398404020355 0.7190846770033926 0.059186373149494716 0.06597747234394766
10 0.9123396765533285 0.42843432374721957 0.05918637314949476 0.07032635543506266
10 0.910708872708954 0.7161854216093151 0.057555569305121485 0.06887672773802447
10 0.5127987675166622 0.504638717452933 0.025277386120474362 0.07247996020207716
2 0.6760125867010269 0.35948503057000336 0.05643731180182979 0.07200380578573289
2 0.9695572786883027 0.7160934440414175 0.05643731180182976 0.06910455039165649
40 0.9123678642199855 0.3579214915461491 0.05875538098312041 0.0693323730452882
40 0.6180077703105213 0.718153974260159 0.0587553809831203 0.06498348995417375
45 0.5568885067724859 0.6473863423861188 0.0612015867496797 0.06933237304528783
5 0.5574476355241308 0.5786235472818699 0.06094531357913838 0.07001584100618401
5 0.9097012659088627 0.5713754087966785 0.06094531357913838 0.07001584100618401
33 0.5556654038892043 0.3596715073360113 0.06150444233078242 0.07009853278143066
33 0.9702972813212314 0.5713171511035983 0.05905823656422115 0.0700985327814306
70 0.6171698462199892 0.42931439481017736 0.058755380983120414 0.07100982339595827
70 0.9098991362850782 0.6438592939718414 0.058755380983120414 0.07100982339595827
52 0.6184098057733048 0.5769485972544492 0.05750898689455818 0.07100982339595785
52 0.8524301574409391 0.4305361998535841 0.05750898689455818 0.07100982339595785
70 0.5132061011411609 0.57717641990808 0.02695470601783463 0.07100982339595804
81 0.513042083929912 0.6515850115232105 0.026139304095646555 0.07345343348277107
33 0.513264503935484 0.7199039900500194 0.027257561598938405 0.06574964969031585
73 0.6771018092935784 0.4325924972921991 0.058708774873423186 0.07103036099803565
2 0.5125245013025564 0.4319664154219155 0.021375029147795918 0.07200380578573268
81 0.513206467292799 0.3575043982427164 0.022831187463654173 0.07392955940611863
42 0.9702670661935628 0.42702604193780447 0.05729929613457568 0.0722316284393659
11 0.6416319655033463 0.5086965409833707 0.15411051537966672 0.07247996020207716
81 0.7348314067647447 0.35803540287296526 0.0587553809831196 0.06910455039165642
