81 0.5213196928379193 0.31018036845637476 0.03917412420421904 0.06964288747416728
81 0.6250967577438449 0.3083476182773438 0.057043022964038244 0.06597747234394799
81 0.8501761565522848 0.29551870793549745 0.05773028830095456 0.06719927738735436
81 0.9707931098432792 0.2829451743740971 0.055672267551456336 0.07626292193561941
81 0.9704475905126065 0.5722575502670569 0.05773028830095441 0.07086469251757364
81 0.972509386523355 0.7164305453890174 0.05360669627945768 0.07086469251757364
81 0.5223505908432934 0.7231504731277528 0.04261045088879982 0.05986844712691564
81 0.5226942235117515 0.5893628208747471 0.04054865487805124 0.07086469251757364
81 0.5237251215171257 0.44885524088300616 0.04123592021496748 0.06842108243076084
56 0.5732082257750867 0.5844756007011214 0.05773028830095448 0.06842108243076077
56 0.5694282664220479 0.3083476608912651 0.05429396161637392 0.07086469251757375
56 0.8525815852314912 0.5044473703579994 0.05841755363787058 0.0671992773873545
5 0.5704591644274221 0.37860145088713565 0.05773028830095448 0.06719927738735443
5 0.9103118735324458 0.3584416676709293 0.05979208431170278 0.06597747234394809
73 0.572864592138219 0.5148326599595524 0.0556684922902061 0.06842110373772155
73 0.9109991388693618 0.5050582728797025 0.05704302296403838 0.07086469251757394
85 0.5223505908432934 0.5184981283571735 0.04261045088879982 0.06842108243076098
85 0.6275021873914606 0.37676874332202603 0.05498122695329002 0.06842108243076091
85 0.7921022355828723 0.3022386356742329 0.054293961616373704 0.06597747234394795
10 0.5735518584435447 0.6553402932186952 0.05841755363787058 0.06597747234394817
10 0.9140918328854843 0.6431222427846306 0.060479349648619236 0.06842108243076091
10 0.6288767180652927 0.44518982575278687 0.056355757627122215 0.06842108243076077
10 0.9089373428586134 0.43174997027531586 0.05841755363787058 0.07086469251757371
51 0.9099682408639876 0.29002058524016844 0.06047934964861895 0.06842108243076087
51 0.911686404206278 0.5740902578321666 0.05979208431170292 0.06475566730054147
51 0.5738954911120028 0.7213177655626432 0.05773028830095448 0.061090252170322115
13 0.6302512487391251 0.5160545182703605 0.05498122695328995 0.06842108243076091
13 0.8501761565522848 0.365772497931368 0.05498122695328988 0.06842108243076084
71 0.9707931108116898 0.35808620585055406 0.05704679822528846 0.06771015879001048
71 0.972509386523355 0.64678765791485 0.05223216560562534 0.07086469251757371
11 0.7811059901922133 0.43908074726835294 0.15188563945846345 0.0684211889655637
61 0.5226942235117515 0.6583948058272112 0.041923185551883575 0.06475566730054169
61 0.5230378561802095 0.38104506097394847 0.03986138954113514 0.06475566730054147
61 0.6790470905653972 0.30773673706260124 0.049483110068415784 0.06719932000127556
61 0.9701039578441484 0.5013928577494832 0.0570430229640381 0.06597747234394802
73 0.7934767662567046 0.36882701053988415 0.05841755363787058 0.06719927738735443
