81 0.8595879008593371 0.5087966833649453 0.06038618482749348 0.06910455039165639
81 0.8628495085480846 0.3652835413581566 0.0587553809831196 0.06910455039165642
81 0.6263829511138896 0.36528354135815666 0.0587553809831196 0.06910455039165642
81 0.6288291568804505 0.6523098253717339 0.0587553809831196 0.06910455039165642
81 0.9753749738098731 0.6508601976746934 0.0473397540725021 0.06910455039165615
81 0.5199730002685019 0.6552090807658089 0.03673952908407488 0.06910455039165618
52 0.6273792269173615 0.5827471080426024 0.057508986894558196 0.0739090787900344
52 0.8613995785849957 0.4363347106417372 0.057508986894558196 0.0739090787900344
5 0.569678664356934 0.5815228026759466 0.06094531357913838 0.07001584100618401
5 0.921932294741666 0.5786235472818698 0.06094531357913838 0.07001584100618401
81 0.9755147210415616 0.5080718695164251 0.04897055791687517 0.0734534334827713
42 0.9755671786877792 0.43354936657447724 0.04669907114614928 0.07368125613640295
81 0.9771455248859364 0.35948503057000347 0.04570895022812707 0.06910455039165622
40 0.9205218834418549 0.3637200023343023 0.05875538098312041 0.0693323730452882
40 0.629423397221138 0.7181539742601586 0.0587553809831203 0.059184979166020474
10 0.9221244996195672 0.7190846770033928 0.059186373149494625 0.060178961555795024
10 0.5690554673126484 0.7219839323974695 0.059186373149494625 0.060178961555795024
70 0.9225378660789755 0.6511074324570327 0.059570782905307214 0.0710098233959583
70 0.8010429796731304 0.3655307761404936 0.059570782905307214 0.0710098233959583
70 0.6281777721695121 0.4365625332953688 0.059570782905307214 0.0710098233959583
33 0.56463482503326 0.3640203904271261 0.06150444233078242 0.07009853278143066
33 0.9757709942121018 0.5778404757402703 0.048458011575789425 0.07154816047846879
2 0.9756727931047017 0.7182678855869742 0.04583708681339778 0.061856411906464626
10 0.9213090976973841 0.43278320683833443 0.05918637314949476 0.07032635543506266
10 0.5674246634682787 0.4385817176264875 0.05918637314949476 0.07032635543506266
81 0.5183421964241278 0.3623842859640798 0.031847117550954436 0.06910455039165614
2 0.5190477166800523 0.43776492621006924 0.03442145990278486 0.07200380578573276
10 0.5176851462148777 0.5110631024784003 0.03309351163951683 0.0703263554350624
70 0.5189139145964696 0.5829749306962342 0.035108725239702404 0.07100982339595813
33 0.5189723173907934 0.7206288038985396 0.03378077697643103 0.052703000416970014
45 0.5687118346441961 0.653184853174272 0.0620169886718666 0.07223162843936458
45 0.8598103208649117 0.5792538406253203 0.0620169886718666 0.07223162843936458
73 0.6860712304376342 0.436941380383314 0.058708774873423186 0.07103036099803565
2 0.6849820078450826 0.3652835413581564 0.05806811564620358 0.07200380578573286
5 0.8012528102580078 0.43800966066915775 0.06094531357913838 0.07001584100618401
81 0.8599956018204306 0.6494105699776574 0.059570782905306506 0.0691045503916564
11 0.6416319655033464 0.5115957963774471 0.15411051537966672 0.07247996020207716
