5 0.9615132037220719 0.31278896372659104 0.0714756079888061 0.08552639565237198
45 0.8910680642460236 0.31462017980445645 0.06666473768086405 0.08430454799504475
45 0.6161602028760734 0.3109547007533553 0.06666473768086405 0.08430454799504475
45 0.5494950464938596 0.5614291025786051 0.0707883556014149 0.08430454799504503
45 0.9556714116679558 0.7208774413015072 0.06666473768086367 0.058646194637334184
73 0.821310986502755 0.3147742914987012 0.06597747234394817 0.08186093790823172
73 0.9577340127075924 0.48216450149898976 0.06803928130422354 0.08186093790823158
73 0.5484649340930787 0.47788810927270525 0.07010109026449834 0.0855264169593333
10 0.6866053229278333 0.3115702162320346 0.07010104709941073 0.08063911155786506
5 0.5457150634000227 0.3085125715003061 0.07010106868195533 0.08919187470347344
5 0.6869489771788327 0.48017917372687946 0.06666472041483354 0.07819543755016997
81 0.6189115476568674 0.5620462586932526 0.06803922518960992 0.08063894110218035
46 0.6179959081141411 0.47895163548724257 0.06697992521153917 0.08029820184693438
46 0.8867183426032671 0.4813952881879767 0.06697992521153917 0.08029820184693438
81 0.8876339821459938 0.5669335640947211 0.06803922518960992 0.08063894110218035
81 0.8848849035322887 0.7196618578906043 0.06803922518960967 0.06353337219703954
10 0.6168474531052085 0.3958762344073625 0.06941377744598586 0.08063911155786503
10 0.5481204877627208 0.6451288098822456 0.06941377744598586 0.08063911155786503
10 0.9591077405107963 0.3983198871080967 0.06941377744598586 0.08063911155786503
10 0.8182174615586972 0.4826259052834248 0.06941377744598586 0.08063911155786503
10 0.9563586618970968 0.6451288098822456 0.06941377744598586 0.08063911155786503
66 0.6185679041971367 0.6445147432768884 0.06872650347605315 0.08430450538112202
66 0.8866030690328376 0.6481802223279897 0.0687265034760531 0.07941719997965374
23 0.9567045672074123 0.566931966072674 0.0701010384663931 0.08063906894394349
23 0.5491536627264596 0.719049346693374 0.07010103846639293 0.0647553263891704
46 0.8221149951813232 0.25963380559635285 0.06697992521153881 0.025316016080416056
81 0.6185679128301534 0.7196618578906044 0.06597741622933774 0.06353337219704108
11 0.8079093383319431 0.3994454449276496 0.19174702899959883 0.08430454799504453
