81 0.5168524681479645 0.31514089693260494 0.03161420549814181 0.06842108243076084
81 0.6165059420008024 0.3194172145845275 0.05498122695328995 0.06475566730054151
81 0.8305890944501751 0.3200281171062307 0.05291943094254165 0.06353386225713503
81 0.9408951810252125 0.31636272328297177 0.05360669627945791 0.06597742973002649
81 0.5182269988217967 0.4483176466639073 0.03161420549814167 0.06597747234394795
81 0.5168524681479645 0.5839380064820225 0.030239674824309476 0.07086469251757364
81 0.5165088354795064 0.7165038536916216 0.030926940161225717 0.0671992773873545
81 0.6134132479846799 0.7152820060342938 0.05017036959487711 0.06719927738735436
81 0.6175368400061767 0.5808834938735065 0.05291943094254151 0.062312057213728594
81 0.9381461196775487 0.5814943963952097 0.05773028830095441 0.06597747234394788
81 0.9412388136936712 0.7165038536916216 0.05979208431170278 0.0671992773873545
81 0.9378024870090905 0.4507612567507202 0.05566849229020605 0.06842108243076084
10 0.9841928972509291 0.6507818220490017 0.03161420549814181 0.06771015879001027
10 0.9838492645824709 0.38234017431995937 0.030926940161225644 0.06842108243076084
10 0.5604938170421384 0.6499154788259704 0.057043022964038244 0.06597747234394788
10 0.6178804726746348 0.44892854918561054 0.05360669627945768 0.06719927738735443
10 0.6714871689540926 0.38417288188506904 0.052232165605625484 0.062312057213728594
10 0.8835085253927168 0.45137215927242336 0.05291943094254151 0.06719927738735443
5 0.6728616996279247 0.5173496316163714 0.05498122695328988 0.062312057213728664
5 0.9824747339086387 0.516127826572965 0.033676001508890184 0.05986844712691571
5 0.8841957907296331 0.38417288188506904 0.05291943094254151 0.06475566730054155
5 0.5625556130528868 0.38356197936336583 0.055668492290206116 0.06597747234394795
56 0.5611810823790545 0.5814943963952097 0.05566849229020605 0.06597747234394788
56 0.5611810823790542 0.31636271262949167 0.054293961616373815 0.06842106112380023
85 0.6165059420008024 0.6474718687391576 0.05360669627945768 0.06353386225713507
85 0.6171932073377187 0.38417288188506904 0.053606696279457605 0.05986844712691571
85 0.5168524681479645 0.5155169240512617 0.03161420549814181 0.06597747234394802
51 0.558775653699848 0.7158929511699185 0.052232165605625484 0.06353386225713507
51 0.8824776273873424 0.5796616036022575 0.052232165605625484 0.06475566730054162
51 0.8852266887350071 0.3181954095411211 0.052232165605625484 0.06231205721372863
73 0.9855674279247615 0.7183365612567313 0.02749061347664494 0.06597747234394802
73 0.8828212600558006 0.5173496316163714 0.05154490026870917 0.062312057213728664
73 0.5625556130528868 0.5155169240512617 0.055668492290206116 0.06597747234394802
13 0.6178804726746346 0.516127826572965 0.05223216560562541 0.062312057213728594
13 0.829558196444801 0.3853946869284755 0.053606696279457536 0.06719927738735443
13 0.9848801625878453 0.31452999441090174 0.028865144150477137 0.06719927738735443
13 0.9831619992455549 0.5833271039603194 0.03092694016122536 0.06719927738735443
71 0.9405515483567553 0.648082771260861 0.05979208431170292 0.062312057213728594
71 0.9405515483567553 0.3847837844067722 0.05566849229020605 0.06597747234394795
61 0.5154779374741322 0.6517481863910802 0.02886514415047728 0.062312057213728525
61 0.5178833661533386 0.3829510768416625 0.033676001508890184 0.062312057213728664
61 0.6711435362856344 0.31941721458452754 0.05154490026870931 0.06231205721372863
61 0.9384897523460068 0.516127826572965 0.05566849229020605 0.05986844712691571
81 0.723719334559718 0.3212499221496372 0.05085763493179329 0.06597747234394799
11 0.7570517034001496 0.450150322268576 0.17525266091361183 0.0720865614818619
71 0.8855703214034654 0.7177256587350281 0.05017036959487697 0.06475566730054169
