81 0.9726608143139077 0.36673316905519454 0.05141676368343593 0.06910455039165611
81 0.9718454123917205 0.6566587084628485 0.054678371372185 0.06910455039165632
81 0.9708902632378451 0.5153200080016174 0.056309175216558705 0.07345343348277127
81 0.8530646854818421 0.511695938759022 0.0587553809831196 0.06910455039165642
81 0.6223059415029555 0.6610075915539637 0.0587553809831196 0.06910455039165642
81 0.6198597357363949 0.372531679843348 0.0587553809831196 0.06910455039165642
81 0.8555108912484028 0.3696324244492714 0.0587553809831196 0.06910455039165642
81 0.51508058873538 0.3696324244492708 0.026954706017833806 0.06910455039165603
81 0.5150805887353795 0.6639068469480368 0.028585509862207106 0.06910455039165599
33 0.5165261116242322 0.7242528731411351 0.02888836544330993 0.04545486193177826
52 0.6224868153842393 0.5885456188307555 0.05750898689455818 0.07100982339595785
52 0.8556917651296867 0.4421332214298902 0.05750898689455818 0.07100982339595785
73 0.680363416982326 0.4456391465655436 0.058708774873423186 0.07103036099803565
2 0.6784587924675876 0.37108205214630957 0.05643731180182979 0.07200380578573289
33 0.5589270115779518 0.3712685289123175 0.06150444233078242 0.07009853278143066
33 0.9719280851656045 0.5872630557710196 0.05579662887547309 0.07009853278143055
70 0.6204314539087364 0.44526029947759865 0.058755380983120414 0.07100982339595827
70 0.9147915478181998 0.6569059432451857 0.058755380983120414 0.07100982339595827
42 0.9714901690768442 0.44079750505966814 0.053222286523644254 0.07368125613640275
40 0.915629471908733 0.3695185131224553 0.05875538098312041 0.0693323730452882
40 0.6229001818436422 0.7232276711997926 0.05875538098312025 0.051936840680829335
10 0.9147858823198888 0.44003134532352567 0.05918637314949476 0.07032635543506266
10 0.5592706442464096 0.44438022841464053 0.05918637314949476 0.07032635543506266
10 0.515646641409409 0.5190360548121109 0.030647305872955187 0.07177598313210069
10 0.9156012842420722 0.7205343047004305 0.05918637314949462 0.05438045076764062
10 0.5617168500129661 0.7248831877915449 0.05918637314949448 0.04858193997948748
45 0.5617809183056071 0.6633322470535395 0.0612015867496797 0.06933237304528783
5 0.5615246451350653 0.5916701965552142 0.06094531357913838 0.07001584100618401
5 0.9137782755197971 0.5858716857670614 0.06094531357913838 0.07001584100618401
2 0.9724111854159517 0.721891954829569 0.05236030219089117 0.05460827342127326
2 0.51537840803021 0.44501306469526014 0.02708284260310413 0.07490306117980909
70 0.5156523069077215 0.5916726968784635 0.028585509862208296 0.07100982339595802
11 0.6420396664644394 0.5188439348626384 0.15981832883497524 0.07247996020207706
70 0.7949274652567284 0.37277891462568513 0.058755380983120414 0.07100982339595827
