81 0.03950892857142857 0.14285714285714285 0.0763392857142857 0.13809523809523808
81 0.24575892857142853 0.13928571428571426 0.11116071428571427 0.12619047619047616
81 0.6890625 0.11904761904761905 0.11116071428571431 0.13333333333333336
81 0.9294642857142855 0.09404761904761903 0.11785714285714292 0.13095238095238093
81 0.927455357142857 0.3857142857142857 0.11919642857142847 0.1333333333333334
81 0.9334821428571428 0.6642857142857143 0.12857142857142861 0.142857142857143
81 0.9381733213152202 0.9380952380952381 0.11920378548758365 0.1238095238095238
81 0.0421875 0.9476190476190476 0.08169642857142857 0.10476190476190467
81 0.03950892857142857 0.6916666666666668 0.0763392857142857 0.14047619047619045
81 0.042857142857142844 0.41666666666666663 0.08571428571428569 0.1380952380952381
56 0.13928571428571426 0.6845238095238095 0.11249999999999999 0.13095238095238096
56 0.13459821428571428 0.14404761904761906 0.10848214285714285 0.14047619047619045
56 0.6991071428571428 0.530952380952381 0.10714285714285708 0.1380952380952381
5 0.13861607142857144 0.28214285714285714 0.11116071428571425 0.12619047619047621
5 0.8089285714285714 0.25238095238095243 0.11785714285714292 0.13809523809523813
73 0.14263392857142856 0.5523809523809524 0.11116071428571427 0.13333333333333336
73 0.8109375 0.5285714285714286 0.1138392857142857 0.13333333333333336
73 0.5785714219663842 0.26428565200385634 0.10714285903001249 0.1428573504633355
85 0.5745535714285714 0.1238095238095238 0.10982142857142861 0.13333333333333333
85 0.24575892857142853 0.2738095238095238 0.10848214285714289 0.1285714285714286
85 0.040178571428571425 0.5535714285714286 0.08035714285714285 0.13095238095238096
10 0.8162946428571428 0.8023809523809524 0.1138392857142857 0.14761904761904773
10 0.13660714285714284 0.8226190476190476 0.1125 0.1404761904761905
10 0.24709821428571427 0.4130952380952381 0.10580357142857146 0.1357142857142857
10 0.8075892857142856 0.3916666666666667 0.11785714285714277 0.13095238095238096
51 0.8082589285714282 0.10833325029085629 0.11651785714285703 0.14047643960362166
51 0.13794642857142858 0.95 0.10982142857142856 0.1
51 0.8122767857142855 0.6678571428571428 0.11651785714285708 0.13095238095238096
10 0.35424107142857136 0.2761904761904762 0.09776785714285711 0.1380952380952381
13 0.2551339285714285 0.5511904761904762 0.10848214285714285 0.13095238095238101
13 0.6910714285714284 0.2571428571428572 0.11249999999999993 0.1380952380952381
71 0.9287946428571427 0.2392857142857143 0.121875 0.14047619047619048
71 0.9368303571428571 0.8083333333333335 0.121875 0.1357142857142857
71 0.8229910714285714 0.9404761904761904 0.12187499999999986 0.11428571428571431
11 0.5511160714285716 0.39642842610423673 0.2879464285714286 0.12619076683914615
61 0.9308035714285714 0.5214285714285714 0.1205357142857143 0.13333333333333336
61 0.040178571428571425 0.8309523809523809 0.07767857142857143 0.13333333333333341
61 0.3515625 0.14166666666666664 0.10044642857142855 0.12619047619047616
