81 0.2029017857142857 0.14047619047619048 0.10580357142857143 0.12857142857142853
81 0.42120535714285706 0.15 0.10848214285714285 0.13333333333333336
81 0.61875 0.14642857142857144 0.11517857142857146 0.13095238095238096
81 0.8370535714285714 0.14404761904761906 0.10446428571428569 0.12619047619047621
81 0.8337053571428562 0.4035712624864739 0.1058035714285713 0.13095229790990504
81 0.8370535714285714 0.6583333333333333 0.10982142857142861 0.13095238095238096
81 0.8424107142857141 0.9226190476190476 0.1125 0.13571428571428584
81 0.20223214285714286 0.9333333333333332 0.10714285714285716 0.1238095238095238
81 0.20691964285714284 0.6607142857142857 0.10580357142857143 0.13095238095238096
81 0.02075892857142857 0.4011904761904762 0.04151785714285714 0.14047619047619045
81 0.019419642857142858 0.1357142857142857 0.03616071428571429 0.1285714285714286
81 0.01808035714285714 0.6666666666666665 0.033482142857142856 0.13333333333333328
81 0.015401785714285713 0.9333333333333332 0.030803571428571427 0.1238095238095238
10 0.9475446428571428 0.7964285714285714 0.103125 0.12619047619047635
10 0.9441964285714285 0.27261904761904765 0.10714285714285722 0.13095238095238096
10 0.08973213719567653 0.7988094407670467 0.11517857142857142 0.13571428571428557
10 0.20691964285714282 0.40357142857142864 0.10848214285714283 0.13095238095238096
10 0.3120535714285714 0.2702379706743796 0.10714285714285719 0.13571428571428573
10 0.7285714285714286 0.40595238095238095 0.10446428571428569 0.13095238095238088
56 0.09107142668427311 0.1380952380952381 0.10982142857142854 0.1380952380952381
56 0.09174107142857141 0.6630952380952381 0.11116071428571425 0.12619047619047621
5 0.3154017857142857 0.5357142857142857 0.10580357142857143 0.12857142857142861
5 0.9428571428571427 0.5333333333333333 0.10982142857142861 0.12380952380952387
5 0.7285714285714284 0.2761904761904762 0.10178571428571416 0.11904761904761901
5 0.09776785714285711 0.2714285714285714 0.11517857142857141 0.12380952380952376
73 0.95 0.9297619047619048 0.10000000000000014 0.14047619047619037
73 0.7285714285714286 0.5333333333333333 0.10446428571428569 0.11904761904761905
73 0.09843749999999998 0.5345238095238095 0.11116071428571427 0.12619047619047621
85 0.20624999999999996 0.2738095238095238 0.10446428571428569 0.1285714285714286
85 0.20624999999999996 0.8023809523809524 0.10982142857142853 0.1380952380952381
51 0.08973214285714284 0.9333333333333335 0.11517857142857141 0.12857142857142848
51 0.7292410714285714 0.6595238095238095 0.10580357142857139 0.11904761904761899
51 0.7305803571428571 0.15 0.10044642857142862 0.12857142857142856
13 0.20825892857142855 0.5333333333333333 0.1058035714285714 0.11904761904761905
13 0.9455357142857141 0.13928571428571426 0.10178571428571431 0.13095238095238093
13 0.9455357142857141 0.6630952380952381 0.10446428571428584 0.12619047619047621
13 0.618080357142857 0.27857142857142864 0.11651785714285723 0.12380952380952383
71 0.838392857142857 0.7916666666666665 0.1151785714285714 0.12619047619047621
71 0.8363839285714285 0.2738095238095238 0.103125 0.1285714285714286
11 0.4808035714285714 0.40595238095238095 0.3348214285714286 0.13095238095238088
61 0.3147321428571428 0.6642857142857141 0.10714285714285715 0.12857142857142848
61 0.31138392857142855 0.1488095238095238 0.10580357142857143 0.13095238095238096
61 0.019419642857142854 0.26785714285714285 0.03883928571428571 0.11666666666666668
