81 0.6013861045886477 0.3180732290367805 0.056355757627122215 0.06719927738735439
81 0.8158128897064785 0.31440781390656114 0.05360669627945768 0.06475566730054151
81 0.9247444456076843 0.30829878868952887 0.05429396161637399 0.06475566730054155
81 0.9254317109446003 0.5691541654568046 0.05704302296403838 0.06353386225713507
81 0.9298989385397824 0.7041636653671378 0.056355757627122215 0.06475566730054155
81 0.5103234474472613 0.7212688933609068 0.017181633422903034 0.05742483704010283
81 0.5099798147788033 0.5893139486730109 0.016494368085986935 0.06964288747416739
81 0.5103234474472612 0.45491539389830216 0.018556164096735443 0.0671992773873545
81 0.9244008129392263 0.4402537333774248 0.056355757627122215 0.06475566730054155
81 0.8175310530487689 0.5722086780653207 0.05291943094254179 0.0647556673005414
10 0.5477794058881668 0.6552913784030363 0.059104818006377166 0.0696429300880886
10 0.8725122800020588 0.6369643453658622 0.05429396161637385 0.062312057213728664
10 0.9773202438817679 0.6351316378007525 0.04398498156263202 0.06597747234394802
10 0.8690759533174781 0.44208644094253446 0.05291943094254165 0.063533862257135
10 0.6048224312732284 0.4524717838114893 0.05773028830095441 0.06719927738735436
10 0.6584291275526861 0.38588340894583806 0.05498122695329016 0.06353386225713507
10 0.9759476008385607 0.3702553840828823 0.046737818171546625 0.061601133572978244
73 0.5491539389830222 0.5196710611988437 0.056355757627122215 0.062312057213728525
73 0.8707941166597686 0.5062312057213728 0.05498122695328988 0.062312057213728664
73 0.7639243538640836 0.38221797250865813 0.05017036959487698 0.06353386225713507
5 0.5464048776353577 0.38405070138072844 0.05773028830095434 0.06719927738735443
5 0.8701068513228525 0.37610896859858656 0.053606696279457536 0.061090252170322185
5 0.9762893458763938 0.5031766291919748 0.04742130824721245 0.06353386225713507
85 0.762893458763937 0.3174623265150773 0.05085763493179314 0.06109025217032215
85 0.6037915332678542 0.3864943114675413 0.05566849229020598 0.06475566730054155
51 0.5484666736461061 0.7206579908392037 0.056355757627122076 0.058646642083509164
51 0.8704504839913105 0.3107423987763418 0.05291943094254137 0.062312057213728594
51 0.8711377493282265 0.570375970500211 0.05291943094254137 0.061090252170322185
13 0.6061969619470606 0.5190601586771405 0.05498122695328988 0.063533862257135
13 0.8165001550433947 0.37977438372880584 0.052232165605625484 0.06353386225713507
13 0.9759476008385607 0.3018343016521215 0.046737818171546625 0.06648835374660397
13 0.9762893458763935 0.5691541654568046 0.0446722468995479 0.06353386225713507
73 0.9790384072240582 0.7023309151881071 0.04054865487805131 0.06353386225713492
71 0.9247444456076843 0.37427626103347683 0.05291943094254151 0.062312057213728594
71 0.9278371396238069 0.6357425403224558 0.056355757627122215 0.06719927738735436
71 0.8742304433443493 0.7041636227532168 0.05498122695329002 0.06719927738735436
61 0.6573982295473112 0.32112777360573747 0.0529194309425416 0.06597740842306586
61 0.9250880782761425 0.5056203031996696 0.05223216560562534 0.06109025217032226
56 0.5488103063145643 0.5856485335427917 0.058417553637870656 0.06475566730054147
56 0.5446867142930675 0.31624052147167075 0.05841755363787058 0.06597747234394799
56 0.8168437877118526 0.5111184258949986 0.05154490026870931 0.062312057213728664
11 0.7354028380242223 0.4463627159805347 0.16769275673367035 0.062312142441570906
81 0.6068842272839768 0.5850376310210884 0.05498122695328995 0.06597747234394788
