62 0.9767611257947317 0.3017297332988953 0.04484694456615647 0.08262746805333229
81 0.9217216666808916 0.303908391807968 0.06360118403663167 0.07248007417406398
17 0.857305087831813 0.30680760446254957 0.060339571608056294 0.07248004568106736
81 0.6709855756084258 0.3089820887476019 0.06278578211444472 0.07392970187110216
81 0.7916650600920838 0.3089820887476019 0.06278578211444472 0.07392970187110216
17 0.6102383054091886 0.3082572321595878 0.060339571608056294 0.07248004568106736
81 0.5458213805527401 0.3060828333535254 0.06360118403663163 0.0739297018711023
81 0.5462290815138332 0.45684411384550544 0.06278578211444472 0.07392970187110216
81 0.5470444834360201 0.6090550220345239 0.06278578211444472 0.07392970187110216
81 0.9196831618754239 0.6134039051256384 0.06278578211444472 0.07392970187110216
17 0.5466369554786119 0.5358487805945962 0.060339571608056294 0.07248004568106736
17 0.9204987368012943 0.6916837580262084 0.067678188907742 0.07682892877218506
82 0.5466377908731253 0.38146199196368547 0.0619703873019993 0.07682907123716574
82 0.9759469029045164 0.6148520511868458 0.04647775078044759 0.07682907123716565
5 0.9763534331283347 0.38056740760702895 0.04729313374332276 0.07682881480019506
10 0.9759457250574993 0.45828677500484233 0.04810854988499165 0.07972812718026553
73 0.9763534283885081 0.5365694487120887 0.047293143222977306 0.07392964488510938
10 0.9763534260185917 0.6931264619250412 0.04729314796280413 0.07972812718026495
62 0.9200906922027404 0.5365694202190937 0.06360118877645836 0.07392970187110483
62 0.5474520137633363 0.6887803284081122 0.06360118877645836 0.07392970187110483
87 0.9213146375902768 0.38218677731920747 0.06604739217310797 0.07827852797622412
87 0.6726170513232781 0.3865356604103218 0.0611549806399875 0.078278527976224
87 0.6118696081203548 0.6105031396027345 0.06360118640654759 0.07392964488510942
73 0.8568980516314572 0.38435854052307294 0.06278577974453095 0.07392964488510963
10 0.8560816424960305 0.5365666706449106 0.061154980639984785 0.07103036099803557
5 0.609831314237193 0.3834666630011067 0.061154966420502596 0.07392955940611863
10 0.671800808081797 0.4597364027018827 0.05626256910686252 0.0710303609980356
73 0.6106466711310198 0.5351198210150528 0.06278577974453095 0.07392964488510963
10 0.6090148600734073 0.6844286957428145 0.05626256910686252 0.0710303609980356
87 0.8528208761265791 0.6126775811482924 0.06604739217310797 0.07827852797622412
11 0.8271352463348195 0.4604653337884287 0.20221918613025008 0.07827835701824319
