46 0.8866525192814266 0.1892656477727438 0.13983050847457634 0.16949152542372886
46 0.3193839213990029 0.1779659906453354 0.13983050847457634 0.16949152542372886
81 0.7428512250010683 0.19067835477522466 0.13824150695056525 0.17231616208163122
81 0.16922667644209033 0.17372886908411203 0.14777543296539558 0.1779659906453354
81 0.4639838890672712 0.18361606907059444 0.13983049461970354 0.17514107636348336
23 0.16922666258721736 0.3559321478650406 0.14777542372881358 0.17514124293785316
23 0.7428512111461949 0.36299443356967104 0.14141947305225974 0.1666665000922968
23 0.04687499076341803 0.9011299435028255 0.09374998152683606 0.18079096045197743
81 0.9804135869836359 0.18420651867200882 0.03497975328648045 0.1706727022505076
81 0.9772245624163132 0.5324858757062149 0.04449155313347411 0.1666666666666667
66 0.1692266672055085 0.713276780633402 0.14777542372881367 0.17231638418079093
66 0.04528562901270987 0.16948078137687314 0.08739389230155278 0.18079112702634714
10 0.04766947536140529 0.3516949152542371 0.09216098462111567 0.18361581920903944
5 0.04925846764883472 0.7175141242937851 0.09533896919597452 0.16949152542372883
81 0.16922667644209036 0.8940820109563967 0.14777543296539558 0.1779659906453354
81 0.743645718835637 0.5409677257248845 0.14618644529625693 0.17796599064533541
81 0.9761652473098517 0.88135593220339 0.04766950538029664 0.1751412429378533
45 0.8795020863160309 0.8799434473000687 0.1350635593220339 0.1666666666666667
45 0.31223348843360726 0.8884181901456253 0.1350635593220339 0.17231649523037074
45 0.4600093416634823 0.3629841337211348 0.1350635593220339 0.1666666666666667
73 0.3170020909343219 0.3559320923402505 0.14141949152542374 0.17514124293785316
10 0.8858580208285661 0.36016954705021365 0.1414194961437145 0.1666666666666665
10 0.316205941442435 0.7132838322817253 0.13665253313629935 0.16666666666666646
5 0.8818855655105932 0.7090395480225989 0.13665254237288138 0.1638418079096045
11 0.2597987819239056 0.5381355932203388 0.48464000138524094 0.18361581920903938
