81 0.24241071428571423 0.12738095238095237 0.13928571428571426 0.1738095238095238
81 0.7975446428571428 0.12380952380952381 0.13794642857142847 0.17142857142857143
81 0.8002232142857142 0.8035714285714286 0.13258928571428555 0.1690476190476191
81 0.24843749999999998 0.8083333333333332 0.14598214285714284 0.16428571428571417
81 0.01607142857142857 0.8142857142857142 0.02946428571428571 0.17142857142857154
10 0.9341517857142856 0.9452380952380952 0.1272321428571429 0.10476190476190467
10 0.10111607142857143 0.95 0.14598214285714284 0.09523809523809518
10 0.24575892857142853 0.46666666666666673 0.140625 0.17142857142857146
10 0.3877232142857143 0.2988095238095238 0.14598214285714284 0.16904761904761909
10 0.932142857142857 0.4654761904761905 0.12857142857142861 0.1785714285714286
5 0.10044642857142856 0.2964285714285715 0.14732142857142855 0.17380952380952383
5 0.9354910714285714 0.29523809523809524 0.12723214285714277 0.16666666666666663
73 0.103125 0.6404761904761905 0.1419642857142857 0.16666666666666663
73 0.9345982142857142 0.6428571428571428 0.13080357142857152 0.16190476190476188
73 0.6569196428571428 0.2988095238095238 0.13794642857142855 0.16428571428571426
71 0.6575892857142855 0.12619047619047621 0.13124999999999992 0.16666666666666669
71 0.24642857142857139 0.30119047619047623 0.14196428571428574 0.1642857142857143
8 0.09776785714285711 0.12023809523809526 0.14464285714285713 0.17380952380952383
8 0.7962053571428571 0.6345238095238096 0.1379464285714286 0.1642857142857143
8 0.10245535714285714 0.8119047619047619 0.14330357142857142 0.17142857142857137
67 0.9334821428571428 0.8083333333333332 0.12589285714285722 0.16428571428571417
67 0.9348214285714285 0.11904761904761903 0.12321428571428583 0.16666666666666663
53 0.3837053571428571 0.13095238095238096 0.13794642857142855 0.17142857142857146
35 0.7975446428571428 0.29523809523809524 0.13794642857142847 0.1571428571428571
35 0.800892857142857 0.9452380952380952 0.13124999999999987 0.10476190476190467
35 0.24709821428571427 0.638095238095238 0.13526785714285716 0.16190476190476183
11 0.5986607142857144 0.466666625145428 0.42589285714285713 0.16666674970914358
