81 0.6237222280384218 0.3130638283588141 0.07078832970236078 0.08552635303845112
81 0.9020646894894523 0.3118420233154076 0.0680392683546961 0.08308274295163816
81 0.901377424152536 0.6533365329475086 0.06941379902852858 0.08430454799504453
81 0.6244094933753379 0.6545583379909151 0.06803926835469631 0.08430454799504475
5 0.5529338983360611 0.3979792788755619 0.07216286037619313 0.0843045479950446
5 0.9680421618334003 0.3973683763538587 0.06116661498553512 0.08308274295163813
10 0.6951978230776987 0.4004228889623748 0.06941379902852858 0.08430454799504467
10 0.9683857945018581 0.722979420421676 0.06047934964861909 0.05253761686647693
10 0.5529338983360611 0.7248121279867857 0.07216286037619313 0.04642859164944482
10 0.624753126043796 0.48289472939230976 0.06872653369161234 0.08552635303845108
73 0.5536211636729772 0.5702537899958704 0.07353739105002532 0.0843045479950446
73 0.9676985291649421 0.569031984952464 0.06185388032245115 0.0843045479950446
73 0.8309327271186333 0.3979792788755619 0.06872653369161257 0.0843045479950446
10 0.9670112561233245 0.4831501700936377 0.06460294167011582 0.08115001426748122
67 0.9680421618334003 0.6545583379909151 0.06116661498553512 0.08430454799504475
67 0.9687294194656145 0.3112311634076254 0.05979208431170285 0.08430463322288716
71 0.8312763597870915 0.313063828358814 0.06666473768086405 0.08308274295163823
71 0.6250967587122541 0.3992010839189683 0.06941379902852866 0.07941732782141883
8 0.5512157349937707 0.31062021827200115 0.07147559503927688 0.08552635303845108
8 0.5532775310045195 0.657001926770767 0.07147559503927693 0.08430459060896527
8 0.9017210568209941 0.5678101799090576 0.0701010643654449 0.08186093790823165
35 0.901377424152536 0.3973683763538587 0.06941379902852858 0.08308274295163813
35 0.6254403913807122 0.5708646925175737 0.06872653369161257 0.085526353038451
35 0.90069015881562 0.7235903229433791 0.06803926835469638 0.04642859164944482
53 0.6948541904092409 0.3136747308805172 0.07010106436544461 0.0843045479950447
11 0.7979439909466594 0.4841164918217947 0.21167772377016636 0.08308282817948072
67 0.5079180187680549 0.569031984952464 0.01511983741215488 0.0843045479950446
81 0.5082616514365129 0.6582237531211345 0.014432572075238782 0.08674815808185755
