81 0.5934825532141123 0.3061772908414323 0.057043022964038244 0.06842108243076087
81 0.70207047644686 0.3098427059716516 0.05291943094254151 0.061090252170322185
81 0.8065348076581108 0.31289721858016767 0.05017036959487697 0.06475566730054155
81 0.9123736695431941 0.3061772908414323 0.05017036959487711 0.0635338622571351
81 0.911686404206278 0.5658108625653016 0.05429396161637385 0.06719927738735443
81 0.9137482002170262 0.6965440022097912 0.05429396161637399 0.0647556673005414
81 0.5931389205456543 0.7063184425570427 0.056355757627122145 0.06719927738735436
81 0.5952007165564026 0.5706980827389273 0.05498122695328988 0.06475566730054147
81 0.9099682408639878 0.43874313805103143 0.05360669627945782 0.062312057213728594
10 0.6484637801674021 0.6354537500394689 0.051544900268709386 0.06475566730054147
10 0.5350649995762417 0.6415627752565011 0.05841755363787058 0.0647556673005414
10 0.5952007165564026 0.43874313805103143 0.05498122695328988 0.06719927738735443
10 0.6491510455043183 0.37520927579389635 0.05429396161637385 0.06475566730054155
10 0.9632313044749873 0.3721547631853802 0.05291943094254137 0.06109025217032226
10 0.8573924425899041 0.44057584561614105 0.05017036959487711 0.06109025217032226
10 0.9659803658226518 0.6299556273441399 0.05291943094254151 0.06109025217032226
10 0.9656367321857847 0.7393071148081344 0.04948310425796109 0.023214295824722626
56 0.5340341015708675 0.3037336807546194 0.05773028830095448 0.06842108243076091
56 0.536783162918532 0.5737525953474435 0.05635575762712236 0.06353386225713492
5 0.6494946781727764 0.5059424154383858 0.05360669627945775 0.05986844712691571
5 0.9649494678172778 0.5010551952647601 0.056355757627122076 0.05986844712691571
5 0.8587669732637363 0.37459837327219314 0.05017036959487697 0.06597747234394802
5 0.5367831629185321 0.3721547631853802 0.05773028830095448 0.06842108243076091
73 0.5388449589292804 0.5071642204817922 0.05773028830095448 0.06475566730054147
73 0.8580797079268201 0.5028878602159484 0.05154490026870917 0.061090252170322115
73 0.966667631159568 0.6947112946446814 0.048795838921044915 0.061090252170321976
85 0.5934825532141123 0.3739874707504899 0.05566849229020605 0.05986844712691578
85 0.5945134512194865 0.6391191651696881 0.05498122695328995 0.06719927738735457
51 0.8597978712691104 0.3098427059716516 0.05085763493179329 0.06353386225713507
51 0.5340341015708675 0.7105947602089651 0.056355757627122284 0.06353386225713521
51 0.7027577417837761 0.37520927579389635 0.05154490026870931 0.06719927738735443
13 0.5962316145617766 0.5053315129166827 0.05429396161637378 0.061090252170322115
13 0.6467456139198844 0.7044857562988937 0.049483104257960875 0.06597747234394802
13 0.9670112638280262 0.5639781550001919 0.053606696279457966 0.061090252170322046
13 0.9652931004857358 0.3073990958848387 0.051544900268709455 0.06597747234394799
71 0.911686404206278 0.6305665298658432 0.05429396161637385 0.06231205721372873
71 0.91134277153782 0.37520927579389635 0.05085763493179329 0.06475566730054155
61 0.6494946781727764 0.30862090092824507 0.05360669627945775 0.06597747234394799
61 0.9109991388693619 0.5022770003081665 0.051544900268709455 0.062312057213728664
61 0.6491510455043183 0.5713089852606306 0.051544900268709455 0.06353386225713507
11 0.7391828046403307 0.4411867481378443 0.18212531428277315 0.06475566730054155
