81 0.9201373007754013 0.03829191303431958 0.1108079963640981 0.07658382606863917
69 0.8020265843101748 0.03846119826062475 0.10817307792495344 0.0769223965212495
81 0.6937463572972242 0.03829191303431958 0.10308134300306811 0.07658382606863916
28 0.5904874059292078 0.04395337094886378 0.10508241758241751 0.0769222021207271
81 0.4828087205411069 0.03691826236062794 0.1108079963640981 0.07383652472125588
69 0.37242465743691006 0.03846119826062477 0.1019917552361292 0.07692239652124953
81 0.26800775710447444 0.03829191303431958 0.1108079963640981 0.07658382606863917
28 0.15238616035881034 0.03434014903928861 0.10971840959903557 0.06868029807857721
81 0.04845001015712211 0.03142365966586135 0.09690002031424422 0.0628473193317227
71 0.0486778811088175 0.13323842913281564 0.09426510087322303 0.1291209277210096
81 0.052313336837637114 0.2682389707270082 0.10462667367527421 0.13427715436368828
69 0.05176854295416766 0.40246924696371555 0.10353708590833532 0.1291211221215321
81 0.05154067150153411 0.5319799000758042 0.1030813430030682 0.12878255166892172
28 0.052712332001524184 0.6675907768048713 0.10508241758241761 0.1263736263736264
81 0.0515406715015341 0.7984681307719835 0.1030813430030682 0.12878255166892172
81 0.2740682882991965 0.537474502770571 0.1030813430030682 0.12878255166892172
81 0.689762239122607 0.5402218041179541 0.1030813430030682 0.12878255166892172
81 0.9061085332314456 0.5402218041179541 0.1030813430030682 0.12878255166892172
81 0.9061085332314456 0.7984681307719836 0.1030813430030682 0.12878255166892172
81 0.9146078519285789 0.28334912813761615 0.11389865770850995 0.13702445571107177
28 0.9057348630592296 0.6675907768048712 0.10508241758241761 0.1263736263736264
28 0.2721492874547744 0.4120917514982251 0.10508241758241761 0.1263736263736264
28 0.6909338996225972 0.4148390528456084 0.10508241758241761 0.1263736263736264
69 0.9078817353562849 0.935439438939234 0.10353708590833532 0.1291211221215321
69 0.272750829079624 0.668957477659895 0.10353708590833532 0.1291211221215321
69 0.05331387362637365 0.9272038043139246 0.10353708590833532 0.1291211221215321
69 0.909427066028491 0.416205753700632 0.10353708590833532 0.1291211221215321
5 0.15448928672488457 0.1360479889145906 0.11246857758103765 0.1380302920476509
5 0.16221594008591453 0.9272707769609793 0.11246857758103765 0.1380302920476509
5 0.8019828383791934 0.1415425916093572 0.11246857758103765 0.1380302920476509
5 0.7942561850181636 0.9337321553235577 0.11246857758103765 0.1325356893528841
8 0.26811466874778456 0.14285378944813518 0.10662775126025244 0.13186832626865405
8 0.15994152169336537 0.5357178821239461 0.10662775126025244 0.13186832626865405
8 0.6946259342766372 0.14560109079551847 0.10662775126025244 0.13186832626865405
8 0.7981630893144385 0.8022061128201257 0.10662775126025244 0.13186832626865405
10 0.375671057742668 0.15012206147871446 0.10629073531153481 0.13003682443715223
10 0.2659525800160429 0.2764979234583459 0.10629073531153481 0.13003682443715223
10 0.15932476363382966 0.6693620161341569 0.10629073531153481 0.13003682443715223
10 0.8006369925993146 0.2792452248057292 0.10629073531153481 0.13003682443715223
10 0.7975463312549027 0.6748566188289236 0.10629073531153481 0.13003682443715223
5 0.37547157285034083 0.4080308223055366 0.10628725489221379 0.1270410866581177
73 0.5865423635577468 0.1469629298095025 0.10796703697453902 0.12914890063535325
73 0.798252665649967 0.41070385915829877 0.10796703697453902 0.12914890063535325
73 0.16157642870110003 0.40795655781091533 0.10796703697453902 0.12914890063535325
71 0.914835692823984 0.14422763452234894 0.1081730769230769 0.13461553041577629
71 0.38324194158512426 0.5425863298929265 0.1081730769230769 0.13461553041577629
71 0.16071432478746203 0.8035799578943393 0.1081730769230769 0.13461553041577629
71 0.798935892408535 0.5480809325876931 0.1081730769230769 0.13461553041577629
73 0.9807864216373651 0.8118098558762569 0.0384271567252692 0.129148900635353
11 0.5433842268599137 0.2808302537409713 0.3205817048634133 0.1242162279010555
