62 0.6819941746133864 0.5372942340676143 0.055447169554589094 0.06668156338591104
62 0.9722764152227056 0.3191252656633547 0.055447169554589004 0.07392970187110239
62 0.5649839987795697 0.6793577483773648 0.05789337532114952 0.06958081877998741
62 0.9131606195533674 0.5394686756131718 0.06115498300989661 0.07103044647702582
81 0.6807710752849766 0.3263775783725666 0.05626256910686237 0.07103030401204223
81 0.9135676474590233 0.32275355186946597 0.057077968659135454 0.0724800741740641
81 0.5641686004122527 0.32492795067552827 0.05626256910686237 0.07392955940611873
81 0.5657994042566264 0.4684410926823168 0.05626256910686237 0.07392955940611873
81 0.5649840023344396 0.6061557239009526 0.05626256910686237 0.07392955940611873
81 0.9123452211860509 0.6126790485376246 0.06278578448435908 0.07247993170908043
81 0.6832172810515372 0.6090549792950292 0.05626256910686237 0.0710303040120422
81 0.9147914269526111 0.7358974027858781 0.056262569106862316 0.028991100797932826
81 0.5641686004122535 0.7329981473918019 0.05789337295123587 0.03189035619200936
10 0.6236931066258407 0.6771805572576233 0.05626256910686252 0.0710303609980356
10 0.6815866431011091 0.4684341688841125 0.05626256910686252 0.0710303609980356
10 0.9718687154465687 0.46553491349003584 0.05626256910686252 0.0710303609980356
10 0.9718687154465687 0.6844286957428146 0.05626256910686252 0.0710303609980356
10 0.5193216605859208 0.6786301849546618 0.03506211913000262 0.07103036099803563
5 0.6232854068497039 0.3959583116735639 0.05870876776368256 0.06813116258995251
5 0.9718687190014396 0.3945086839765257 0.05626256199712131 0.07103041798402898
62 0.5176898436035213 0.3249237764515076 0.031800513811167934 0.07392970187110232
73 0.6253239057303873 0.5358446348635728 0.05789336821140907 0.06958076179399406
73 0.9710533158942954 0.5401935179546878 0.05789336821140907 0.06958076179399406
73 0.8544518458649003 0.39668037594789896 0.05789336821140907 0.06958076179399406
73 0.519729356807187 0.39813000364493717 0.03424671246798827 0.06958076179399408
10 0.5185062586637338 0.5394659260389877 0.03343131528562887 0.07103036099803554
17 0.8540434801430672 0.3249279506755282 0.05870876776368263 0.06813116258995258
17 0.5662066016110988 0.5394728498371921 0.05870876776368263 0.06813116258995258
17 0.6241001380863671 0.3263775783725665 0.05870876776368263 0.06813116258995258
82 0.9718687154465689 0.6126733926777747 0.053000970897769124 0.06958076179399413
82 0.5653920350834252 0.3945086412370306 0.05707797576887724 0.06813130505493614
82 0.5180987235965872 0.6105031680957326 0.03424672194764306 0.06813130505493604
82 0.6232855715586951 0.7344463361925051 0.05707797576887713 0.03768912341713269
17 0.9127524185405227 0.682985991843981 0.05870876776368263 0.06813116258995258
10 0.8511902429159801 0.5380162983419495 0.05626256910686252 0.0710303609980356
5 0.5189139608097852 0.7337215650834811 0.03098510240932502 0.03334009786103464
87 0.682401874389523 0.3995823096836677 0.05626256910686237 0.06958076179399413
87 0.9123452164462232 0.39813268198662954 0.05626256910686237 0.06958076179399413
87 0.6245083379142548 0.6083286980571787 0.05626256910686237 0.06958076179399413
11 0.8271352463348195 0.4677134722736201 0.20221918613025008 0.07827835701824319
