81 0.9742916181582812 0.36020984441852255 0.04815515599468651 0.07345343348277086
40 0.9188910795974803 0.36227037463726397 0.05875538098312041 0.0693323730452882
81 0.6239367453473293 0.6537594530687723 0.0587553809831196 0.06910455039165642
81 0.6214905395807687 0.3652835413581566 0.0587553809831196 0.06910455039165642
81 0.8563262931705898 0.5073470556679069 0.0587553809831196 0.06910455039165642
81 0.974151870926593 0.6523098253717322 0.051416763683436194 0.06910455039165625
81 0.8579570970149635 0.3638339136611183 0.0587553809831196 0.06910455039165642
81 0.9730685152750017 0.5080718695164248 0.0538629694499964 0.07055417808869466
81 0.5175267945019403 0.6566587084628449 0.03021631370658095 0.06910455039165597
70 0.5168754097910017 0.5858741860903101 0.031031715628768355 0.07390907879003446
33 0.5181569154686065 0.7206288038985398 0.03214997313205729 0.05270300041697004
10 0.9172320880864491 0.4356824622324108 0.05918637314949476 0.07032635543506266
10 0.5617168500129701 0.4371320899294491 0.05918637314949476 0.07032635543506266
10 0.5641630557795293 0.7212591185489495 0.059186373149494625 0.055830078464680716
10 0.9172320880864478 0.7198094908519121 0.0591863731494947 0.06452784464690939
42 0.9723055709990317 0.4335493665744772 0.04669907114614928 0.07368125613640295
52 0.8573225689740605 0.43488508294469885 0.05750898689455818 0.07100982339595785
52 0.6233022173064262 0.5827471080426025 0.05750898689455818 0.07100982339595785
70 0.6228776596752971 0.43946178868944535 0.058755380983120414 0.07100982339595827
70 0.9164223516625735 0.6496578047599946 0.058755380983120414 0.07100982339595827
70 0.7981890729454761 0.36553077614049356 0.058755380983120414 0.07100982339595827
2 0.6809049982341482 0.3667331690551947 0.05643731180182979 0.07200380578573289
33 0.5613732173445124 0.3654700181241644 0.06150444233078242 0.07009853278143066
81 0.51630369161866 0.3631090998125984 0.027770107940020772 0.07055417808869432
2 0.5166015109134906 0.43848974005858726 0.029529048369664287 0.07345343348277117
73 0.6815865198656064 0.4398406357773903 0.05789337295123631 0.07103036099803563
5 0.917447584169638 0.5800731749789081 0.06012991165695148 0.07001584100618402
5 0.5643785518627191 0.584422058070023 0.06012991165695148 0.07001584100618402
5 0.7967680996859795 0.43800966066915725 0.05849910781257759 0.07001584100618401
45 0.5642271240721677 0.6560841085683484 0.0612015867496797 0.06933237304528783
45 0.8561410122150706 0.5792538406253199 0.05957078290530592 0.0693323730452878
11 0.6416319655033463 0.5086965409833707 0.15411051537966672 0.07247996020207716
33 0.9731511880488857 0.5800149172858271 0.05171961926453859 0.07009853278143052
2 0.9732265873381436 0.7197175132840133 0.05072949834652078 0.06475566730054236
81 0.8563262931705898 0.6494105699776574 0.0587553809831196 0.06910455039165642
10 0.5168757629081151 0.511306831052029 0.03180058253866121 0.07103038949103259
