81 0.6237222280384218 0.3142856334022205 0.07078832970236078 0.08552635303845105
81 0.9017210568209941 0.31367473088051734 0.06735200301777994 0.08430454799504464
81 0.90069015881562 0.6539474354692119 0.06941379902852844 0.08063913286482517
81 0.6233785953699638 0.6551692405126184 0.06735200301778037 0.08308274295163813
10 0.62406586070688 0.48411653443571623 0.07010106436544454 0.08796996312526396
10 0.9676985291649421 0.4835056319140129 0.06185388032245115 0.08430454799504467
10 0.9680421618334003 0.722979420421676 0.06254114565936732 0.05498122695329002
10 0.5525902656676029 0.7254230305084889 0.07285012571310923 0.052537616866477066
10 0.6917614963931181 0.39981198644067156 0.06254114565936732 0.08552635303845108
71 0.8316199924555496 0.3155074384456269 0.06735200301778022 0.08552635303845105
71 0.6233785953699638 0.39981198644067156 0.06872653369161234 0.08063913286482531
73 0.9676985291649421 0.5702537899958705 0.06322841099628362 0.08186093790823179
73 0.8312763597870915 0.401033791484078 0.06941379902852858 0.08063913286482531
73 0.5536211636729772 0.5702537899958705 0.07078832970236086 0.08430454799504453
5 0.5515593676622288 0.39859018139726515 0.07078832970236078 0.0830827429516382
5 0.9680421618334003 0.3967574738321554 0.06116661498553512 0.08674815808185755
8 0.5529338983360611 0.6563910455560247 0.07216286037619313 0.08308274295163813
8 0.5512157349937706 0.3106202182720012 0.07422465638694142 0.09041357321207684
8 0.9003465261471619 0.5671992773873543 0.06872653369161241 0.08308274295163805
35 0.62406586070688 0.5708646925175737 0.06735200301778015 0.08308274295163813
35 0.9000028934787039 0.7235903229433791 0.07078832970236064 0.04887220173625778
35 0.901377424152536 0.39981198644067156 0.06941379902852858 0.08063913286482531
67 0.9694166925072324 0.30843204888651626 0.06116661498553512 0.07870640418066838
67 0.5079180187680549 0.5708646925175738 0.013745306738322683 0.08552635303845114
67 0.9687294271703163 0.6529810711271335 0.06254114565936732 0.07870640418066827
53 0.6941669250723247 0.3142856334022205 0.06872653369161241 0.08552635303845105
11 0.7996621542889497 0.4847274263039391 0.20961592775941798 0.08186095921519225
81 0.508605284104971 0.6576128505994312 0.016494368085987077 0.08552635303845108
