81 0.1771716147877825 0.17655378336596414 0.14777543296539558 0.1779659906453354
81 0.7515906571813296 0.18785344049337255 0.13983049461970343 0.17796599064533541
81 0.1771716147877825 0.8969069252382491 0.14777543296539558 0.1779659906453354
81 0.7460292003393447 0.8841803189997374 0.14777543296539558 0.17514107636348325
81 0.749207175677622 0.5367303543021066 0.14459745762711884 0.17514107636348336
81 0.9843860561564819 0.1785566901083047 0.030212790279065017 0.17067270225050762
81 0.981991525423729 0.5324858757062146 0.03495762711864401 0.16666666666666663
81 0.9785487288135593 0.8813559322033899 0.04290254237288139 0.17514124293785316
46 0.8945974576271187 0.18361581920903958 0.13983050847457634 0.16949152542372886
46 0.32573987207555677 0.1807909049271875 0.13983050847457634 0.16949152542372886
10 0.053230932203389834 0.3516949152542373 0.10328389830508476 0.18361581920903958
10 0.8938029591742587 0.35734463276836137 0.14459747148199162 0.16666666666666657
10 0.6061961910602007 0.5324893182431915 0.14459747148199162 0.16666666666666657
5 0.8914194915254238 0.7090395480225989 0.13665254237288138 0.1638418079096045
5 0.05164194915254238 0.7175141242937855 0.10010593220338984 0.16949152542372886
5 0.6101686740879196 0.35875017707293866 0.13665254237288138 0.1638418079096045
45 0.890625 0.8827683615819208 0.1350635593220339 0.1666666666666667
73 0.3265360169491525 0.3615819209039548 0.14141949152542374 0.17514124293785316
23 0.18034957627118647 0.3587570621468927 0.14777542372881358 0.17514124293785316
23 0.7492071618227486 0.36440689071059695 0.14777542372881358 0.17514124293785316
23 0.05005296610169492 0.9011299435028249 0.10010593220338984 0.18079096045197743
66 0.178760593220339 0.7161016949152542 0.14777542372881355 0.17231638418079107
66 0.7460291911027628 0.7104518663515502 0.14777542372881355 0.17231638418079107
66 0.6109652392259952 0.1878427242089117 0.138241497713983 0.17231638418079098
66 0.05323056735840208 0.16665586709502103 0.10010579365466032 0.1807911270263472
11 0.24152542372881355 0.538135593220339 0.4258474576271187 0.18361581920903952
