81 0.9093199860699592 0.038291913034319586 0.1108079963640981 0.07658382606863917
69 0.7973905922935568 0.03846119826062475 0.10817307792495344 0.0769223965212495
81 0.6891103652806063 0.041039214381702875 0.10308134300306811 0.07658382606863916
28 0.5812154218959714 0.0398347517340552 0.10508241758241751 0.0796695034681104
81 0.475082067180077 0.03966556370801123 0.1108079963640981 0.07383652472125588
69 0.366243334748086 0.03846119826062477 0.1019917552361292 0.07692239652124953
81 0.2602811037434445 0.038291913034319586 0.1108079963640981 0.07658382606863917
28 0.14620483766998638 0.03434014903928861 0.10971840959903557 0.06868029807857721
81 0.04845001015712211 0.03142365966586135 0.09690002031424422 0.0628473193317227
71 0.0486778811088175 0.13323842913281564 0.09426510087322303 0.1291209277210096
81 0.052313336837637114 0.2682389707270082 0.10462667367527421 0.13427715436368828
69 0.04713255093754969 0.40246924696371555 0.09426510187509939 0.12912112212153207
81 0.04845001015712211 0.5319799000758042 0.0969000203142442 0.12878255166892172
28 0.048849005321009206 0.6675907768048713 0.09735576422138764 0.12637362637362637
81 0.04999534082932811 0.7984681307719835 0.09999068165865622 0.1287825516689217
69 0.04945054694585866 0.9272038043139247 0.09581043254730534 0.12912112212153215
5 0.15139862538047258 0.9309848539761745 0.11246857758103765 0.1380302920476509
71 0.15453300209863807 0.8008326565469559 0.1081730769230769 0.13461553041577629
10 0.15468877161721173 0.669362016134157 0.10629073531153481 0.13003682443715223
8 0.15685086034895346 0.5357178821239461 0.10662775126025244 0.13186832626865405
73 0.1507591139956581 0.4079565578109153 0.10796703697453902 0.12914890063535325
5 0.15139862538047258 0.1315201618876362 0.11246857758103765 0.1380302920476509
8 0.2603880153867546 0.14010648810075188 0.10662775126025244 0.13186832626865405
28 0.2628773034215385 0.40659714880345843 0.10508241758241761 0.1263736263736264
28 0.6832072462615671 0.41209175149822497 0.10508241758241761 0.1263736263736264
28 0.8995535403704054 0.6758326808470211 0.10508241758241761 0.1263736263736264
10 0.7882743472216666 0.669362016134157 0.10629073531153481 0.13003682443715223
10 0.7944556699104908 0.2792452248057293 0.10629073531153481 0.13003682443715223
10 0.26131658799942487 0.2737506221109626 0.10629073531153481 0.13003682443715223
10 0.369489735053844 0.14462745878394784 0.10629073531153481 0.13003682443715223
8 0.6884446115878133 0.151095693490285 0.10662775126025244 0.13186832626865405
8 0.7888911052812024 0.7994588114727422 0.10662775126025244 0.13186832626865405
73 0.792071342961143 0.4161984618530651 0.10796703697453902 0.12914890063535325
73 0.5803610408689228 0.14971023115688567 0.10796703697453902 0.12914890063535325
71 0.9040183781185422 0.14148033317496556 0.1081730769230769 0.13461553041577629
71 0.789663908375299 0.5453336312403096 0.1081730769230769 0.13461553041577629
81 0.2632509735937544 0.5347272014231875 0.10617200434748 0.12878255166892175
81 0.8983818798704152 0.5402218041179542 0.10617200434748 0.12878255166892175
81 0.6789449244171653 0.5402218041179542 0.10617200434748 0.12878255166892175
81 0.8952912185260036 0.7957208294246004 0.10617200434748 0.12878255166892175
81 0.9030178718870332 0.2792281761165413 0.10617200434748 0.12878255166892175
69 0.2588428530297703 0.668957477659895 0.10353708590833532 0.1291211221215321
69 0.895519089978637 0.935439438939234 0.10353708590833532 0.1291211221215321
69 0.9001550819952552 0.4134584523532488 0.10353708590833532 0.1291211221215321
5 0.3723809115059289 0.40762394729965706 0.11246857758103769 0.12978838800550105
71 0.37396995755188833 0.5425863298929263 0.1081730769230769 0.13461553041577629
5 0.7849842009849276 0.9309848539761745 0.11246857758103765 0.1380302920476509
10 0.9775927187783437 0.9354395604395604 0.04172390109890103 0.12912087912087913
73 0.9769230949568498 0.8090625545288732 0.04615381008629927 0.12914890063535298
10 0.9774210164835165 0.6744505494505495 0.04172390109890103 0.12912087912087913
8 0.9789663461538461 0.5439560439560439 0.041723901098901166 0.12637362637362629
5 0.9798248621364247 0.4134615384615385 0.04035027572715045 0.12362637362637356
11 0.5433842268599137 0.2808302537409713 0.3205817048634133 0.1242162279010555
5 0.7973468463625756 0.15075127131931917 0.11246857758103765 0.1380302920476509
