81 0.20831549323446225 0.3326887618275181 0.12321428571428573 0.14761904761904762
81 0.678655843299441 0.33127630468659197 0.11368035969945493 0.13914430477349118
81 0.9201819690084843 0.329863847545666 0.12321428571428573 0.14761904761904762
81 0.20990448090360064 0.9160335610299764 0.11368035969945493 0.13914430477349118
81 0.9170039936702072 0.90755881818442 0.11368035969945493 0.13914430477349118
81 0.9185929813393459 0.61800510429458 0.12321428571428573 0.14761904761904762
40 0.7982821633099263 0.33061036183524267 0.11785714285714277 0.13958826667439098
10 0.08535090947502935 0.478370818966513 0.12053571428571429 0.14285714285714285
10 0.7988063729181897 0.4755459046846609 0.12053571428571429 0.14285714285714285
33 0.08443156466303375 0.33640159991116975 0.121875 0.14761904761904762
33 0.9186500909607157 0.7657885707526886 0.121875 0.14761904761904762
52 0.6755672815053458 0.4742140189819618 0.1151785714285714 0.14285714285714285
52 0.20681591910950545 0.773654932858284 0.1151785714285714 0.14285714285714285
70 0.20654386376860734 0.47706194259065193 0.11785714285714284 0.14523809523809522
70 0.7960582890189692 0.9036239991503188 0.11785714285714284 0.14523809523809522
2 0.3333921843546249 0.33474415249295547 0.12702796511188535 0.14285714285714277
5 0.7976694869071328 0.7655368342134217 0.117584745762712 0.14689265536723184
5 0.0858030111331109 0.7711866627771259 0.117584745762712 0.14689265536723184
45 0.08627025428702492 0.9187055999304806 0.11919642857142858 0.14047619047619037
73 0.33368642913223856 0.47457610461207095 0.1271186209763416 0.14124304890268727
11 0.29078389830508483 0.6257061591644756 0.4067796610169492 0.14971762517387358
42 0.9208156779661019 0.4774011299435028 0.11917372881355945 0.1355932203389831
