81 0.04888392857142858 0.14047619047619048 0.09241071428571429 0.1380952380952381
81 0.2584821428571428 0.14404761904761904 0.10714285714285715 0.12142857142857143
81 0.7011160714285714 0.13095238095238096 0.10848214285714278 0.13333333333333336
81 0.9388392857142855 0.10833333333333334 0.11249999999999986 0.14047619047619048
81 0.9361607142857141 0.3952380952380953 0.1205357142857143 0.1380952380952381
81 0.9354910714285714 0.6726190476190476 0.11919642857142847 0.1404761904761906
81 0.052901785714285714 0.4130952380952381 0.10044642857142858 0.1357142857142857
81 0.049553571428571426 0.6845238095238096 0.09375 0.1357142857142857
81 0.04754464285714285 0.9369047619047619 0.09241071428571428 0.11190476190476203
10 0.8229910714285714 0.8154761904761905 0.1138392857142857 0.1452380952380952
10 0.814955357142857 0.3976190476190476 0.1191964285714286 0.14285714285714285
10 0.25647321428571423 0.40833333333333327 0.08973214285714289 0.13571428571428562
73 0.8169643007285685 0.5357141611505701 0.11517857142857124 0.13333333333333341
73 0.15401785714285712 0.5488095238095237 0.10982142857142857 0.12619047619047627
73 0.5892857142857143 0.2714285714285714 0.10982142857142868 0.12857142857142853
71 0.9412946428571428 0.819047619047619 0.11741071428571431 0.14285714285714277
71 0.9368303571428571 0.25476190476190474 0.1191964285714286 0.13809523809523808
51 0.8209821428571428 0.12023809523809526 0.11785714285714277 0.13095238095238096
51 0.8189732142857141 0.6714285714285714 0.1191964285714286 0.13809523809523816
5 0.15468749999999998 0.27976190476190477 0.10580357142857143 0.130952380952381
5 0.8176339285714285 0.25952380952380955 0.11116071428571417 0.12380952380952383
85 0.5859375 0.1369047619047619 0.10848214285714285 0.13095238095238096
85 0.04821428571428571 0.5511904761904762 0.09642857142857142 0.12619047619047621
85 0.26049107142857136 0.275 0.09776785714285716 0.130952380952381
56 0.6997767857142857 0.5416666666666667 0.11116071428571417 0.13571428571428576
56 0.15334821428571427 0.6845238095238095 0.1111607142857143 0.13095238095238096
56 0.15 0.14404761904761906 0.10714285714285712 0.13095238095238096
13 0.6997767857142857 0.26666666666666666 0.103125 0.1238095238095238
13 0.2558035714285714 0.5464285714285715 0.08571428571428573 0.1357142857142857
61 0.9368303571428569 0.5380952380952381 0.11651785714285708 0.12857142857142853
61 0.3676339285714285 0.14404761904761906 0.10580357142857139 0.1357142857142857
61 0.04821428571428571 0.819047619047619 0.09375 0.1238095238095238
11 0.547767857142857 0.40476190476190477 0.31875 0.13333333333333328
81 0.9395089285714284 0.9416666666666668 0.11651785714285723 0.09761904761904759
