81 0.6288767198260367 0.33827744152729244 0.051232506933747646 0.06220098402796438
81 0.5276611366781343 0.5904179701939521 0.051232506933747646 0.06220098402796438
81 0.5248495927018036 0.33494518784447286 0.048108569182269155 0.06220098402796431
81 0.935022619470926 0.4637923302468191 0.051232506933747646 0.06220098402796438
81 0.5270363491278386 0.4637923302468191 0.051232506933747646 0.06220098402796438
81 0.5276611366781343 0.7159328589134788 0.051232506933747646 0.06220098402796438
81 0.6320006575775149 0.5893072189663457 0.051232506933747646 0.06220098402796438
81 0.9375217696721084 0.33827744152729244 0.051232506933747646 0.06220098402796438
81 0.8331822487727281 0.33938819275489884 0.051232506933747646 0.06220098402796438
10 0.5788937844713925 0.6515038253823989 0.0512325069337475 0.06220098402796431
10 0.9818811971366729 0.39936329671573795 0.03623760572664852 0.06220098402796415
10 0.679484580068999 0.4015847991709519 0.0512325069337475 0.06220098402796431
10 0.8831653214653951 0.4648976191445185 0.0512325069337475 0.06220098402796431
10 0.6276272133944566 0.4648976191445185 0.0512325069337475 0.06220098402796431
10 0.9815687932372492 0.6537252503577546 0.03686241352550141 0.062200984027964444
5 0.5767070311266596 0.401033791484078 0.051857293603671195 0.06331171588560665
5 0.882852499389297 0.4026998892705413 0.050607720263823666 0.05775805659739547
5 0.9812563999022873 0.5276572232552913 0.036237626855577645 0.05886878845503773
73 0.9812563999022873 0.7167138578738579 0.037487200195425174 0.061554689809100435
73 0.882540105173963 0.5287679357429691 0.051232506933747424 0.06331171588560658
73 0.5788937844713925 0.5265464526577205 0.0512325069337475 0.061090252170322115
39 0.982193579907173 0.33550061188318686 0.03436326684580649 0.06331171588560654
39 0.8313075991205876 0.40492135298582566 0.04873336025405251 0.06442244774324885
39 0.5264117041977977 0.5276572232552913 0.0499829335938999 0.061090252170322185
51 0.6797968338650078 0.34049896335246915 0.04935814956509213 0.06220098402796435
51 0.6316882580799495 0.6503930935247567 0.051857293603671195 0.05775805659739554
51 0.5264117041977977 0.39881232776879344 0.0499829335938999 0.06331171588560672
3 0.5795185711413158 0.7164816777943972 0.04998293359389991 0.06331179336546384
3 0.8847268585186961 0.33938817338493465 0.051857293603671195 0.06442244774324876
3 0.5795185711413161 0.5881899110058545 0.04998293359389996 0.062201042137857286
57 0.6295015012137279 0.526546501082631 0.049982933593899874 0.06109034902014339
57 0.5257867678646432 0.6531721410297641 0.049982933593899874 0.06109034902014339
57 0.576082165663446 0.3377187923895372 0.05310687134537833 0.06331185147535619
57 0.9359597946337648 0.4015869879769074 0.05060772114419601 0.0644226027029627
57 0.8816032777580396 0.7120419560929037 0.04935814604360318 0.061090349020143375
65 0.6288767180652927 0.401589157412899 0.0499829335938999 0.059979520312679994
65 0.9806316132323637 0.5917565238891082 0.038736773535272565 0.0626654216667427
11 0.7544588387199664 0.4660116051561479 0.162444534180175 0.06220098402796438
3 0.935647474809861 0.528209344715107 0.04998293359389996 0.062201042137857286
