81 0.9313048826924534 0.3242140189819618 0.12321428571428573 0.14761904761904762
81 0.9265379196850381 0.6180051042945799 0.12321428571428573 0.14761904761904762
81 0.9344828580307304 0.9033214467616419 0.12321428571428573 0.14761904761904762
81 0.6850117939759949 0.3341012189684441 0.12003631037600897 0.14479413333719549
81 0.218643913083862 0.3355136761093702 0.12162529804514727 0.14196921905534346
81 0.2202329007530005 0.9117961896071981 0.11844732270687038 0.1419692190553432
52 0.6851012075201762 0.4770389332638139 0.11835654676684829 0.14285714285714285
52 0.21714433895890528 0.7680051042945799 0.11676755909770983 0.14285714285714285
5 0.808792400591102 0.7627119199315695 0.117584745762712 0.14689265536723184
5 0.09851491248621849 0.7655368342134217 0.117584745762712 0.14689265536723184
45 0.09898215564013245 0.9130557713667764 0.11919642857142858 0.14047619047619037
10 0.806751311263882 0.4755459046846609 0.12053571428571429 0.14285714285714285
10 0.09647382315899851 0.478370818966513 0.12053571428571429 0.14285714285714285
40 0.8078160893247569 0.33061036183524267 0.11785714285714277 0.13958826667439098
70 0.22084475279085336 0.47988685687250404 0.11785714285714284 0.14523809523809522
73 0.34163136747793077 0.47740101889392306 0.12076267029978784 0.14124304890268735
70 0.8087701903720769 0.9064489134321708 0.11785714285714284 0.14523809523809522
2 0.3405426288657479 0.3347441524929555 0.11908302676619321 0.14285714285714274
2 0.017308489173501397 0.4816396951492637 0.034616978347002794 0.14285714285714268
81 0.018273305084745766 0.3305084745762712 0.03336864406779661 0.1412429378531074
33 0.0939654906778644 0.3335766856293177 0.121875 0.14761904761904762
33 0.9281840169755465 0.7601387421889845 0.121875 0.14761904761904762
11 0.29078389830508483 0.6257061591644756 0.4067796610169492 0.14971762517387358
81 0.018273305084745766 0.9180790960451978 0.03336864406779661 0.14689265536723156
70 0.017478813559322036 0.771186440677966 0.03495762711864407 0.14124293785310726
42 0.928760616311794 0.46892638709794654 0.11917372881355945 0.1355932203389831
