81 0.21160714285714285 0.1380952380952381 0.10714285714285712 0.1238095238095238
81 0.6341517857142857 0.14523809523809525 0.10580357142857146 0.12380952380952383
81 0.8470982142857142 0.1380952380952381 0.10580357142857139 0.12857142857142856
81 0.8417410714285714 0.4023809523809524 0.10848214285714292 0.12857142857142853
81 0.8417410714285714 0.6571428571428573 0.11116071428571431 0.13333333333333328
81 0.8484375 0.9214285714285714 0.1138392857142857 0.1380952380952381
81 0.20691964285714282 0.925 0.10312499999999998 0.13571428571428584
81 0.21495535714285716 0.657142857142857 0.10580357142857143 0.12380952380952373
81 0.021428571428571422 0.6642857142857143 0.042857142857142844 0.13809523809523802
81 0.025446428571428568 0.3988095238095238 0.04821428571428571 0.1404761904761905
81 0.024107142857142855 0.13095238095238096 0.04553571428571428 0.1380952380952381
81 0.02209821428571428 0.9285714285714286 0.041517857142857134 0.13333333333333328
81 0.4191964285714285 0.14642857142857144 0.09107142857142861 0.12619047619047621
56 0.10111607142857143 0.6595238095238095 0.11116071428571427 0.13333333333333336
56 0.10245535714285711 0.1357142857142857 0.10848214285714283 0.1285714285714286
5 0.9475446428571428 0.532142857142857 0.10044642857142862 0.12142857142857146
5 0.3220982142857142 0.5285714285714286 0.10580357142857139 0.12857142857142853
5 0.10513392857142856 0.26904761904761904 0.10848214285714285 0.12857142857142853
5 0.7379464285714286 0.2726190476190476 0.10178571428571431 0.11666666666666668
10 0.31941964285714286 0.2702380952380952 0.103125 0.12619047619047613
10 0.2142857142857143 0.4011904761904762 0.10446428571428573 0.13571428571428576
10 0.10245535714285711 0.7964285714285714 0.1138392857142857 0.12619047619047635
10 0.9488839285714284 0.7904761904761903 0.09776785714285723 0.12857142857142848
10 0.7352678571428569 0.4023809523809524 0.09910714285714292 0.12857142857142853
10 0.9488839285714284 0.2726190476190476 0.09776785714285723 0.12619047619047616
85 0.21428571428571427 0.26785714285714285 0.10714285714285715 0.12619047619047621
85 0.024107142857142855 0.5333333333333333 0.04821428571428571 0.12380952380952387
85 0.21294642857142854 0.7904761904761903 0.10178571428571423 0.13333333333333328
73 0.1078125 0.5297619047619048 0.11116071428571427 0.12619047619047621
73 0.7352678571428569 0.530952380952381 0.10446428571428569 0.12857142857142861
73 0.9529017857142855 0.925 0.0924107142857143 0.13095238095238088
51 0.09910714285714285 0.9273809523809524 0.10714285714285712 0.13095238095238101
51 0.7339285714285714 0.6595238095238095 0.10446428571428569 0.12857142857142853
51 0.740625 0.14285714285714285 0.10446428571428569 0.11904761904761905
13 0.21361606576710507 0.52857138705019 0.10312499999999997 0.11904761904761914
13 0.6314732142857142 0.2738095238095238 0.10312499999999986 0.1285714285714286
13 0.948214280052819 0.13571422343242787 0.09374999999999996 0.1333334578970489
13 0.9488839285714284 0.6619047619047619 0.10044642857142862 0.12857142857142861
71 0.8450892857142857 0.7916666666666665 0.1125 0.12619047619047621
71 0.8450892857142855 0.2702380952380953 0.10446428571428569 0.12142857142857143
51 0.4198660714285714 0.2738095238095238 0.0924107142857143 0.11904761904761901
61 0.31875 0.14285714285714285 0.10178571428571423 0.1285714285714286
61 0.02276785714285714 0.8 0.04553571428571428 0.12857142857142848
61 0.3207589285714285 0.6607142857142857 0.10044642857142858 0.12142857142857139
11 0.48482142857142846 0.4011904761904762 0.34017857142857133 0.12619047619047621
61 0.025446428571428568 0.26666658362418955 0.050892857142857136 0.12380952380952376
61 0.8404017857142857 0.530952380952381 0.103125 0.1238095238095238
