81 0.23865387203031663 0.18169897828443446 0.103125 0.1261904761904762
81 0.6279558509692348 0.18452389256628654 0.09994702466172295 0.12054064762677194
81 0.04441205548887701 0.17322423543887802 0.08564613563947714 0.12619047619047608
81 0.0475900308271539 0.9020521201567198 0.0951800616543078 0.12054064762677232
81 0.049564339402842036 0.660521949058365 0.09676904932344624 0.12336556190862397
81 0.8218123466041248 0.8992272058748673 0.09994702466172274 0.12054064762677177
81 0.828962791115248 0.18169897828443446 0.101536012330862 0.12054064762677194
81 0.8218123466041249 0.660521949058365 0.0967690493234466 0.12336556190862388
81 0.24818779804514726 0.6576970347765129 0.103125 0.12336556190862416
81 0.04797535173370391 0.4218166922418629 0.0935910739851698 0.12054064762677194
81 0.8273738034461094 0.4218166922418628 0.101536012330862 0.12054064762677194
3 0.1474103043415037 0.9022328387429234 0.09701875127829923 0.11904761904761901
3 0.14899929201064213 0.6621151247854951 0.09701875127829923 0.11904761904761901
3 0.8227300637253415 0.5378188963840027 0.09701875127829923 0.11904761904761901
3 0.7289797912461735 0.1847046111524904 0.09701875127829923 0.11904761904761901
51 0.33701190902290123 0.1869047619047619 0.09776785714285711 0.12142857142857143
51 0.7215469249544042 0.6586654469740623 0.09776785714285711 0.12142857142857143
51 0.04491145939858245 0.29707641889699354 0.0898229187971649 0.1214285714285714
10 0.24023089357706373 0.42202728193519157 0.09701875127829891 0.11904761904761911
10 0.9219066036374548 0.9799478526009812 0.09701875127829891 0.03712510487390838
10 0.3387481290636471 0.30338088209740355 0.09701875127829891 0.11904761904761911
10 0.928262554314009 0.30055596781555144 0.09701875127829891 0.11904761904761911
10 0.9219066036374554 0.7836163100122602 0.1001967266165757 0.11904761904761911
10 0.14489163342875722 0.7807913957304079 0.09701875127829891 0.11904761904761911
10 0.7264611203334269 0.4248521962170437 0.09701875127829891 0.11904761904761911
57 0.13633440254401366 0.17860430185343748 0.09701875127829894 0.12558537141312273
57 0.8267495447846666 0.3029005302549297 0.10178571428571451 0.12558537141312268
57 0.04850937563914948 0.7831359581697864 0.09701875127829894 0.12558537141312273
57 0.2427965763762893 0.540193329930506 0.09701875127829891 0.11993554284941851
57 0.9883474576271187 0.7838983050847458 0.022245762711864358 0.11581920903954795
39 0.9329954585396352 0.17406374078564024 0.10044642857142891 0.1214285714285715
39 0.6294988137341931 0.30542225489176267 0.10044642857142891 0.10730400001931105
39 0.05022321428571445 0.544127511708265 0.10044642857142891 0.1214285714285715
39 0.8201773340308057 0.7814203113838414 0.10044642857142891 0.1214285714285715
65 0.23993640834992921 0.30649711961645293 0.10169490601765534 0.11581920903954802
65 0.9263790814177362 0.6624363191298173 0.10169490601765534 0.11581920903954802
5 0.13903598000282466 0.3022597204312799 0.10010593220338983 0.12429378531073447
5 0.9239958885572152 0.5452023486705603 0.10010593220338983 0.12429378531073447
5 0.7269614175840482 0.3079095489949841 0.10010593220338983 0.12429378531073447
73 0.7240767933840796 0.5425743238326969 0.10178571428571433 0.11815969524581976
73 0.922700252026385 0.8985135233460614 0.10178571428571433 0.11815969524581976
73 0.14568528181768667 0.5397494095508448 0.10178571428571433 0.11815969524581976
11 0.48543432665218944 0.4223162731312111 0.3066737288135593 0.12146892655367232
81 0.4353813559322034 0.18361581920903955 0.09533898305084748 0.11299435028248589
5 0.14539194915254242 0.981638418079096 0.10010593220338987 0.031073446327683597
81 0.9902012711864407 0.42149454321564933 0.019597457627118474 0.11982524462338894
