81 0.6220040646961316 0.31222078287886357 0.07010106436544476 0.08674815808185744
81 0.901377424152536 0.3128316854005668 0.06803926835469624 0.08063913286482535
81 0.9037828528317426 0.6531043899892613 0.06597747234394802 0.08186093790823151
81 0.6223476973645896 0.6549370975543709 0.06391567633319958 0.08308274295163805
10 0.6247531260437961 0.4844952939991721 0.0701010643654449 0.08674815808185748
10 0.9680421618334003 0.48266258643406246 0.06254114565936732 0.085526353038451
10 0.9683857945018584 0.7239690825068351 0.06185388032245129 0.052537616866477066
10 0.5525902656676029 0.7258017900719446 0.07285012571310923 0.05131581182307045
10 0.6924487617300343 0.4001907460041275 0.06391567633319965 0.0843045479950446
73 0.8312763597870915 0.39896894096072105 0.06666473768086405 0.0843045479950446
73 0.5532775310045192 0.5687998419942167 0.07147559503927696 0.08674815808185762
73 0.9676985291649421 0.5681888755516318 0.06322841099628362 0.0830827429516382
8 0.5512157349937707 0.3103880753137539 0.07285012571310907 0.08796996312526392
8 0.5519029772165834 0.656158859983856 0.07285012571310916 0.08308274295163813
8 0.9000028934787039 0.566967134429107 0.06941379902852844 0.08063913286482517
5 0.96838818550065 0.39621273458157946 0.061858662320034626 0.08367935541038712
71 0.8309327271186333 0.31466439296567644 0.06597747234394774 0.07941732782141883
71 0.6244094933753379 0.4001907460041275 0.06941379902852858 0.0843045479950446
35 0.6244094933753379 0.5700216470376231 0.06803926835469631 0.07941732782141883
35 0.9017210568209941 0.39774713591731453 0.0701010643654449 0.08186093790823172
35 0.9030955874948264 0.7251908875502414 0.06460294167011554 0.05253761686647693
53 0.6924487617300343 0.31527529548737965 0.06666473768086419 0.08308274295163813
67 0.9687294271703163 0.6543261950326678 0.05979208431170292 0.08186093790823172
67 0.9683857945018581 0.30977717279205064 0.06047934964861909 0.08674815808185751
5 0.5525902656676029 0.39957984348242426 0.07422465638694127 0.08308274295163813
11 0.7993184561305304 0.48571709904257715 0.21442665413791098 0.08674837115146355
