46 0.667479323160733 0.33538703931911173 0.07247808243893654 0.08640733359876902
46 0.9561325775991808 0.3366088656694788 0.07247808243893654 0.08640733359876902
81 0.5921080311732976 0.3329538179994269 0.07491192172385759 0.09163537825548328
81 0.882479459745308 0.33906294975126205 0.07285011276358344 0.08674807285401538
81 0.8817921900918831 0.5125622915033865 0.07285011276358344 0.08674807285401538
81 0.5910771266931608 0.6946144177080805 0.07285011276358344 0.08674807285401538
81 0.8811049204384583 0.6909489386569793 0.07285011276358344 0.08674807285401538
10 0.9546404877635358 0.4239782404658054 0.07285012571310928 0.08308276425859885
10 0.5299078419469637 0.4227564141154381 0.050857496803511405 0.08797006966006725
23 0.5931389205456543 0.42214554355417605 0.07422465638694142 0.08430454799504467
23 0.8811049053306773 0.4245891962549102 0.07422465638694142 0.08430454799504467
66 0.59210802254028 0.6054163000651427 0.07353739105002532 0.08674815808185742
66 0.8092852330225406 0.3390581556851206 0.07353739105002532 0.08674815808185739
66 0.8793867376718782 0.6029726473644086 0.07353739105002532 0.08674815808185739
66 0.5285355795984795 0.32806171853181676 0.04810841387330407 0.08919181078259149
73 0.6666763115956796 0.4233673485975825 0.0714755950392771 0.08674815808185762
23 0.5288792079504294 0.7001110382626851 0.048795679210220023 0.09285733244761453
5 0.5288796115439967 0.6054163000651427 0.05017036959487711 0.08674815808185742
5 0.9515477937474133 0.6011399824132201 0.06941379902852844 0.08308274295163813
45 0.9515477937474133 0.6884990430167808 0.06666473768086405 0.08430454799504475
81 0.994158244636213 0.5131700192879562 0.010308980053741977 0.09041357321207684
81 0.9945018773046709 0.6863108736312961 0.010996245390658004 0.0848154293977008
11 0.6398729634559508 0.5137809218096595 0.25291364398513383 0.0940789883422962
81 0.7371219280459467 0.336619297050528 0.06666468588275846 0.08919172555474933
