81 0.6279395389407787 0.3391660463833706 0.050607720263823736 0.06220098402796435
81 0.9372093763371467 0.3369445439281576 0.050607720263823736 0.06220098402796435
81 0.8322450678874703 0.3391660463833704 0.050607720263823736 0.06220098402796435
81 0.6304386891419617 0.587974321367211 0.050607720263823736 0.06220098402796435
81 0.9340854385856684 0.5868635701396046 0.050607720263823736 0.06220098402796435
81 0.934710226135964 0.46357018387529064 0.050607720263823736 0.06220098402796435
81 0.5254743806922852 0.7157107125419503 0.050607720263823736 0.06220098402796435
81 0.5279735308934681 0.5868635701396046 0.050607720263823736 0.06220098402796435
81 0.9353350136862594 0.7157107125419505 0.050607720263823736 0.06220098402796435
81 0.5254745241929121 0.3347230995828373 0.04685900024428129 0.06442244774324885
81 0.527973530893468 0.4624594326476843 0.050607720263823736 0.06220098402796435
81 0.6310634766922574 0.7123784588591312 0.050607720263823736 0.06220098402796435
10 0.6801092249990401 0.40192237697019173 0.05123250693374743 0.061090252170322115
10 0.5795184294014333 0.6518414031816385 0.051232506933747424 0.061090252170322115
10 0.8837899663954345 0.46467982132995517 0.05123250693374735 0.06664400830835383
10 0.6276270707742015 0.4641244457161519 0.05123250693374741 0.06331175462553489
10 0.9796944332274781 0.653503142726155 0.03936156020519633 0.0666439114585333
73 0.9815687932372492 0.4002562791837284 0.03436326684580607 0.059979520312679994
73 0.5785813911364308 0.5274350768837628 0.05435644028336632 0.05886878845503773
73 0.8819157468049894 0.5274350768837627 0.05248207763247974 0.05886878845503766
73 0.9800068265624398 0.7201470541846882 0.03748720019542489 0.06220098402796438
5 0.5763946369113258 0.4019223963401559 0.05373165361344242 0.06331171588560665
5 0.8837901116568067 0.4019223963401559 0.05373165361344242 0.06331171588560665
5 0.9815687932372492 0.5287747777006606 0.03686241352550141 0.06154819008883358
57 0.5760822462174796 0.33638917799933643 0.051857293603671195 0.06553317960089107
57 0.6310635506435006 0.5274383891476425 0.051857293603671195 0.06553317960089107
57 0.9372094502883903 0.4030342516557222 0.051857293603671195 0.06553317960089107
57 0.5279736048447112 0.6540640290947757 0.051857293603671195 0.06553317960089107
65 0.6288767180652927 0.4013670110413706 0.0499829335938999 0.059979520312679925
65 0.9800073213314714 0.5913054709620699 0.03873675768857619 0.059979520312679745
39 0.9340850063230443 0.6523924108685129 0.051857293603671195 0.06220098402796438
39 0.8319323857905112 0.4041438406854761 0.04873336025405237 0.05886878845503773
39 0.9828183665770968 0.3360660502598687 0.03436326684580635 0.06044395795145821
39 0.5267240975327596 0.5252136131684783 0.04685900024428129 0.05664732473975334
51 0.5264117041977977 0.39970091325490725 0.04873336025405251 0.06109025217032226
51 0.6788596516591926 0.33805529515576394 0.04998293359390004 0.06220098402796435
51 0.8816029260494492 0.5896360609117272 0.050607720263823805 0.06109025217032226
51 0.6310634714100258 0.6496155812244072 0.050607720263823666 0.05886878845503773
3 0.9359593663328155 0.528545808741405 0.051857293603671334 0.061090252170322115
3 0.5798304626642706 0.7162627662068917 0.05185729360367133 0.061090252170322115
3 0.5792056751139749 0.5885263750321521 0.05185729360367133 0.061090252170322115
3 0.8841019996582727 0.3386073488207055 0.05185729360367133 0.061090252170322115
11 0.7553960169641081 0.4646786881870489 0.15807102749070864 0.06442244774324891
