81 0.1665599385245901 0.2756147540983607 0.10489241803278686 0.13319672131147545
81 0.37807377049180324 0.2817622950819672 0.10604508196721313 0.12909836065573776
81 0.7959144467213112 0.27868852151461887 0.10950307377049183 0.12295082582322134
81 0.9820696721311475 0.2725409836065574 0.03457991803278688 0.12704918032786883
81 0.9795081967213113 0.5409836065573771 0.04098360655737721 0.13114754098360656
81 0.7936091188524589 0.8002049180327869 0.10719774590163937 0.12909836065573785
81 0.980340676229508 0.8053278688524591 0.033427254098360636 0.13524590163934433
81 0.16194928278688522 0.7807377049180327 0.10719774590163934 0.10655737704918039
81 0.16367827868852458 0.5327868852459017 0.10373975409836066 0.13114754098360648
38 0.9812371926229508 0.9395491803278688 0.037525614754098484 0.12090163934426229
38 0.05648053278688524 0.2725409836065574 0.11065573770491803 0.12704918032786883
38 0.16310194672131145 0.6649590163934426 0.10489241803278687 0.11270491803278687
38 0.793609118852459 0.40881147540983614 0.11180840163934419 0.125
51 0.9806608606557375 0.4077868852459017 0.03867827868852473 0.13524590163934427
51 0.2708760245901639 0.2807377049180328 0.09912909836065573 0.12704918032786885
51 0.15560963114754098 0.9334016393442623 0.10143442622950818 0.125
20 0.9806608606557375 0.6752049180327869 0.03867827868852473 0.12499999999999993
20 0.905417520491803 0.2776639344262295 0.10719774590163937 0.1331967213114754
20 0.7953381147540983 0.9344262295081966 0.10604508196721313 0.11885245901639337
10 0.051869877049180314 0.9282786885245901 0.10143442622950818 0.13114754098360648
10 0.9077228483606555 0.9334016393442623 0.11180840163934434 0.125
10 0.904264856557377 0.5389344262295083 0.1095030737704917 0.13114754098360662
10 0.05417520491803278 0.6639344262295082 0.1060450819672131 0.12704918032786877
73 0.055327868852459 0.40368852459016397 0.10835040983606556 0.13114754098360656
73 0.6875640368852458 0.41290983606557374 0.10258709016393447 0.12090163934426229
73 0.904264856557377 0.6721311475409836 0.11411372950819669 0.12704918032786877
73 0.2668417008196721 0.6639344262295082 0.10028176229508197 0.12295081967213121
5 0.271452356557377 0.40676229508196726 0.1002817622950819 0.12090163934426229
5 0.9048411885245901 0.4067622950819672 0.10835040983606546 0.125
64 0.05417520491803278 0.7940573770491803 0.1060450819672131 0.125
64 0.7930327868852458 0.6680327868852458 0.10835040983606546 0.13114754098360662
64 0.3798027663934425 0.41086065573770497 0.11180840163934427 0.12090163934426236
64 0.6864113729508197 0.28688524590163933 0.10489241803278695 0.13114754098360656
11 0.6737320696721311 0.5420081967213115 0.2547387295081967 0.12500000000000008
54 0.9031121926229508 0.8032786885245902 0.10489241803278687 0.12295081967213121
54 0.16598360655737704 0.40881147540983603 0.10373975409836066 0.12090163934426229
