81 0.1290983606557377 0.6096311475409837 0.14984631147540983 0.17418032786885235
81 0.5844006147540982 0.0860655737704918 0.14523565573770492 0.1721311475409836
81 0.734246926229508 0.6342213114754098 0.13601434426229517 0.1782786885245902
81 0.43340163934426224 0.26127049180327866 0.14754098360655732 0.17827868852459017
10 0.28240266393442615 0.43545081967213106 0.14754098360655732 0.19057377049180324
10 0.8881275614754096 0.6393442622950819 0.15330430327868855 0.1762295081967212
10 0.4357069672131148 0.08811475409836066 0.1498463114754099 0.1680327868852459
73 0.8915855362538666 0.2684426188500929 0.15791499306603712 0.1762295081967213
5 0.2835553278688524 0.2520491803278689 0.1498463114754098 0.18032786885245905
44 0.7342469262295082 0.2674180327868852 0.14754098360655746 0.17008196721311475
44 0.8973488672758788 0.08913933913638653 0.15560971059671014 0.17008197746493153
44 0.12334388787629173 0.9395491803278688 0.14525334952307525 0.12090163934426229
44 0.884102084597603 0.9549180327868853 0.1544746609984851 0.09016393442622955
44 0.9841188524590163 0.8278688524590163 0.03176229508196741 0.18032786885245897
44 0.27721567622950816 0.7971311475409837 0.13716700819672134 0.18032786885245897
86 0.738857581967213 0.0860655737704918 0.14523565573770497 0.1721311475409836
86 0.13140368852459017 0.25 0.14984631147540983 0.18032786885245897
86 0.9843749886501186 0.6454918012283253 0.027663934426229417 0.18032786885245905
32 0.1262167008196721 0.7920081967213115 0.14638831967213112 0.1823770491803279
32 0.28297899590163933 0.08401639344262295 0.14869364754098363 0.1680327868852459
16 0.1302510245901639 0.08196721311475409 0.1521516393442623 0.16393442622950818
16 0.28124999999999994 0.6198770491803279 0.14523565573770492 0.17008196721311472
16 0.8846695696721311 0.819672131147541 0.16022028688524587 0.17622950819672126
11 0.7261782786885246 0.4549180327868852 0.4126536885245901 0.19262295081967218
