81 0.25332099303135885 0.5287456445993031 0.13621515679442506 0.16898954703832744
81 0.8236607142857142 0.544425087108014 0.14797473867595826 0.17247386759581887
81 0.8290505226480834 0.18205574912891984 0.15287456445993045 0.17595818815331007
81 0.8329703832752613 0.9059233449477353 0.1371951219512195 0.18118466898954708
81 0.02155923344947735 0.5261324041811847 0.04115853658536585 0.16376306620209058
81 0.24597125435540065 0.8736933797909407 0.11367595818815328 0.15853658536585372
10 0.9510561846689893 0.7343205574912892 0.09309668989547035 0.18292682926829257
10 0.6766659407665504 0.18554006968641112 0.13621515679442517 0.17595818815331007
10 0.11367595818815332 0.6977351916376306 0.13327526132404183 0.15156794425087106
10 0.37973649825783967 0.36324041811846686 0.11269599303135891 0.15853658536585363
10 0.10828614982578395 0.045296196702503136 0.13817508710801393 0.09059239340500627
5 0.11171602787456444 0.36062717770034847 0.13523519163763065 0.16724738675958192
5 0.6791158536585366 0.04529616724738676 0.14503484320557491 0.08362369337979095
5 0.9512739475331706 0.35888495851136987 0.09157230443200925 0.1811848457202451
56 0.023029181184668984 0.352787456445993 0.04213850174216027 0.16898954703832753
73 0.9527439024390244 0.9120209059233448 0.09451219512195123 0.162020905923345
73 0.6796058362369337 0.3641114982578397 0.13621515679442495 0.1707317073170732
73 0.3870862329500971 0.05226485254504392 0.14111500010668096 0.09407674341761396
41 0.951546167247387 0.5444250429253394 0.09407665505226494 0.17247395596116818
6 0.25087108013937276 0.7047038327526133 0.12739547038327523 0.1689895470383275
58 0.11367595818815332 0.5278745644599303 0.13523519163763065 0.156794425087108
12 0.8261106271777001 0.7238675958188153 0.1469947735191637 0.17944250871080136
12 0.2484211831821904 0.046167733396179626 0.1342552679113256 0.09233546679235927
11 0.2817399825783972 0.18554006968641112 0.36160714285714285 0.1689895470383275
25 0.2503810975609756 0.3614982578397213 0.1342552264808362 0.1655052264808363
31 0.11367595818815332 0.8702090592334496 0.13327526132404183 0.15853658536585358
81 0.022539198606271772 0.8684668989547037 0.0431184668989547 0.1655052264808363
10 0.9569359756097559 0.04006968641114982 0.08133710801393733 0.06968641114982578
14 0.8275805749128919 0.36498257839721254 0.14797473867595812 0.16898954703832753
