10 0.10848214285714285 0.05238095238095239 0.13928571428571426 0.10476190476190476
10 0.950446550717649 0.7488216272505539 0.09374972313523107 0.17381072792544167
10 0.11517861214397854 0.7154877126198815 0.1366071265709799 0.15952476451229552
10 0.3863856182608273 0.3785770754598678 0.12723206956940986 0.16666774621886826
12 0.24776785714285712 0.055952380952380955 0.13392857142857145 0.11190476190476191
12 0.8290213912402004 0.7440596186855537 0.13392857142857129 0.1738106033617259
73 0.3890624999999999 0.05833333333333334 0.1325892857142857 0.10714285714285715
73 0.9497768834312619 0.9190626289753473 0.10044623313747371 0.13809577787133773
5 0.1125 0.375 0.13392857142857142 0.15952380952380948
5 0.6770123608802556 0.05357097183780475 0.14330362843014174 0.10714194367560947
5 0.9511161813601706 0.3797619878043817 0.09508904956492426 0.18333374854571843
41 0.5310267857142853 0.058333250290856294 0.1299107142857142 0.10238111846590653
41 0.9531251099315995 0.5607229636531378 0.09374978013679951 0.173810935531634
81 0.25379464285714276 0.5464284883860944 0.1325892857142857 0.1690477851325731
81 0.25379464285714276 0.8869106163993945 0.1325892857142857 0.1690477851325731
81 0.824333826095551 0.5583334578970484 0.1486608120026909 0.16904778513257304
25 0.2524553571428571 0.3761904761904762 0.1299107142857143 0.16190476190476188
14 0.8270089285714286 0.3821428571428572 0.1513392857142857 0.1785714285714285
10 0.9571430200044837 0.04523797067437949 0.08571395999102732 0.09047594134875898
58 0.11249999999999996 0.544047619047619 0.13660714285714282 0.15952380952380948
6 0.2551339285714285 0.7190476190476189 0.12991071428571427 0.15238095238095226
43 0.38973214285714275 0.5511904761904762 0.12857142857142853 0.15952380952380957
43 0.8296901750022524 0.04880898403342293 0.14598224871720172 0.09761796806684586
11 0.31140034737198163 0.20238095238095208 0.4084493052560372 0.16666666666666646
81 0.8297424834482721 0.19568968004245363 0.1502061426748968 0.18553159321687282
10 0.6753609808186489 0.19624775796443894 0.14742444127642157 0.17600857259659508
31 0.11512534118346453 0.8863642267060544 0.13526789785826432 0.173809855979432
81 0.022407278716965746 0.8832421713428681 0.04172389608951952 0.1730771660775748
14 0.023591502974460853 0.7149326691426672 0.04141476302974027 0.17380952380952383
81 0.02086194804475976 0.5453241056147231 0.04172389608951952 0.1730771660775748
56 0.02163461287992457 0.37225243135189834 0.04326922575984914 0.17307726327783646
