81 0.16589046199701948 0.7820417278310569 0.13831967213114751 0.16393442436554184
81 0.7348872950819672 0.8053278688524591 0.13622391952309967 0.1695230998509686
5 0.31049739195231013 0.44858420268256344 0.13622391952309987 0.15275707898658708
10 0.8800181631892697 0.8183681073025337 0.14775055886736227 0.1657973174366616
10 0.30840163934426235 0.615312965722802 0.13831967213114751 0.1657973174366618
10 0.7364671521677166 0.9487704918032788 0.1351921284785037 0.1024590163934424
73 0.8821139157973173 0.4634873323397914 0.14355905365126687 0.16020864381520114
44 0.7327915424739194 0.4606929955290612 0.13622391952309998 0.15461997019374074
44 0.8836872160559923 0.29303261912824147 0.14460701249988145 0.16207154247822161
86 0.16693833830104335 0.4439269746646797 0.13622391952309984 0.16207153502235463
86 0.9759068105604887 0.8202313750309633 0.041914123534307055 0.1620715350223544
86 0.7348928874780105 0.293032635903942 0.13622391952309984 0.16207153502235463
32 0.31102133010432204 0.28092399403874824 0.13517604321907606 0.1639344262295082
32 0.15802988327805412 0.9310736758597042 0.13517604321907606 0.13040235094934463
16 0.16955802906110293 0.27440387481371104 0.13517604321907595 0.16579731743666176
16 0.8815899776453054 0.9543591654247393 0.14251117734724303 0.09128166915052148
11 0.7637038934426229 0.6404619970193741 0.36780458271236954 0.17883755588673622
81 0.9790424739195231 0.47035341078051873 0.04191505216095379 0.1664892358680418
10 0.43676648658718337 0.2799925484351715 0.10793125931445602 0.16207153502235472
