81 0.12946428571428586 0.4296536796536796 0.1047077922077922 0.11904761904761905
81 0.3358360389610391 0.43506493506493515 0.09862012987012993 0.12121212121212117
81 0.7388392810050061 0.4339826462361036 0.10105519480519476 0.11904761904761903
81 0.9500811688311689 0.43506493506493515 0.09740259740259731 0.12121212121212117
81 0.9494724025974025 0.6926406926406925 0.09618506493506473 0.12554112554112543
81 0.741883116883117 0.6872294372294373 0.10227272727272733 0.12337662337662322
81 0.12398538961038977 0.9090909090909091 0.10592532467532464 0.07792207792207761
5 0.2329545454545456 0.8073593073593075 0.10227272727272727 0.1255411255411255
2 0.13007305194805213 0.5573593073593074 0.10349025974025974 0.11904761904761905
2 0.4356737012987014 0.43722943722943725 0.09375 0.12121212121212124
40 0.8465909090909091 0.43506493506493515 0.1022727272727272 0.12121212121212117
81 0.9519074675324676 0.9199134199134198 0.09375 0.0692640692640694
33 0.23417207792207806 0.43398268398268397 0.09740259740259738 0.1233766233766233
33 0.9500811688311689 0.8214285714285714 0.09496753246753244 0.12337662337662338
70 0.6383928571428572 0.43506493506493515 0.10227272727272713 0.1255411255411255
70 0.849643425507979 0.9192836976154543 0.10837776010686696 0.07233362899714223
70 0.12824675324675344 0.8106060606060607 0.10227272727272728 0.11904761904761912
70 0.3364448051948053 0.5595238095238095 0.09983766233766243 0.11904761904761905
10 0.23356331168831182 0.5562770562770563 0.1010551948051948 0.12121212121212124
10 0.8459821428571429 0.5649350649350651 0.1083603896103898 0.12121212121212131
5 0.8471996753246753 0.8160173160173159 0.10836038961038966 0.11688311688311685
10 0.12763798701298718 0.6850649350649349 0.10105519480519477 0.12770562770562777
11 0.2853084415584417 0.6818181818181818 0.20454545454545453 0.12121212121212124
52 0.7400568181818181 0.5627705627705628 0.10349025974025963 0.12554112554112565
5 0.6371753246753248 0.566017316017316 0.09983766233766225 0.1233766233766233
42 0.9494724025974025 0.5627705627705627 0.09375 0.12121212121212124
45 0.23234577922077937 0.9123376623376623 0.10105519480519476 0.07575757575757593
