5 0.6261160714285713 0.07738095238095238 0.1272321428571429 0.15476190476190477
5 0.11584511177168524 0.39405314137234326 0.1272321428571429 0.15476190476190477
5 0.8939748429020024 0.39881512917672524 0.1272321428571429 0.15476190476190477
73 0.8979910714285714 0.894047619047619 0.13794642857142847 0.16904761904761897
73 0.3662914100538109 0.08095231867052313 0.12455348999775698 0.1619046373410462
10 0.10848215100022429 0.07738095238095238 0.1258928571428571 0.15000000000000002
10 0.35491071428571425 0.3976190476190476 0.10714285714285708 0.1476190476190476
81 0.9040227022763144 0.07500000000000001 0.1473215588607316 0.15
10 0.8993351737755287 0.730963778532358 0.1459822650033651 0.16190496951095434
81 0.7546906188001912 0.5666669573153361 0.12991077943036616 0.16190501103219318
81 0.2417410714285705 0.5559524847554767 0.12455360400089752 0.15000004152123872
10 0.11383932642969224 0.7095348334126395 0.12589285714285775 0.16190496951095434
25 0.2404017857142857 0.3964285714285714 0.121875 0.14999999999999994
58 0.11316964285714284 0.5488095238095237 0.11919642857142854 0.14047619047619045
14 0.7560267857142855 0.40238095238095234 0.1299107142857143 0.1476190476190476
41 0.8993302716405018 0.5630952380952379 0.14330340042386144 0.14999999999999986
11 0.2487478892258268 0.23928571428571427 0.3328613644054888 0.169047619047619
12 0.2370535714285714 0.07857142857142857 0.12053571428571423 0.14761904761904762
43 0.7620535714285714 0.07738095238095238 0.12589285714285722 0.14523809523809525
10 0.6253417090811034 0.24047538919518194 0.1339285714285714 0.16190476190476188
10 0.1115192605726125 0.9671365955780629 0.12002059537871754 0.060254612051579726
10 0.02292236155641504 0.23223348515303177 0.04584472311283008 0.16190476190476175
81 0.7577812801446031 0.2369907956293409 0.12991077943036616 0.16190501103219318
12 0.7562846772897832 0.7241872452065027 0.12980769831895014 0.15860825300858108
6 0.24261675824175824 0.7101648351648352 0.12362637362637365 0.1456043956043957
81 0.024725274725274728 0.8598901098901099 0.049450549450549455 0.15934065934065927
81 0.024725274725274728 0.5494505494505495 0.049450549450549455 0.14835164835164838
14 0.0250853777608533 0.701836799245732 0.04337219664217897 0.14761904761904776
56 0.025497939560439564 0.39010989010989006 0.05099587912087913 0.15384615384615383
