81 0.5719699190801066 0.7200875438238827 0.05269718828011185 0.05831342443923584
81 0.5749274133578194 0.46819267862206376 0.05215944453420804 0.06118129576521092
81 0.6805906180070141 0.4701045941147266 0.05162171830189664 0.059269380272548064
81 0.8833134075884209 0.46914863636839516 0.05054626583727398 0.06118129576521092
81 0.9827927605660344 0.4683702104021718 0.034414478867931135 0.06344827481808991
81 0.8835822707045767 0.5967689955036397 0.05323489699883097 0.0640491690042051
81 0.8851954494015111 0.7210435025267243 0.05323489699883112 0.058313422526216525
81 0.9827927605660344 0.7243893546388844 0.0322635739386854 0.05544554928722221
81 0.9825238974498787 0.599814400522742 0.03495220510024268 0.06440423256442131
5 0.5254565999851685 0.5298519532604403 0.045706729746471095 0.06022533801887946
5 0.8314228261703687 0.5327198264994347 0.05000853960496229 0.06213725351154231
5 0.9381614832841862 0.6632080588736733 0.054848075695765316 0.06500512675053656
10 0.9365483045872519 0.5336757842457661 0.053772623231142236 0.06404916900420517
10 0.6276245841243389 0.5317638687531033 0.05000853960496236 0.060225338018879526
10 0.5751962764739751 0.5958130377573083 0.05269717076651943 0.06213725351154231
73 0.5243811475205455 0.6603401856346792 0.04463127728184815 0.06309321125787377
42 0.5230368319397671 0.7210435025267244 0.04086719365566829 0.05257767604822803
33 0.6281623103566504 0.46819267862206376 0.051083992069585304 0.06118129576521092
33 0.9833304867983458 0.6646419954931707 0.0322635739386854 0.06022533801887946
42 0.9825239215310682 0.5355875141755547 0.03495215693786361 0.06404918048232142
70 0.5727765084285739 0.6574723123956849 0.05000853960496244 0.05735746477988528
70 0.6803217548908584 0.5322418476262689 0.05215944453420804 0.06118129576521078
70 0.939236935748809 0.7253453123852158 0.05269717076651958 0.05353363379455942
70 0.8303473737057456 0.46914863636839516 0.0489330871403395 0.06309321125787384
52 0.8835822707045767 0.5327198264994347 0.0489330871403395 0.06213725351154231
2 0.5757340027062865 0.5317638687531031 0.05162171830189664 0.06213725351154217
40 0.9368171677034076 0.4705825729878923 0.053234896998830834 0.06213725351154231
45 0.5249661985402693 0.4679276176105809 0.04672840958786274 0.05993855069497997
45 0.8837102544268356 0.6614134654680603 0.05205189928774573 0.05993855069498011
