16 0.12794569672131145 0.07889344262295082 0.1521516393442623 0.15778688524590165
16 0.2870133196721312 0.6147540983606558 0.1636782786885246 0.16393442622950816
16 0.8829405737704917 0.8176229508196721 0.15676229508196712 0.1803278688524591
32 0.2789446721311475 0.08401639344262295 0.14523565573770486 0.15983606557377047
32 0.125640368852459 0.7930327868852458 0.14754098360655735 0.18032786885245897
86 0.73828125 0.08811475409836066 0.15099897540983606 0.1680327868852459
86 0.12852202868852458 0.24795081967213115 0.1486936475409836 0.17622950819672126
44 0.11930956410579992 0.9426229508196721 0.14410068558864902 0.11475409836065581
44 0.733670594262295 0.2725409836065574 0.1509989754098362 0.1721311475409836
44 0.8961962090163934 0.0860655737704918 0.15330430327868855 0.16393442622950818
10 0.8817879098360655 0.6413934426229508 0.15445696721311464 0.17213114754098358
10 0.2829789959016393 0.43545081967213123 0.15099897540983606 0.1782786885245901
10 0.43282530737704916 0.08811475409836066 0.14177766393442617 0.15163934426229506
5 0.28009733606557374 0.25307377049180324 0.14754098360655735 0.17418032786885246
73 0.8927382172131146 0.27459016393442626 0.16252561475409835 0.1721311475409836
81 0.12736936475409835 0.6034836065573771 0.15099897540983606 0.17008196721311472
81 0.7273309426229508 0.6270491803278688 0.14523565573770483 0.17622950819672142
81 0.5809426002510569 0.08401639344262295 0.14754098360655724 0.1680327868852459
11 0.7204149590163936 0.45389344569849577 0.43801229508196715 0.17827865776913923
32 0.5803662909836065 0.2581967213114754 0.15330430327868846 0.16393442622950818
10 0.7279072745901638 0.8165983606557375 0.13716700819672126 0.1782786885245902
