81 0.571548731424972 0.4944701157917467 0.05632223248873615 0.06794428046260215
81 0.9220540532521956 0.4949171176368955 0.0573279866403206 0.06705027677230468
81 0.5710458543491798 0.6384047099296278 0.054310724185566886 0.0679442804626023
73 0.5217639009215357 0.5664374128606873 0.03922441191179843 0.06347426201111517
10 0.9776219701272433 0.6451097376068583 0.04274455144234423 0.07599031367527871
10 0.5225182165352241 0.709478003308271 0.03872153483600606 0.06705027677230489
5 0.9758618979088479 0.5682253748958861 0.046264697514549515 0.0706262915334945
19 0.6296310336789811 0.49804613055293645 0.05280209295819006 0.0661562730820075
49 0.9766162159756587 0.4949171176368955 0.042744551442344514 0.07062629153349441
73 0.9776219701272433 0.7179710383660962 0.04274455144234423 0.06258025832081784
1 0.5720516085007642 0.566884414705836 0.057327986640320676 0.06794428046260215
1 0.8614573656192249 0.4975990909199575 0.056825109564528284 0.07062636710915507
19 0.9243174792697891 0.5695676349872955 0.05280209295819006 0.0661562730820075
50 0.5217639009215357 0.4957981826556022 0.040230166063383026 0.06883828415289955
