81 0.165983606557377 0.27459016393442626 0.10604508196721309 0.13114754098360654
81 0.3751921106557377 0.2807377049180328 0.10028176229508197 0.13524590163934427
81 0.7930327641854834 0.2797131147540984 0.10835040983606561 0.13319672131147547
81 0.9809170081967212 0.2725409836065574 0.036885245901639364 0.13524590163934425
81 0.9806608606557375 0.5389344262295082 0.03867827868852473 0.13934426229508198
81 0.9812371926229508 0.8063524590163934 0.037525614754098484 0.1290983606557377
81 0.7930327868852458 0.8002049180327869 0.10373975409836063 0.12909836065573785
81 0.15849129098360654 0.7920081967213115 0.10258709016393443 0.12909836065573785
81 0.16483094262295078 0.5358606557377049 0.11065573770491803 0.125
10 0.05014088114754098 0.9282786885245902 0.10028176229508196 0.12704918032786877
10 0.05244620901639343 0.660860655737705 0.10258709016393441 0.12500000000000008
10 0.37576844262295084 0.5368852459016393 0.10604508196721305 0.12295081967213115
10 0.9019595286885246 0.5389344262295083 0.10950307377049186 0.1352459016393442
10 0.9048500354172753 0.9334016393442623 0.11989474296569824 0.13319672131147542
20 0.7941942977123573 0.9364754098360656 0.1106734314902883 0.12704918032786877
20 0.9059938524590163 0.27868852459016397 0.10604508196721313 0.12704918032786894
64 0.3792264344262295 0.41290983606557374 0.11296106557377045 0.125
64 0.6869877049180327 0.2848360655737705 0.10143442622950821 0.12704918032786885
64 0.7930327868852458 0.668032786885246 0.10835040983606546 0.12704918032786885
64 0.05302254098360655 0.7971311475409836 0.10143442622950818 0.12704918032786877
51 0.1567622950819672 0.9323770491803279 0.10835040983606556 0.13114754098360662
51 0.2702996926229508 0.2817622950819672 0.09797643442622948 0.12909836065573776
51 0.9795081967213113 0.40881147540983603 0.04098360655737721 0.1290983606557377
5 0.26972336065573765 0.40676229508196726 0.09912909836065573 0.12090163934426229
5 0.905417520491803 0.4118852459016394 0.10719774590163937 0.12295081967213115
73 0.05532786885245902 0.40471311885482514 0.11065573770491803 0.1290983606557377
73 0.6846823770491801 0.41393442622950816 0.10373975409836063 0.11885245901639344
73 0.904264856557377 0.6711065573770492 0.1095030737704917 0.125
73 0.2668416837948502 0.6639344262295083 0.10258712421357825 0.11885245901639348
38 0.05590420081967212 0.27049180327868855 0.11180840163934425 0.13114754098360654
38 0.7930327868852458 0.41086065573770497 0.10835040983606546 0.12090163934426236
38 0.16252561475409835 0.6649590163934426 0.10835040983606556 0.1290983606557377
38 0.9835425204918034 0.9385245901639344 0.03291495901639351 0.12295081967213121
54 0.9054175204918031 0.8032786885245902 0.11411372950819669 0.12704918032786877
54 0.1654072745901639 0.4057377049180328 0.10258709016393441 0.12295081967213121
11 0.6725794057377048 0.5389344262295083 0.28009733606557374 0.13114754098360662
