81 0.13428534836065573 0.4334016393442623 0.10489241803278687 0.125
81 0.34176485655737693 0.4364754098360656 0.09797643442622948 0.12295081967213115
81 0.7509605532786884 0.4375 0.1002817622950819 0.12090163934426229
81 0.9555584016393442 0.4375 0.08529713114754102 0.1290983606557377
81 0.954405737704918 0.6956967213114754 0.08760245901639337 0.12909836065573763
81 0.7521132172131146 0.6905737704918034 0.10258709016393439 0.12704918032786885
81 0.12794569334048272 0.9395491813530498 0.10604511577550052 0.11680328483961457
81 0.9561457790312218 0.944672131147541 0.08416655806244407 0.11065573770491795
70 0.6520776357039751 0.4354395604395603 0.08973209122941245 0.12362637362637356
70 0.34229052197802196 0.5590659340659341 0.10353708791208788 0.11813186813186817
70 0.13135302197802198 0.8173076923076923 0.1050824175824176 0.12912087912087913
5 0.040178571428571425 0.555952380952381 0.07767857142857143 0.12619047619047613
5 0.6508928700497897 0.5654761489549519 0.0910714285714286 0.11666666666666674
70 0.6006696428571427 0.43214285714285716 0.020089285714285695 0.002380952380952408
5 0.8584821428571427 0.8226190476190476 0.10446428571428569 0.13095238095238101
5 0.23504464285714285 0.8119047619047619 0.09776785714285716 0.12857142857142861
73 0.03816964285714285 0.8166666666666665 0.0763392857142857 0.12857142857142848
10 0.8558035714285714 0.5642857142857143 0.10446428571428569 0.1238095238095238
10 0.23772321428571427 0.5583333333333333 0.09776785714285716 0.12619047619047621
10 0.13191964285714286 0.6833333333333335 0.103125 0.11904761904761912
11 0.3214285714285714 0.6857142857142857 0.2678571428571428 0.11904761904761899
2 0.13392857142857142 0.5595238095238095 0.10446428571428572 0.11904761904761905
45 0.23571428571428568 0.9404761904761904 0.10446428571428569 0.11428571428571431
45 0.041517857142857134 0.43095238095238103 0.08035714285714285 0.12380952380952387
45 0.75267859078897 0.8190476190476194 0.09642857142857136 0.12380968989447756
40 0.857142857142857 0.4380952380952381 0.10714285714285708 0.1238095238095238
52 0.7493303571428571 0.5619047619047619 0.103125 0.1238095238095238
70 0.859151785714285 0.9404761074337137 0.10848214285714261 0.10952405865124018
33 0.23973214285714284 0.4345238095238095 0.10178571428571427 0.12619047619047613
81 0.7553571428571427 0.9392857142857142 0.09910714285714306 0.1119047619047619
42 0.03749999999999999 0.9380952380952381 0.07232142857142856 0.10952380952380963
42 0.9535714285714285 0.5666666666666667 0.08303571428571416 0.1238095238095238
2 0.4345982142857142 0.4380952380952381 0.08169642857142861 0.12857142857142861
