81 0.5285359788755385 0.38225464796692094 0.05360669627945775 0.06842108243076084
81 0.6388420654505764 0.38653096561884354 0.05291943094254165 0.06475566730054147
81 0.8518943198945752 0.3883636731839532 0.05154490026870931 0.06597747234394795
81 0.9615131411326969 0.38775277066224995 0.052232165605625484 0.06475566730054155
81 0.9608258757957807 0.5197077153501459 0.05635575762712236 0.0671992773873545
81 0.9597949777904067 0.6504408549946352 0.0556684922902059 0.06719927738735429
81 0.6402165961244087 0.6467754398644159 0.05291943094254151 0.06475566730054133
81 0.5295668768809126 0.6492190499512289 0.05566849229020598 0.06475566730054147
81 0.851550687226117 0.5197076727362246 0.05085763493179327 0.06475566730054155
10 0.5845481038342025 0.7139747172517704 0.05429396161637392 0.06231205721372845
10 0.5295668768809126 0.5154313976982233 0.05291943094254158 0.06597747234394795
10 0.5845481038342025 0.4494539253542753 0.05429396161637392 0.06597747234394795
10 0.9048137354277143 0.4543411455279011 0.0529194309425415 0.06353386225713507
10 0.9058446488424908 0.7164183273385832 0.04810857358412861 0.06475566730054169
40 0.9058446488424908 0.3883636731839532 0.05223216560562562 0.06353386225713514
40 0.6391856981190345 0.7133638147300673 0.05223216560562541 0.061090252170322115
2 0.9594513451219487 0.7188619374253962 0.05498122695328988 0.06475566730054169
2 0.5285359788755385 0.4506757303976818 0.05498122695328988 0.06597747234394795
2 0.6931360270669503 0.38775277066224995 0.05154490026870931 0.06475566730054155
45 0.5842044711657446 0.6473863423861193 0.052232165605625484 0.06353386225713492
52 0.6398729634559507 0.5814088700421712 0.053606696279457605 0.06353386225713514
52 0.851207054557659 0.4537302430061979 0.05017036959487711 0.062312057213728594
52 0.9938146042630538 0.6519181220463305 0.010996245390658004 0.0652665487031976
42 0.9604822431273228 0.45311934048449465 0.055668492290206185 0.06353386225713507
70 0.6391856981190345 0.45250843796279144 0.05223216560562541 0.062312057213728664
70 0.5295668768809126 0.5826306750855778 0.05566849229020598 0.06353386225713507
70 0.9044701335780609 0.6498299950868532 0.052232165605625484 0.06597742973002686
33 0.5842044711657445 0.3828655504886241 0.05498122695328995 0.06719927738735443
33 0.5278487135386223 0.7158074248168799 0.053606696279457605 0.06353386225713521
33 0.9594513412695977 0.5862960369483955 0.05773032682446042 0.06353384095017434
5 0.5855790018395769 0.5807979888274287 0.05360669627945755 0.05986844712691578
5 0.9041264855002005 0.5862961328297182 0.052919430942541645 0.0635338196432137
73 0.6931360270669503 0.4537302430061979 0.05154490026870931 0.062312057213728594
11 0.6738926245997527 0.5184859103067394 0.18349989888951343 0.0623120572137285
