81 0.2244120209059233 0.171602787456446 0.10779616724738673 0.13763066202090593
81 0.680095818815331 0.17334494773519166 0.11367595818815339 0.13763066202090593
81 0.92459712543554 0.16637630662020908 0.12445557491289193 0.1480836236933798
81 0.026459059233449475 0.16463414634146342 0.0509581881533101 0.14111498257839722
81 0.2239220383275261 0.4520905923344948 0.10877613240418114 0.13414634146341464
81 0.025969076655052235 0.44686425877383956 0.05193815331010447 0.15156823880203465
81 0.024989111498257836 0.724738675958188 0.04997822299651567 0.13937282229965164
81 0.2195121951219512 0.7290940766550523 0.09995644599303134 0.13414634146341456
81 0.9206772648083623 0.7473867595818815 0.12445557491289208 0.14982578397212534
81 0.6840156794425085 0.740418118466899 0.0960365853658535 0.13937282229965148
38 0.024989111498257836 0.8658536585365855 0.04997822299651567 0.13240418118466907
38 0.22588196864111496 0.5914634146341463 0.10485627177700345 0.1306620209059234
38 0.11269599303135887 0.16898954703832753 0.11171602787456443 0.14285714285714288
38 0.9236171634657063 0.31445978303800703 0.1303353658536585 0.14459930313588856
10 0.7937717770034842 0.8867595818815331 0.1195557491289199 0.1463414634146342
10 0.10828614982578397 0.8667247386759581 0.11269599303135887 0.1341463414634147
10 0.10975609756097558 0.587979094076655 0.11367595818815328 0.13763066202090599
10 0.7957317073170731 0.6019163763066203 0.12151567944250871 0.13414634146341464
51 0.3356380662020905 0.17421602787456447 0.10877613240418121 0.1358885017421603
51 0.21804224738675956 0.8702090592334494 0.10289634146341463 0.13414634146341456
51 0.026459059233449475 0.29965156794425085 0.0509581881533101 0.1289198606271777
51 0.7952417247386759 0.7456445993031359 0.12249564459930312 0.14285714285714277
20 0.920187282229965 0.896341463414634 0.12739547038327514 0.14459930313588856
20 0.02596907665505226 0.5897212543554008 0.048018292682926816 0.1376306620209059
20 0.680095818815331 0.31707317073170727 0.11171602787456443 0.12891986062717772
73 0.11171602787456443 0.3083623693379791 0.11367595818815328 0.13937282229965156
73 0.7991615853658536 0.3153310104529617 0.1185757839721255 0.13588850174216027
11 0.7506533308197743 0.45993031358884984 0.3508274847019145 0.1428571428571428
64 0.10730618466898953 0.7273519163763066 0.11073606271777002 0.13066202090592327
64 0.9196972996515678 0.6019163763066203 0.12249564459930312 0.13414634146341464
64 0.800141550522648 0.16986062717770037 0.11661585365853654 0.13414634146341464
5 0.3375979965156794 0.3170731707317073 0.1068162020905923 0.13588850174216027
5 0.10731603127323375 0.9695121951219511 0.11075575592625846 0.06097560975609767
54 0.6751959930313588 0.5975609756097562 0.11171602787456436 0.1254355400696864
54 0.5757295296167247 0.17770034843205576 0.08721689895470383 0.13937282229965156
54 0.22490200348432055 0.3127177700348432 0.1068162020905923 0.13414634146341464
81 0.44588414634146334 0.17682926829268295 0.10191637630662022 0.1376306620209059
