81 0.552187964006969 0.5191495590461702 0.0578308637161129 0.0679442804626023
81 0.6708669538939486 0.5213845682719137 0.0578308637161129 0.07241429891408928
81 0.7827571032577322 0.5182555553558728 0.0573279866403206 0.06794428046260222
81 0.9024418456608814 0.517808538395592 0.05933949494348994 0.07062629153349441
81 0.5529422796206569 0.6626371211086379 0.05833374079190516 0.07241432914435317
5 0.9647986046945398 0.5924578616505569 0.060345249095074396 0.06973228784319709
10 0.9658043588461243 0.6657661189095472 0.06436826570141278 0.07509630998498146
5 0.6122817745641471 0.590669854269962 0.057327986640320815 0.06436826570141264
73 0.9660557973840205 0.7278994207306126 0.06185388032245115 0.043806180824572466
73 0.8425994752770143 0.5924578616505568 0.0573279866403206 0.06794428046260215
71 0.5526908410827609 0.723876358778878 0.05682510956452836 0.05006423688691855
1 0.5526908410827612 0.5920108598054081 0.059842372019282025 0.06883828415289947
1 0.8431023523528066 0.5191495590461702 0.057327986640320745 0.0679442804626023
49 0.9655529194905195 0.5182555251256084 0.06185388195786583 0.06973234830372536
19 0.9019389702205041 0.5915638579602595 0.05833374079190534 0.06794428046260222
19 0.6117788974883549 0.5213845682719137 0.05833374079190534 0.06883828415289969
50 0.9036990399857769 0.7247704078145716 0.06185388032245129 0.05006420665665431
11 0.8602001729297443 0.6644251587194974 0.09252938194578064 0.06705027677230482
