81 0.26116071428571425 0.2738095238095238 0.11785714285714284 0.14285714285714288
81 0.739955357142857 0.2773809523809524 0.1138392857142857 0.13571428571428573
81 0.9636160714285714 0.275 0.06562500000000014 0.14523809523809522
81 0.9629464285714284 0.5761904761904763 0.06964285714285723 0.1476190476190476
81 0.9609375 0.8773809523809524 0.07098214285714292 0.14999999999999986
81 0.7392857142857142 0.575 0.12053571428571416 0.1404761904761906
81 0.2591517857142857 0.8630952380952381 0.11651785714285716 0.1452380952380952
81 0.03683035714285714 0.8702380952380951 0.07366071428571427 0.15
81 0.03749999999999999 0.26547619047619053 0.07232142857142856 0.15000000000000002
10 0.13794642857142858 0.4190476190476191 0.12321428571428573 0.14761904761904765
10 0.03816964285714285 0.5726190476190476 0.07366071428571429 0.15
10 0.8631696428571428 0.4238095238095238 0.1272321428571429 0.1476190476190476
10 0.87053574431428 0.9714285714285714 0.1151785714285714 0.057142857142857224
10 0.13660714285714284 0.9714285714285714 0.12053571428571427 0.04761904761904759
42 0.9636160714285714 0.42619047619047623 0.0683035714285714 0.1523809523809524
52 0.7386160714285714 0.425 0.11651785714285708 0.1452380952380952
52 0.26249999999999996 0.711904761904762 0.12053571428571423 0.1380952380952381
40 0.8631696428571428 0.2773809523809524 0.1191964285714286 0.14047619047619045
2 0.03683035714285714 0.41904761904761906 0.07366071428571427 0.1523809523809524
2 0.3810267857142857 0.2761904761904762 0.11651785714285716 0.14761904761904762
40 0.2584821428571428 0.9678571428571427 0.11785714285714284 0.05952380952380949
45 0.13660714285714284 0.8678571428571429 0.12321428571428569 0.14047619047619037
70 0.26249999999999996 0.42023809523809524 0.12053571428571423 0.14523809523809533
70 0.8604910714285714 0.8666666666666666 0.12455357142857139 0.14761904761904773
70 0.036830357142857144 0.7190476190476189 0.07098214285714285 0.13333333333333328
33 0.9602678571428571 0.7261904761904762 0.075 0.1428571428571429
33 0.13794642857142858 0.2702380952380953 0.12321428571428573 0.14523809523809522
5 0.13794642857142855 0.717857142857143 0.11785714285714283 0.1452380952380952
5 0.8598214285714286 0.7214285714285714 0.11785714285714292 0.14285714285714277
73 0.38169641355714545 0.42380948228828536 0.11250003002856584 0.14761921370400158
11 0.3421875 0.5726190476190477 0.403125 0.14523809523809533
