81 0.1659836179072583 0.2745901618840629 0.1060450819672131 0.12704918032786885
81 0.7941854508196721 0.2827868852459016 0.10604508196721313 0.12295081967213115
81 0.9795081967213113 0.5440573770491803 0.04098360655737721 0.1290983606557377
81 0.9795081967213113 0.8104508196721312 0.04098360655737721 0.13729508196721313
81 0.9803406648796268 0.2725409836065574 0.038037932535828316 0.13524590163934425
64 0.6846823770491802 0.2838114754098361 0.10143442622950807 0.12500000000000008
64 0.05129354508196721 0.7950819672131147 0.10028176229508196 0.12704918032786877
38 0.053598872950819665 0.2674180327868852 0.10719774590163933 0.12909836065573768
38 0.7918801229508197 0.40881147540983603 0.10835040983606546 0.11680327868852465
51 0.15791495901639344 0.9241803278688525 0.10373975409836066 0.12295081967213108
51 0.271452356557377 0.2766393442622951 0.1002817622950819 0.11885245901639344
20 0.9025358720056187 0.2756147520479973 0.10835040983606561 0.125
20 0.7930327868852458 0.9375 0.11065573770491795 0.11270491803278673
10 0.05302254098360655 0.6618852459016393 0.10373975409836066 0.12295081967213121
10 0.05129354508196721 0.9303278688524591 0.10028176229508196 0.13114754098360648
10 0.9019595286885245 0.5338114754098361 0.10489241803278673 0.1290983606557377
73 0.054751536885245894 0.4006147540983606 0.10950307377049179 0.1290983606557377
73 0.904264856557377 0.6711065573770492 0.10489241803278702 0.12909836065573763
5 0.9048411885245901 0.40881147540983603 0.11065573770491795 0.12090163934426229
54 0.16425461065573768 0.4057377049180328 0.10489241803278686 0.12704918032786877
10 0.9071553632861276 0.9375 0.10836810362143595 0.125
