81 0.5223505908432934 0.6916234600804362 0.04398498156263195 0.07086469251757364
81 0.5226942235117513 0.39105941940245087 0.04329771622571577 0.07575191269119955
81 0.6388420654505765 0.39350302948926386 0.06116661498553505 0.07330830260438667
81 0.878010402697388 0.39716844461948314 0.057043022964038244 0.0781955227780125
81 0.9865983259301356 0.39167032192415413 0.025428817465896855 0.07453010764779307
81 0.8769795046920137 0.6910125575587329 0.059104818974786755 0.07453010764779307
81 0.9859110605932194 0.6949334133902803 0.028177878813561107 0.07259737896363617
81 0.8766358720235555 0.5443959523499596 0.05841755363787058 0.07208649756098019
81 0.9852237952563033 0.5450068548716628 0.024054286792064374 0.07819552277801244
10 0.5233814888486675 0.5382869271329274 0.04329771622571577 0.07697371773460596
10 0.5780190831334994 0.465589527050244 0.06047934964861902 0.07086469251757364
10 0.8175310530487689 0.5431741473065531 0.05566849229020605 0.07453010764779315
10 0.9395206503513811 0.46681133209365044 0.06047934964861895 0.0733083026043866
10 0.9398642753151377 0.7411066495662396 0.06391567633319979 0.023214295824722484
10 0.5704591644274221 0.7392738567732874 0.049483104257960944 0.02199249078131615
40 0.9412388136936712 0.39289212696756054 0.06254114565936746 0.0696428874741673
2 0.5233814888486675 0.46314591696343116 0.04329771622571577 0.06597747234394795
45 0.571146422059637 0.6885689261649592 0.04810857358412875 0.0696428874741673
45 0.8776667700289298 0.617093352432643 0.059104818974786755 0.06597747234394795
42 0.9859110605932195 0.46925494218046326 0.02680334813972891 0.07330830260438653
70 0.6395293307874925 0.4674222346153536 0.05979208431170285 0.06964288747416716
70 0.8171874203803108 0.3965575420977799 0.056355757627122215 0.0696428874741673
70 0.9398642830198392 0.6916234600804362 0.06116661498553512 0.07086469251757364
70 0.5240687541855837 0.6152606448675334 0.044672246899548115 0.07208649756098026
33 0.5776754504650414 0.39044851688074766 0.06116661498553512 0.07453010764779307
33 0.9852237952563033 0.6207587675628623 0.028177878813561392 0.07330830260438667
52 0.8783540353658458 0.4716985522672762 0.059104818974786755 0.06597747234394788
5 0.5763009197912091 0.6146497423458301 0.05841755363787058 0.07575191269119955
5 0.8171874203803108 0.4698658447021666 0.056355757627122215 0.06964288747416723
5 0.9388333850144649 0.6170933524326431 0.06185388032245129 0.07330830260438667
11 0.6494946781727764 0.5419523422631467 0.1457002514262185 0.07208649756098033
73 0.8175310530487689 0.6177042549543462 0.05566849229020605 0.0696428874741673
