81 0.5506793327795921 0.5298418431821272 0.0588366178676975 0.06615627308200743
81 0.6678496914391948 0.5289478394918298 0.056825109564528305 0.06794428046260222
81 0.9011846509271325 0.5276068112836854 0.05984236956616004 0.07062633687889065
81 0.5499250130773667 0.6706473790585712 0.06135100324665885 0.07241438960488143
5 0.9637928505429554 0.5995741310253242 0.06235675739824359 0.0733083026043866
5 0.6092645121093935 0.6004681347156218 0.05531647833715148 0.06615627308200743
73 0.6092645121093935 0.729204666118447 0.05531647833715148 0.042912177134275
73 0.9658043588461246 0.7314396753441906 0.06537401985299723 0.04023016606338288
1 0.5514336483932806 0.5986801273350268 0.057327986640320676 0.06615627308200743
1 0.8405879669738452 0.5276068339563836 0.056322232488736 0.07062629153349441
10 0.9655529203082284 0.6755644447006032 0.06487114277720508 0.07152029522379202
49 0.9642957276187477 0.527159832111235 0.060345249095074396 0.0715202952237918
19 0.6107731433367704 0.5280538358015324 0.05833374079190513 0.0679442804626023
19 0.9004303389931272 0.6013621384059191 0.06034524909507425 0.0715202952237918
71 0.550427894241696 0.7309926659414759 0.05833374079190537 0.0411242453293408
