81 0.2524553571428571 0.5547619047619047 0.13794642857142855 0.16666666666666663
81 0.25513394485759144 0.9000060205795866 0.13794642857142855 0.16666666666666663
81 0.8404053605270388 0.5678573712239546 0.15401795485983436 0.17857163617762115
5 0.10781249999999998 0.3738095238095238 0.13794642857142855 0.16190476190476186
5 0.9584823097903125 0.3773810146628101 0.07499961727517206 0.1833337070244797
5 0.6917446218120795 0.04880896327280365 0.14866077943036576 0.0976179265456073
14 0.8410714285714285 0.37976190476190474 0.15267857142857139 0.17380952380952375
25 0.2511160714285714 0.37857142857142856 0.12991071428571427 0.16190476190476186
10 0.391432003991691 0.38150190440202736 0.14247940462128245 0.17399301419358765
10 0.9604912220755779 0.7583399767314954 0.07901755584884276 0.18333383158819508
10 0.11048934916684656 0.7297680499052069 0.13526789785826432 0.173809855979432
41 0.9613839204283472 0.5666666251454281 0.07455357142857152 0.18095238095238086
12 0.5368277676429587 0.05238028804113584 0.13080391343799253 0.10476057608227168
12 0.24575892857142853 0.05238095238095238 0.1325892857142857 0.1
10 0.10379287988001075 0.049999522505756885 0.13526789785826424 0.09999904501151377
58 0.10848214285714285 0.5523809523809523 0.13660714285714284 0.16190476190476188
11 0.31425857828255854 0.1988095238095239 0.41076855772059756 0.18809523809523818
6 0.2524553571428571 0.730952380952381 0.13794642857142855 0.16190476190476188
73 0.39174108771473404 0.05357155313514415 0.13258938343126295 0.09761929674647878
43 0.39194687543523726 0.5581586881730287 0.1367101718482992 0.17271110871192832
81 0.02008928270865676 0.5494505494505494 0.04017856541731352 0.1813192645202481
56 0.0185439515355126 0.37637338337297327 0.0370879030710252 0.18131916731998654
81 0.017771286700347784 0.8969786780797852 0.03245191205628359 0.17307716607757487
31 0.11203467983905256 0.8973534320955876 0.13526789785826432 0.173809855979432
81 0.8434960218714508 0.18598248393767694 0.15401795485983436 0.17857163617762115
43 0.8485920890721067 0.04651968481890635 0.1660714546202125 0.09303936963781269
12 0.8397325335889064 0.7557812107014107 0.15453298907424656 0.1833339651350297
73 0.9604223901098901 0.9258241758241758 0.07572115384615387 0.1428571428571429
14 0.020500841630048873 0.7286691758795832 0.03523344034091632 0.17380952380952383
