81 0.589177158514072 0.637734392091431 0.06882895773586213 0.08412428167716499
81 0.8739031985229712 0.6477719484279109 0.06829123150355088 0.08316832393083352
5 0.6609636105276472 0.4709197653565982 0.067215779038928 0.08125640843817067
73 0.9505291866273489 0.4790454062004153 0.07313076759435376 0.0860361971698277
10 0.9486471448142589 0.6539856737790651 0.07366849382666502 0.0822123661845022
10 0.8782050083814624 0.7209027160222646 0.06506487410968219 0.05735746477988513
10 0.6604258842953358 0.5531321315411003 0.06829123150355088 0.0831683239308336
44 0.8755163772199053 0.47617753296142107 0.07044213643279647 0.08030045069183928
44 0.9497233279617475 0.39205316711140653 0.07044213643279647 0.08030045069183928
10 0.732481908928719 0.3887072346524358 0.06829123150355088 0.0831683239308336
32 0.6625767892245815 0.38679548272292363 0.06829123150355074 0.08125640843817074
32 0.5872943754285089 0.715167297148832 0.06829123150355074 0.0688289453012372
16 0.5910592003271621 0.3844055893136047 0.06721577903892793 0.08412428167716499
16 0.9478440685678292 0.7242489081736038 0.07635721499988016 0.05257764448340821
86 0.5897148847463836 0.46757391324443826 0.06990441020048507 0.08412428167716499
86 0.876325788698572 0.3910972170171523 0.06990441020048507 0.08412428167716499
11 0.881431365775331 0.5655595822434087 0.1887419075413098 0.08890407040882209
81 0.7327514762537237 0.47330949520276655 0.06882895773586213 0.08412428167716499
