10 0.869108606557377 0.8176229508196721 0.14523565573770497 0.16803278688524587
10 0.4368596311475409 0.2889344262295082 0.11757172131147535 0.15983606557377047
10 0.30026895491803274 0.6168032786885246 0.1417776639344262 0.17213114754098371
81 0.1567622950819672 0.785860655737705 0.14062499999999997 0.17008196721311478
81 0.9754738729508197 0.4702868852459017 0.049052254098360774 0.16598360655737707
44 0.723296618852459 0.46618852459016397 0.14177766393442626 0.1618852459016393
44 0.8766009221311475 0.29610655737704916 0.14408299180327874 0.16598360655737707
5 0.3025742827868852 0.44979508196721313 0.1371670081967213 0.16598360655737707
73 0.8731429303278688 0.4672131147540983 0.14408299180327858 0.16803278688524592
81 0.43340163934426224 0.45594262295081966 0.11757172131147542 0.16188524590163936
86 0.16079661885245897 0.4456967213114754 0.13947233606557374 0.165983606557377
86 0.7238729508196721 0.2930327868852459 0.14523565573770483 0.16393442622950818
86 0.9722720286885245 0.8196721311475409 0.05186987704918039 0.168032786885246
32 0.3031506147540983 0.28790983606557374 0.13601434426229506 0.17008196721311475
32 0.15273681820416057 0.9375 0.1417953577197966 0.125
16 0.16194928278688522 0.2797131147540983 0.14177766393442623 0.17008196721311475
16 0.8708376024590163 0.9528688524590163 0.14408299180327874 0.08606557377049186
11 0.7653688070594913 0.6393442581943551 0.2789447629301977 0.17622951639817455
