81 0.6492935273424594 0.37188998638333504 0.059741796604123536 0.0747387085088625
81 0.8987708383466644 0.3728733904426615 0.06306077810852913 0.07473874176215295
81 0.5289801869591549 0.3713982843536715 0.05365698398703699 0.07375530444953533
81 0.5309162637009547 0.5233342115197137 0.05531647833715143 0.07473877501544354
81 0.5317460108760125 0.6708448204187849 0.05808230225400898 0.07080509227155382
5 0.5898283131300215 0.44957890707017895 0.06361395008772426 0.07277190039020816
5 0.9623847933815182 0.44810377604121965 0.06416711756952945 0.07375535432947086
73 0.5928707194385648 0.5956144098802589 0.06306078530435251 0.06982168821222678
73 0.9598955532055649 0.6010231322065581 0.06472027965446742 0.0747387085088625
73 0.8348803121636026 0.44957890707017895 0.05918863182075199 0.07277190039020816
10 0.65316568082606 0.5238259135493779 0.059741796604123536 0.07375530444953533
10 0.9615550475556794 0.5253010196383685 0.06582660922121022 0.0727719003902083
10 0.9612784651639936 0.7337826802157217 0.06084812617086655 0.035402546135777015
10 0.5931473018302507 0.7283739578894225 0.06029496138749515 0.04228637455106707
19 0.5884454011715927 0.3713982843536715 0.06306078530435265 0.07572211256818967
19 0.5320225923682191 0.7288656516057624 0.060848126170866504 0.045236703115566365
19 0.897111350292898 0.44908720504051536 0.06195445573760978 0.07375530444953526
1 0.8348803121636027 0.37188998638333504 0.06029496138749508 0.06883828415289962
1 0.9590658060305077 0.6762535427450842 0.06306078530435272 0.06982168821222685
1 0.5300865165258979 0.4471203969218611 0.055869643120523026 0.07375530444953533
49 0.965703783430966 0.36992317826468074 0.06416711487109567 0.07277190039020823
49 0.6523359278043945 0.45105401315916877 0.0591886201275373 0.07375530444953508
50 0.5934238842219364 0.6678946082408035 0.06195445573760949 0.06883828415289976
50 0.897111350292898 0.5995480261175674 0.05863546703738038 0.07572211256818946
11 0.8661341224240932 0.5233342115197143 0.12058992277499002 0.06883828415289969
71 0.5309162637009552 0.5961061119099225 0.059741796604123466 0.06883828415289962
