81 0.2230404713114754 0.7264344262295082 0.11180840163934419 0.14139344262295084
81 0.2190149944336688 0.9702868852459017 0.1152840872279933 0.05942622950819683
81 0.02478227459016393 0.7264344262295082 0.047259221311475405 0.13319672131147542
81 0.02535860655737705 0.44057377049180324 0.04841188524590164 0.1434426229508196
81 0.22592213114754095 0.44979508196721313 0.11065573770491799 0.14139344262295075
81 0.22361680327868846 0.17110655737704916 0.11065573770491799 0.14549180327868852
81 0.6818007172131146 0.17418032786885246 0.11641905737704918 0.13934426229508196
81 0.9238600980430981 0.16495901639344257 0.12794574212083634 0.14549180737941517
81 0.919249487704918 0.75 0.12564036885245897 0.15163934426229503
81 0.026511270491803275 0.16086065573770492 0.05071721311475409 0.1372950819672131
38 0.1100794057377049 0.1680327868852459 0.11411372950819672 0.15163934426229508
38 0.2241931352459016 0.5901639344262295 0.10950307377049175 0.13114754098360648
38 0.023629610655737706 0.8637295081967212 0.044953893442622954 0.1290983606557377
51 0.9238601434426229 0.3084016393442623 0.13025102459016394 0.13729508196721313
51 0.7936091188524589 0.7438524590163934 0.11872438524590151 0.1393442622950819
51 0.2201588114754098 0.867827868852459 0.11296106557377045 0.12909836065573757
51 0.02535860655737705 0.30020491803278687 0.04841188524590164 0.1331967213114754
51 0.3377305327868852 0.17110655737704916 0.10835040983606553 0.1372950819672131
10 0.7953381147540983 0.889344262295082 0.12218237704918025 0.1434426229508196
10 0.10431608606557376 0.8647540983606556 0.1095030737704918 0.1352459016393442
10 0.10892674180327866 0.5840163934426229 0.11180840163934423 0.1352459016393442
10 0.7970671106557375 0.5963114754098361 0.11872438524590151 0.13524590163934427
64 0.7993724385245901 0.17008196721311475 0.11180840163934434 0.13934426229508196
64 0.9204021516393442 0.6014344262295083 0.12102971311475415 0.13729508196721313
64 0.10835040983606557 0.7090163934426229 0.11757172131147542 0.10245901639344254
73 0.1100794057377049 0.3155737704918033 0.11641905737704918 0.13114754098360656
73 0.7987961065573771 0.3165983606557377 0.11987704918032777 0.13729508196721313
73 0.3377305327868852 0.5922131147540983 0.11296106557377052 0.12704918032786885
5 0.10258709016393443 0.9682377049180327 0.10835040983606557 0.05532786885245912
5 0.336577868852459 0.3135245901639344 0.10604508196721313 0.13524590163934427
20 0.678919057377049 0.31864754098360654 0.11526639344262285 0.13319672131147545
20 0.9209784836065572 0.9057377049180328 0.12679303278688522 0.15163934426229517
20 0.023629610655737703 0.5860655737704918 0.047259221311475405 0.13524590163934427
11 0.7457735655737704 0.4590163934426229 0.38268442622950816 0.1393442622950819
