81 0.253125 0.5488095238095237 0.13392857142857142 0.1642857142857143
81 0.25245535307131634 0.898815627431587 0.12991068985647003 0.16428571428571426
81 0.8397357095268139 0.5678574750270511 0.15000009771697756 0.1785716776988594
10 0.3917410714285714 0.37976190476190474 0.12455357142857146 0.16428571428571426
10 0.10379289209463305 0.05357093031656618 0.13794651000224303 0.10714186063313236
10 0.9611608567896381 0.764292419965737 0.07767828642071965 0.1904766472098142
10 0.11182865523883588 0.7273870144817777 0.13794651000224292 0.16428571428571423
5 0.11183035714285712 0.37857142857142856 0.1352678571428571 0.16190476190476186
12 0.6897356565967844 0.0511847670201785 0.14196432642969306 0.0976179265456073
12 0.2497767857142857 0.05 0.13526785714285716 0.1
58 0.11249999999999999 0.5476190476190476 0.13928571428571426 0.15714285714285714
14 0.8404053768132 0.7488217102930317 0.14866079571652843 0.17381081096791792
14 0.8450892857142855 0.3797619047619048 0.15535714285714292 0.16904761904761906
6 0.25379464285714287 0.7285714285714286 0.13258928571428574 0.16666666666666657
25 0.2524553571428571 0.3738095238095238 0.1299107142857143 0.15714285714285714
11 0.2850066263196468 0.19761904761904756 0.3407010330749926 0.17619047619047612
41 0.9601991733194849 0.5678571428571426 0.07960165336103016 0.17857142857142833
73 0.39107142857142846 0.05119047619047619 0.12857142857142853 0.10238095238095238
10 0.6892172258282243 0.19569271448722403 0.1477335315116609 0.17527491967524747
81 0.8451443668795349 0.19147719043553976 0.1608174124224197 0.18406628039362605
43 0.39194687543523726 0.5581586881730287 0.1367101718482992 0.17271110871192832
31 0.11203467983905256 0.8973534320955876 0.13526789785826432 0.173809855979432
81 0.017771286700347784 0.8969786780797852 0.03245191205628359 0.17307716607757487
81 0.02008928270865676 0.5494505494505494 0.04017856541731352 0.1813192645202481
56 0.0185439515355126 0.37637338337297327 0.0370879030710252 0.18131916731998654
14 0.020500841630048873 0.7286691758795832 0.03523344034091632 0.17380952380952383
56 0.0185439515355126 0.37637338337297327 0.0370879030710252 0.18131916731998654
81 0.8428263708712257 0.918138396818421 0.1500000977169774 0.15934056826717644
73 0.9604223901098901 0.9258241758241758 0.07572115384615387 0.1428571428571429
5 0.9625000195365881 0.37857142857142856 0.07499996092682343 0.17838856998906166
43 0.8485920890721067 0.04651968481890635 0.1660714546202125 0.09303936963781269
