81 0.588370569165605 0.641625140119 0.0704421364327964 0.08316832393083352
10 0.9491848710465703 0.6573984429334684 0.07474394629128796 0.08603619716982777
10 0.659350431830713 0.557500858441835 0.06829123150355094 0.08699215491615916
81 0.8069562826001987 0.3930761260728307 0.062376242948125056 0.0831683239308336
86 0.8755163613354948 0.393554103032977 0.06936668396817368 0.08412428167716499
86 0.5897148847463834 0.47003072465250995 0.06775350527123933 0.08221236618450213
86 0.9943538745607299 0.6607442950456285 0.010216798413917018 0.08508023942349645
5 0.6615013367599587 0.4724206190183386 0.06721577903892793 0.08125640843817081
73 0.9507980497435047 0.4824581753548185 0.07474394629128796 0.08603619716982784
44 0.9518735022081275 0.39498804156549355 0.07259304136204235 0.0831683239308336
44 0.875785240336061 0.4805462598621556 0.06990441020048507 0.0822123661845022
16 0.5897148847463836 0.38447250635584795 0.06882895773586227 0.08699215491615923
16 0.9505291866273489 0.7262274006693307 0.07313076759435376 0.04779788731657092
32 0.6617701998761144 0.3882963373411736 0.06775350527123948 0.08699215491615916
32 0.5870262535848265 0.7185797386986792 0.07097986266510808 0.06691704224319935
11 0.8193239859433615 0.5249982950665667 0.0032263573938683975 0.0009559577463313929
11 0.8919170273054037 0.5665824570319835 0.14841244011795282 0.08412428167716492
