81 0.1665599385245901 0.7786885245901638 0.1371670081967213 0.16393442622950816
81 0.5832479508196721 0.28790983606557374 0.1567622950819672 0.16188524590163933
10 0.8858222336065572 0.8073770491803279 0.14869364754098358 0.16803278688524587
10 0.31064293032786877 0.6086065573770493 0.12794569672131142 0.168032786885246
5 0.3135245901639344 0.4364754098360656 0.13831967213114754 0.15573770491803288
73 0.8858222336065573 0.4641393442622951 0.13947233606557374 0.16188524590163936
44 0.7382812499999999 0.4549180327868852 0.14408299180327874 0.1639344262295082
44 0.8881275614754096 0.29098360655737704 0.14408299180327858 0.1557377049180328
86 0.17232325819672126 0.4344262295081967 0.1371670081967213 0.16803278688524592
86 0.7411629098360655 0.2848360655737705 0.14293032786885249 0.16393442622950818
86 0.9806608606557375 0.8114754098360655 0.03867827868852473 0.168032786885246
32 0.1659924591250028 0.9344262264326514 0.13833737726639914 0.13114754713469667
32 0.3141009221311475 0.2756147540983606 0.13486168032786883 0.17008196721311475
16 0.17405225409836064 0.2674180327868852 0.14062499999999997 0.17418032786885246
16 0.8898565573770492 0.9467213114754098 0.14293032786885235 0.09016393442622955
11 0.7613345286885246 0.6311475409836065 0.33542520491803274 0.19262295081967204
81 0.9829661885245901 0.4590163934426229 0.034067622950819755 0.17213114754098363
