81 0.12739547038327526 0.5348432055749128 0.11759581881533102 0.13240418118466898
81 0.35817726480836226 0.5322299651567944 0.11269599303135887 0.13414634146341456
81 0.8270905923344947 0.5348432055749128 0.1195557491289199 0.14285714285714285
19 0.2440113240418118 0.5374564459930313 0.10779616724738673 0.13414634146341464
19 0.825620644599303 0.6820557491289199 0.11857578397212536 0.14111498257839727
81 0.12935540069686408 0.8179442508710801 0.11759581881533097 0.13414634146341456
10 0.9437064459930299 0.8283971094506469 0.10583623693379779 0.15156773806505622
73 0.9458841463414633 0.951219512195122 0.10823170731707336 0.08710801393728218
73 0.24205139372822296 0.9407665505226481 0.1117160278745644 0.10452961672473862
5 0.24352134146341464 0.676829268292683 0.11269599303135887 0.1306620209059234
5 0.9427264808362368 0.6811846689895471 0.10779616724738673 0.14982578397212543
73 0.0352787456445993 0.6785714285714286 0.0666376306620209 0.1376306620209059
49 0.9441964285714284 0.5331010452961672 0.10485627177700352 0.1358885017421602
71 0.126905487804878 0.9442508710801394 0.11269599303135887 0.10104529616724747
1 0.12788545296167247 0.6803135888501742 0.11465592334494773 0.1411149825783972
1 0.7045949477351915 0.5331010452961672 0.11171602787456436 0.1289198606271777
50 0.8373802280743158 0.9512195858329126 0.10485627177700346 0.09756082833417508
50 0.03331881533101045 0.5217770034843207 0.0666376306620209 0.11324041811846693
10 0.03380879790940766 0.945121951219512 0.06761759581881532 0.09930313588850183
