81 0.2236168032786885 0.17008196721311475 0.10835040983606553 0.13934426229508196
81 0.6812243852459017 0.1721311475409836 0.11526639344262307 0.13524590163934425
81 0.9261654713114754 0.1649590163934426 0.1233350409836065 0.14549180327868852
81 0.9186731557377048 0.75 0.12448770491803288 0.1434426229508196
81 0.22476946721311472 0.45286884835828956 0.10835040983606553 0.1434426229508196
81 0.025358606557377046 0.4415983606557377 0.05071721311475409 0.1454918032786886
81 0.02420594262295082 0.723360655737705 0.04610655737704918 0.13524590163934433
81 0.22246413934426226 0.7264344262295083 0.11296106557377045 0.13729508196721313
81 0.027087602459016393 0.16495901639344265 0.05186987704918033 0.13729508196721313
10 0.7953381147540982 0.6024590163934427 0.11757172131147542 0.13524590163934427
10 0.7959144467213113 0.8883196721311475 0.12102971311475415 0.15368852459016394
10 0.10835040983606557 0.5840163934426229 0.11757172131147542 0.1352459016393442
51 0.33888319672131145 0.17418032786885246 0.11065573770491803 0.14344262295081966
51 0.02708760245901639 0.31045082582322137 0.05417520491803278 0.14139344262295078
51 0.7964907786885245 0.7459016393442621 0.1198770491803279 0.1393442622950819
73 0.11123203562248729 0.3094262284830149 0.11411379760748426 0.13114754713469667
73 0.798796106557377 0.3145491803278688 0.11757172131147542 0.14549180327868855
5 0.10489241803278687 0.9672131147540983 0.11296106557377052 0.06557377049180317
5 0.3377305327868852 0.3135245901639344 0.11296106557377052 0.13114754098360656
38 0.11296106557377047 0.1680327868852459 0.11757172131147542 0.14344262295081966
38 0.9209784836065573 0.3135245901639344 0.1198770491803279 0.13934426229508198
38 0.02305327868852459 0.8647540983606558 0.04610655737704918 0.13114754098360648
38 0.2241931352459016 0.5932377049180327 0.10950307377049175 0.125
54 0.5648053278688524 0.17418032786885246 0.11065573770491795 0.14344262295081966
54 0.22649846311475408 0.3114754098360656 0.11411372950819669 0.13524590163934427
64 0.8016777663934426 0.17008196721311475 0.11641905737704918 0.13524590163934425
64 0.9209784836065572 0.6045081967213115 0.12448770491803274 0.15163934426229508
64 0.10662141393442623 0.7274590163934426 0.11411372950819672 0.13524590163934433
20 0.6783427254098359 0.3145491803278688 0.1141137295081966 0.14139344262295084
20 0.9215548155737704 0.8995901639344263 0.12564036885245897 0.1434426229508196
20 0.023629610655737703 0.5860655737704917 0.047259221311475405 0.13114754098360656
11 0.7428919057377048 0.4631147540983606 0.4045850409836064 0.1434426229508197
