81 0.0421875 0.26785714285714285 0.084375 0.14999999999999997
81 0.271875 0.2761904761904762 0.12321428571428573 0.14761904761904762
81 0.7506696428571428 0.27976190476190477 0.11651785714285723 0.14523809523809525
81 0.9689732142857141 0.275 0.054910714285714306 0.14523809523809522
81 0.9676339285714285 0.5785714285714286 0.06026785714285723 0.1523809523809524
81 0.9669642857142855 0.8761904761904762 0.061607142857142916 0.15238095238095226
81 0.7573660714285714 0.869047619047619 0.10044642857142862 0.1380952380952381
81 0.7486607142857141 0.5785714285714286 0.11785714285714292 0.1523809523809524
81 0.0421875 0.8702380952380951 0.084375 0.14523809523809506
10 0.04151785714285714 0.5666666666666667 0.08303571428571428 0.14761904761904746
10 0.14732142857142855 0.419047619047619 0.12053571428571427 0.14285714285714285
10 0.8712053571428571 0.4285714285714286 0.12455357142857139 0.14761904761904765
10 0.8745535714285714 0.9714285714285714 0.12321428571428569 0.05238095238095241
10 0.1466517857142857 0.9714285714285714 0.121875 0.05238095238095241
52 0.27254464285714286 0.717857142857143 0.1191964285714286 0.1452380952380952
52 0.7486607142857141 0.42619047619047623 0.1151785714285714 0.14285714285714285
42 0.9676339285714286 0.4297619047619048 0.0575892857142857 0.14523809523809525
5 0.8725446428571427 0.7273809523809525 0.121875 0.1452380952380952
5 0.1493303571428571 0.7178571428571427 0.12455357142857139 0.1404761904761905
5 0.6321428571428571 0.4273809523809524 0.10982142857142861 0.14047619047619045
45 0.14665178571428572 0.8678571428571429 0.11919642857142858 0.14047619047619037
45 0.7479910714285714 0.725 0.11651785714285708 0.1357142857142857
70 0.27254464285714286 0.425 0.1191964285714286 0.1404761904761905
70 0.6308035714285714 0.28214285714285714 0.11785714285714284 0.14523809523809522
70 0.8745535714285714 0.8714285714285714 0.12321428571428569 0.13333333333333328
70 0.040178571428571425 0.7214285714285714 0.07767857142857143 0.14285714285714277
33 0.14799107142857143 0.27142857142857146 0.121875 0.14761904761904762
33 0.9689732142857141 0.7273809523809525 0.057589285714285836 0.13095238095238088
40 0.8745535714285714 0.27976190476190477 0.11785714285714277 0.14523809523809525
2 0.04419642857142857 0.41666666666666674 0.08571428571428572 0.14285714285714285
11 0.349553436300025 0.5726188400128552 0.3937497297429076 0.1452376800257097
73 0.39375 0.4238095238095238 0.11785714285714284 0.14285714285714285
