17 0.9354567327729832 0.09935864831584458 0.12908653445403329 0.16904761904761906
81 0.8000789880249273 0.10604381024356441 0.1348145634451893 0.1657142857142857
62 0.6580013756301264 0.11164825444809058 0.13660714285714293 0.17142857142857143
17 0.3790693651262391 0.10650163002241732 0.13526785714285716 0.16904761904761906
81 0.2366208731096212 0.10461523881499298 0.1382142857142857 0.1742857142857143
62 0.08647664033663784 0.09879111159094771 0.14946428571428574 0.1742857142857143
10 0.08684245089025816 0.27289358911158873 0.15103028179117142 0.17252765984910254
10 0.6570694689342673 0.45284182736519396 0.13557697506911176 0.16978035850171933
10 0.9360016552674485 0.2756408904589718 0.1278503217080821 0.16703305715433595
10 0.9376717063023312 0.9449638236336044 0.12465658739533496 0.11007235273279031
62 0.8063564140723798 0.941849675064928 0.14505480536454288 0.1163006498701437
10 0.08107320183111183 0.9491874364408843 0.1590660449353744 0.09688531165522317
81 0.7975759071203948 0.450775208585288 0.1382142857142857 0.1742857142857143
81 0.8022118991370129 0.7969351783555831 0.1382142857142857 0.1742857142857143
81 0.23353021176520927 0.8051770823977329 0.13821428571428573 0.1797803169804811
81 0.519416386123317 0.11285714285714286 0.1382142857142857 0.1742857142857143
82 0.23504463634494668 0.27509142929118346 0.14350961638649173 0.16739936459952853
73 0.37814217583998994 0.2774723816721359 0.1355563357132159 0.16549460269476668
73 0.6593923581814797 0.6236323514424305 0.138646997057628 0.16549460269476654
17 0.23612627794718527 0.6257415846778599 0.13990384915947515 0.17454222174238565
17 0.7993993079662678 0.6202469819830932 0.13526785714285716 0.16904761904761906
5 0.6571978042015547 0.28296698436690243 0.135 0.16
5 0.934817996008309 0.6250060021161223 0.1303640079833817 0.17373650673691643
82 0.8006356623723383 0.27783873063856673 0.14350961638649173 0.16739936459952853
82 0.08437489580486288 0.8094415413572339 0.15123626974752166 0.18113587133644496
5 0.08619812082144226 0.6277533034635056 0.15199863739426583 0.17373650673691657
87 0.9381181348737607 0.8009158724160769 0.12197801596676404 0.17802222102263124
11 0.2731980302454702 0.4535714285714281 0.35360393950905966 0.17857142857142846
