81 0.03456591639871383 0.3215434083601286 0.06913183279742766 0.15434083601286172
33 0.13866559485530547 0.32082886745266165 0.12942122186495178 0.15291175419792785
10 0.20418006430868169 0.07574133619149696 0.1768488745980708 0.15148267238299393
81 0.2745176848874598 0.3244015719899964 0.12942122186495175 0.13719185423365488
70 0.67483922829582 0.31654162200785996 0.11655948553054664 0.15005359056806003
81 0.8062700964630225 0.314397999285459 0.13344051446945332 0.15434083601286155
40 0.9393086816720257 0.31654162200785996 0.12138263665594849 0.15576991782779562
40 0.03617363344051447 0.48517327617006073 0.07234726688102894 0.15005359056806009
10 0.02813504823151126 0.6473740621650589 0.05627009646302252 0.14862450875312605
10 0.14389067524115748 0.4851732761700607 0.130225080385852 0.14433726330832417
5 0.6740353697749196 0.48374419435512683 0.12138263665594856 0.15005359056806
52 0.8066720257234726 0.48160057163272596 0.1294212218649517 0.1486245087531261
10 0.9393086816720257 0.48231511254019305 0.11655948553054672 0.15576991782779573
81 0.8082797427652733 0.6373704894605217 0.1438906752411576 0.120042872454448
81 0.27612540192926044 0.9473026080743122 0.1229903536977492 0.10539478385137542
45 0.8207395498392281 0.8095748481600572 0.10932475884244369 0.15862808145766338
5 0.9397106109324759 0.8131475526973919 0.11575562700964624 0.15434083601286175
81 0.8307877813504823 0.948195784208646 0.09565916398713839 0.1014648088603073
45 0.1422829581993569 0.9508753126116471 0.12861736334405144 0.09824937477670588
