81 0.036977491961414796 0.33654876741693457 0.07395498392282959 0.15576991782779565
33 0.14630225080385853 0.33726330832440155 0.12861736334405144 0.1514826723829939
81 0.28014469453376206 0.33726330832440155 0.12620578778135047 0.1486245087531261
10 0.22387459807073956 0.0993211861379064 0.19855305466237944 0.1986423722758128
2 0.03818327974276527 0.5023222579492677 0.07636655948553055 0.1471954269381922
2 0.40353697749196143 0.3379778492318685 0.10450160771704184 0.14433726330832441
81 0.8118971061093248 0.33226152197213293 0.13344051446945343 0.15576991782779565
40 0.9425241157556264 0.3251161128974631 0.11495176848874608 0.15291175419792752
10 0.15032154340836013 0.5008931761343337 0.12861736334405144 0.14719542693819215
70 0.2809485530546624 0.5008931761343337 0.12299035369774916 0.15005359056806
73 0.4107717041800643 0.4887459807073955 0.12057877813504823 0.1257591997141836
5 0.6728295819935691 0.49374776705966417 0.12218649517684887 0.14433726330832441
52 0.8110932475884245 0.49660593068953207 0.13022508038585215 0.1471954269381923
10 0.9421221864951764 0.4937477670596641 0.11575562700964621 0.1557699178277957
10 0.03657556270096464 0.661664880314398 0.07315112540192928 0.16291532690246513
5 0.1495176848874598 0.8245802072168632 0.1302250803858521 0.15148267238299395
52 0.2656752411575561 0.8231511254019293 0.0908360128617363 0.15434083601286158
11 0.24718649517684887 0.6609503394069312 0.2258842443729904 0.1471954269381922
81 0.8114951768488745 0.6652375848517329 0.14228295819935682 0.13004644515898534
5 0.9441318327974275 0.8267238299392641 0.11173633440514479 0.15862808145766338
81 0.26446945337620575 0.9587352625937835 0.08520900321543405 0.08252947481243296
45 0.8360128617363344 0.8238656663093963 0.09163987138263664 0.15576991782779573
70 0.6957395498392284 0.3344051446945333 0.09083601286173652 0.1543408360128615
