81 0.03536977491961415 0.3115398356555913 0.0707395498392283 0.15148267238299395
10 0.21020900321543418 0.08431582708110036 0.1760450160771706 0.16863165416220072
33 0.1434887459807074 0.3129689174705252 0.12620578778135047 0.15434083601286175
81 0.2765273311897106 0.3108252947481243 0.1270096463022508 0.1386209360485888
70 0.6776527331189712 0.31439799928545903 0.11575562700964644 0.15719899964272946
81 0.8082797427652733 0.3079671311182565 0.13263665594855312 0.15576991782779562
40 0.9405144694533761 0.3051089674883887 0.11897106109324768 0.15291175419792782
2 0.03697749196141479 0.4794569489103251 0.07395498392282958 0.1557699178277956
10 0.14308681672025725 0.4744551625580564 0.1270096463022508 0.14290818149339052
5 0.6812700964630218 0.46945337620578764 0.110128617363344 0.14147909967845704
52 0.8086816720257235 0.4723115398356556 0.13504823151125409 0.1471954269381922
10 0.9405144694533761 0.47088245802072165 0.11897106109324768 0.15005359056806009
10 0.029742765273311888 0.643801357627724 0.059485530546623776 0.15576991782779584
81 0.8167202572347267 0.6330832440157199 0.1559485530546622 0.120042872454448
45 0.8231511254019291 0.8017148981779206 0.10771704180064307 0.16005716327259747
81 0.03657556270096463 0.946052161486245 0.07315112540192927 0.10003572704537333
81 0.2753215434083601 0.9560557341907825 0.12299035369774919 0.08574490889603459
81 0.8283762057877813 0.9446230796713112 0.1020900321543408 0.10575205430510891
5 0.9413183279742765 0.8045730618077885 0.11736334405144704 0.15719899964272954
45 0.14389067524115748 0.9523043944265807 0.12700964630225067 0.09539121114683816
