73 0.5502812603888276 0.28941739497976016 0.05490461859847834 0.06477635810406329
56 0.5101010622326685 0.285868005494606 0.014474853994144254 0.06832574758921747
61 0.6111956322526882 0.28687860645912516 0.05440548570212843 0.07187193793146944
5 0.6690748897200807 0.28853004760847156 0.053906352805778684 0.07010044233179454
85 0.7317160682119809 0.2827622896950961 0.05740028308022729 0.05501553701988936
10 0.79785117697833 0.2849806581233174 0.058897681769276816 0.06832574758921754
51 0.8689776147081768 0.28498065812331747 0.07037773838532217 0.06477635810406329
73 0.9503362768131948 0.282318616009452 0.08036039631231812 0.0612269686189089
81 0.5153419576443414 0.36306722679670883 0.024956644817490173 0.07187513707437163
81 0.6113647125639338 0.3655245823470116 0.06788207390357329 0.07187513707437175
11 0.8930541178498008 0.37065791856435176 0.2121314809486653 0.0771992213021033
10 0.5535256242151013 0.44559053232654294 0.04442282777513249 0.0701004423317945
85 0.6083463336300015 0.4477165424842085 0.0479167580495812 0.06832574758921751
73 0.6674316316502131 0.44879035960481267 0.05141068832403014 0.06566370547535262
5 0.7994814574786056 0.4550720220172358 0.05141068832402982 0.07009673938475848
71 0.8664819502264278 0.46156278500973663 0.06638467521452383 0.07897391604467999
10 0.9453449478496967 0.46245013238102517 0.07037773838532217 0.08252330552983417
81 0.513844558955292 0.5201277115147802 0.020963581646691633 0.07364983181694859
71 0.5556650857512121 0.5207723376139451 0.051410688324029764 0.06388901073277484
81 0.6099786933764999 0.5260605693668738 0.04691729322813323 0.05590288439117801
81 0.8676614825078112 0.5446940697049013 0.06488727652547426 0.0727624844456603
85 0.9448490057057805 0.5564282072726644 0.06791188796978503 0.08415928026077664
56 0.513844558955292 0.5977706065025273 0.02196184743939135 0.06743840021792892
10 0.5555221558005006 0.5999889749307488 0.05340721990942896 0.06300166336148622
81 0.513594992507117 0.6723077856907644 0.02146271454304161 0.06921309496050597
10 0.9491692677744057 0.6500370791833745 0.06388901073277482 0.08518534764369988
