81 0.08159163987138264 0.0735977134690961 0.0940514469453376 0.10718113612004287
56 0.18488745980707397 0.07431225437656305 0.090032154340836 0.12861736334405144
81 0.29180064308681675 0.07859949982136478 0.1045016077170418 0.10575205430510898
61 0.40152733118971057 0.0735977134690961 0.08922829581993569 0.12147195426938191
81 0.5168810289389068 0.07002500893176133 0.10771704180064315 0.09717756341550551
85 0.6426848874598072 0.07288317256162916 0.114951768488746 0.12861736334405147
81 0.7745176848874594 0.058592354412290125 0.1229903536977491 0.11718470882458025
51 0.9192122186495177 0.05930689531975705 0.1358520900321544 0.11289746337977849
61 0.08351751243377997 0.21551300466360124 0.08360128617363337 0.12290103608431593
5 0.18609324758842444 0.21864951768488744 0.09405144694533762 0.11432654519471239
85 0.29501607717041806 0.22579492675955706 0.07073954983922831 0.11146838156484459
73 0.639871382636656 0.22722400857449088 0.10932475884244376 0.120042872454448
13 0.7704983922829582 0.22508038585209 0.12299035369774913 0.12433011789924972
5 0.9107717041800644 0.21864951768488744 0.0964630225080387 0.13433369060378705
81 0.07651786609743301 0.34658578736951895 0.12299035369774908 0.10003572704537327
10 0.293813150265453 0.37104080234636244 0.06993569131832798 0.14147909967845662
11 0.6688102893890675 0.37799214005001786 0.19774919614147918 0.13862093604858877
10 0.9067524115755625 0.38656663093962124 0.10610932475884241 0.1586280814576634
85 0.07355305466237944 0.49231868524473027 0.06832797427652734 0.1157556270096464
73 0.1846506181750051 0.4914401014689333 0.0982240334911558 0.11432654519471237
13 0.29260450160771706 0.5073240443015362 0.09485530546623792 0.1086102179349767
56 0.7613538823626587 0.5405983483690726 0.09887459807073959 0.13576277241872095
73 0.9060001570265402 0.5425487861186516 0.12785518501864956 0.1286173633440515
81 0.07555246280002048 0.6264818270654056 0.09083601286173625 0.12147195426938176
56 0.17804569539037743 0.6397371207663286 0.09163987138263668 0.1271882815291176
81 0.7795778291471676 0.6978608312041159 0.08118971061093246 0.12004287245444817
51 0.9014061984654975 0.7080086374538398 0.13665594855305474 0.15005359056806006
10 0.8987341029571791 0.8812615579959312 0.11093247588424424 0.1714898177920687
61 0.0776693361182923 0.7671664639985128 0.07797427652733113 0.12289121701515318
10 0.17447588550302748 0.7819030535090923 0.07315112540192921 0.13290460878885327
81 0.07950673230307576 0.8972591907003072 0.09324758842443728 0.11432654519471253
51 0.1761292736555841 0.912512089245034 0.07958199356913177 0.105752054305109
