56 0.5122110331126924 0.28381097295207325 0.01905780149699246 0.06695439256086234
73 0.5547943735373411 0.2784774400277619 0.055812132955477656 0.054830234470038874
61 0.614760155453652 0.2854243318089616 0.054450861419978465 0.06695439256086241
5 0.6732948314801288 0.2821976140951852 0.056265890133977765 0.06050095713330947
85 0.7347789291668545 0.281390934666741 0.05944219038347651 0.060500957133309406
10 0.801481234406327 0.2826009538094066 0.06579479088247182 0.06292099541864163
51 0.8731748686092999 0.27937423609563067 0.0703323626674721 0.05485420113420055
81 0.5174292406654405 0.3584288200831551 0.028586702245488597 0.053240842277312336
81 0.6133405516877777 0.3629079290705214 0.0648867496325992 0.06292099541864182
73 0.9543974035607679 0.2757441786676321 0.08213004930846751 0.04920744513509167
10 0.7402240153088525 0.358025480368933 0.03584681710148587 0.06695439256086239
11 0.8924721097070589 0.36494684433331154 0.21326566184026605 0.0774565893492658
51 0.5174292406654405 0.4362733849280132 0.027679187888489096 0.07502118684530373
10 0.5569061151949249 0.43909676292756755 0.04310693195748293 0.0677610719893066
85 0.6118107337934032 0.4443401792124544 0.04855201809948085 0.06856775141775075
5 0.7989855699245788 0.4495835954973411 0.055358375776978185 0.07260114855997131
71 0.8713598398953004 0.454423672068006 0.06942484831047252 0.0677610719893066
10 0.9505404675435193 0.4560370309248942 0.07623120598796973 0.08712137827196564
81 0.5160679691299407 0.5141179497728708 0.026771673531489956 0.07260114855997124
71 0.558670630290413 0.5164555169610118 0.0449219606714822 0.06292099541864166
81 0.8737030003250633 0.5419229010993925 0.062164733454475304 0.08147462227285661
85 0.9513563792203361 0.5476515936098625 0.07123987702447171 0.08873473712885373
56 0.514706697594441 0.5899458160466187 0.02495664481749079 0.06453435427553073
10 0.9506083547383674 0.6407485924306923 0.06987860548897211 0.0895414165572978
5 0.9480448030617704 0.7258712997394542 0.06488727652547453 0.04598072742131521
