81 0.5214924299456435 0.41582772814162927 0.03877561343543917 0.07773456310461568
33 0.5763557978915308 0.415827728141629 0.06517603109361061 0.0762678732347172
81 0.6435943616146862 0.4161944006091039 0.06352600498997482 0.07260114855997138
10 0.6108000928049256 0.2915257616677385 0.08786389001860163 0.08580135738905677
10 0.6545257845512729 0.2922591066026882 0.002062532629544478 0.0007333449349492227
70 0.8426287603657435 0.41399436580425614 0.05981344625679454 0.0755345282997681
81 0.9092485643000358 0.4125276759343578 0.06682605719724649 0.07553452829976798
40 0.9727745692900106 0.41106098606445945 0.054450861419978625 0.0755345282997682
2 0.5223174429974614 0.49906237825836414 0.03877561343543924 0.07553452829976813
10 0.5771808109433482 0.4990623782583639 0.06435101804179272 0.07700121816966667
70 0.6438006148776406 0.4968623434535165 0.063113498464066 0.06966776882017442
5 0.8403599744732447 0.49539565358361815 0.06270099193815697 0.07406783842986975
52 0.9090423110370813 0.4961289985185674 0.06641355067133745 0.07406783842986968
10 0.9727745692900106 0.49612899851856723 0.054450861419978625 0.07553452829976813
10 0.5175736179495078 0.583763718244997 0.0309379894431694 0.07773456310461616
11 0.6167814374306059 0.5778969587654036 0.08332631823360344 0.0733344934949205
81 0.9106923371407168 0.5753302514930815 0.07631370729315179 0.07113445869007286
5 0.578212077258121 0.6614982813496129 0.06476352456770205 0.07626787323471693
45 0.5780058239951668 0.7289660153649399 0.06187597888633924 0.04400069609695222
11 0.9144048958738975 0.7293326878324146 0.05816342015315868 0.04326735116200311
45 0.9148174023998064 0.6600315914797147 0.05816342015315868 0.07480118336481902
5 0.9731870758159196 0.6607649364146638 0.05362584836816083 0.07920125297451414
73 0.6984577295605735 0.4906289115064482 0.03877561343543917 0.0586675947959364
70 0.5217041800643086 0.6630939621293319 0.03858520900321544 0.06859592711682751
