81 0.08239549839228295 0.055019649874955334 0.09405144694533764 0.11003929974991067
56 0.1877009646302251 0.0571632725973562 0.09887459807073952 0.1143265451947124
81 0.2938102893890675 0.06359414076455877 0.09887459807073952 0.11289746337977849
61 0.40434083601286175 0.05716327259735619 0.09967845659163985 0.11146838156484458
81 0.5213022508038585 0.05930689531975705 0.10530546623794222 0.1157556270096463
85 0.6414790996784567 0.058592354412290076 0.10128617363344024 0.11718470882458015
81 0.7769292604501606 0.055734190782422297 0.12299035369774927 0.11146838156484459
51 0.922427652733119 0.052161486245087534 0.13906752411575568 0.10432297249017507
61 0.0860128617363344 0.18863879957127547 0.07717041800643087 0.12290103608431587
5 0.18930868167202572 0.18935334047874242 0.0747588424437299 0.1186137906395141
85 0.2938102893890675 0.20364415862808147 0.07475884244372992 0.1186137906395141
73 0.642282958199357 0.2000714540907467 0.11736334405144688 0.12861736334405144
13 0.7741157556270096 0.20507324044301534 0.1205787781350482 0.13004644515898536
5 0.9212218649517684 0.20364415862808144 0.1093247588424438 0.1386209360485888
81 0.08247680821555142 0.3158470600267406 0.11414790996784566 0.08717399071096821
10 0.295016077170418 0.34226509467667027 0.06752411575562704 0.13290460878885318
10 0.9067524115755625 0.3701321900678814 0.08038585209003216 0.16005716327259734
13 0.2942122186495177 0.4758842443729904 0.09646302250803859 0.08574490889603431
73 0.9308681672025725 0.527331189710611 0.07556270096463005 0.10575205430510895
56 0.07194533762057877 0.9744551625580564 0.09244372990353696 0.051089674883887
10 0.8950964630225043 0.8853161843515543 0.07315112540192915 0.12718828152911774
