16 0.5325400186295157 0.29767990225462865 0.05585723204872609 0.06289616804217785
16 0.5301344416634355 0.22710140913245136 0.002268785892499139 0.0008066794284441414
32 0.5920722965286607 0.30534931369153134 0.05445086141997821 0.06211431599019761
10 0.647203793716389 0.30575265340575347 0.0494595324564803 0.059694277704865184
81 0.7068728626891156 0.3093827108337522 0.05263583270597934 0.05082080399197991
44 0.8164552212968224 0.3093827108337522 0.049459532456480416 0.047594086278203454
5 0.8724942328415501 0.3101893902621963 0.04809826092098092 0.060500957133309434
81 0.9298945159217774 0.3113994094048625 0.05308958988447912 0.056467559991088837
86 0.5328569847344342 0.3698836679670615 0.057627161669477275 0.055660880562644684
5 0.5922991751179105 0.37270704596661597 0.05218207552747945 0.05969427770486505
81 0.6490188224303884 0.37472374453772644 0.0512745611704797 0.058887598276421184
73 0.817362735653822 0.37754712253728073 0.047644503742481144 0.059694277704865295
81 0.8713598398953007 0.378353801965725 0.0512745611704797 0.056467559991088837
10 0.9273988514400284 0.37996716082261317 0.05082080399197991 0.06130763656175354
10 0.870452325538301 0.44450151509814334 0.03493930274448616 0.06614771313241824
10 0.5950217181889098 0.44127479738436676 0.038569360172484794 0.06130763656175354
11 0.6694378954628804 0.4408714576701447 0.0730549057384711 0.07018111027463889
81 0.5344451348591833 0.5062124913741183 0.05535837577697735 0.05566088056264466
16 0.592072296528661 0.5054058119456748 0.051728318348979625 0.057274239419532906
44 0.6503800939658879 0.5070191708025631 0.049459532456480416 0.05404752170575641
86 0.8693179325920515 0.5037924530887865 0.05263583270597905 0.04114065085065043
44 0.9249031869582796 0.5110525679447837 0.050367046813480275 0.058887598276421184
81 0.9253569441367793 0.577200281077202 0.05036704681348013 0.05243416284886813
44 0.8765780474480485 0.5755869222203137 0.03448554556598637 0.05888759827642126
32 0.5333107419129341 0.5723602045065372 0.05036704681348013 0.05566088056264462
44 0.591845417939411 0.5715535250780931 0.04945953245648035 0.054047521705756336
44 0.5337644990914341 0.6401212764958438 0.053997104241478695 0.057274239419532906
5 0.5925260537071608 0.6368945587820672 0.05082080399197991 0.05404752170575648
10 0.5334411544787053 0.7099766783016761 0.05671964731247733 0.0629517810137671
81 0.591845417939411 0.7042522910571517 0.052182075527479416 0.05485420113420062
81 0.8786199547512972 0.640927955924287 0.032216759673487895 0.06211431599019748
10 0.9242225511905298 0.6417346353527321 0.0499132896349802 0.05727423941953283
10 0.8763511688587982 0.7058656499140398 0.03493930274448613 0.061307636561753746
86 0.9249031869582796 0.7082856881993724 0.05308958988447898 0.06453435427553017
