81 0.08721864951768488 0.05287602715255448 0.10048231511254016 0.10289389067524116
56 0.19533762057877815 0.05144694533762058 0.1045016077170418 0.10289389067524116
81 0.30184887459807075 0.04787424080028581 0.1069131832797428 0.09574848160057163
81 0.5393890675241158 0.04787424080028581 0.11254019292604496 0.09574848160057162
85 0.6635852090032154 0.04287245444801715 0.12299035369774906 0.0857449088960343
81 0.8018488745980707 0.03858520900321544 0.13102893890675246 0.07717041800643087
61 0.41680064308681675 0.04858878170775276 0.11495176848874593 0.09717756341550551
61 0.09123794212218649 0.18720971775634154 0.09244372990353696 0.12861736334405147
5 0.19774919614147912 0.18292247231153982 0.09646302250803858 0.12575919971418364
85 0.3034565916398714 0.18863879957127547 0.08118971061093248 0.12290103608431587
51 0.5446141479099679 0.18363701321900677 0.10048231511254023 0.1443372633083244
73 0.665192926045016 0.18220793140407288 0.11977491961414778 0.13290460878885318
13 0.8034565916398708 0.17291889960700244 0.13263665594855295 0.14290818149339052
5 0.9401125401929253 0.160771704180064 0.11012861736334294 0.1529117541979276
81 0.08749948887335274 0.3196850988956126 0.1382636655948552 0.11289746337977853
10 0.30546623794212224 0.33583422650946765 0.07073954983922828 0.13719185423365488
11 0.6712218649517685 0.3401214719542694 0.27491961414791 0.13719185423365488
10 0.9405144694533764 0.3408360128617363 0.11093247588424432 0.15862808145766344
85 0.08480707395498392 0.46302250803858525 0.08440514469453378 0.11146838156484457
73 0.19784636130279865 0.4640231720703883 0.10058215269150363 0.11405034110384275
13 0.3082797427652733 0.4830296534476599 0.1036977491961415 0.12861736334405152
81 0.08681672025723472 0.6095033940693103 0.08842443729903532 0.12433011789924969
56 0.19131832797427656 0.6195069667738478 0.09967845659163987 0.13004644515898534
56 0.8011112431156694 0.5018193993637972 0.11977491961414759 0.14147909967845676
73 0.9385048231511253 0.5108967488388708 0.12299035369774922 0.1300464451589853
51 0.9348874598070738 0.6866738120757412 0.13022508038585195 0.14147909967845623
81 0.7987914872426051 0.6666375684803661 0.12138263665594846 0.14290818149339057
81 0.09163987138263664 0.8817434798142193 0.09163987138263664 0.10289389067524113
61 0.09123794212218646 0.749553411932833 0.08601286173633435 0.1271882815291176
10 0.18725756087576226 0.759188287565073 0.0819935691318328 0.12426346177625984
13 0.7975604717358418 0.826368138156154 0.1213826366559483 0.14719542693819257
10 0.9361822384535193 0.8498020047530295 0.11736334405144701 0.16863165416220094
