81 0.5206674168938253 0.35862682321559125 0.03630057427998578 0.0792012529745143
33 0.5742932652619862 0.36119353048791353 0.06435101804179261 0.07846790803956502
81 0.6411193224592325 0.3619268754228628 0.06105096583452138 0.07406783842986975
70 0.8418037473139256 0.35899349568306577 0.06558853761951926 0.07700121816966658
81 0.9104860838777625 0.3549600985408453 0.06600104414542841 0.07480118336481895
40 0.9744245953936465 0.3534934086709468 0.05115080921270705 0.07920125297451407
2 0.5216986832085979 0.44296149073474994 0.03836310690953035 0.07626787323471738
10 0.5757370381026675 0.44332816320222457 0.062288485412248275 0.06966776882017456
70 0.6429756018258227 0.4436948356696992 0.06311349846406586 0.07480118336481895
5 0.8418037473139262 0.4403947834624277 0.063113498464066 0.07260114855997131
52 0.9106923371407168 0.4400281109949532 0.06723856372315523 0.0733344934949205
10 0.9740120888677367 0.43636138632020705 0.051975822264524935 0.07920125297451393
10 0.519636150579053 0.5261961408514846 0.03671308080589446 0.07553452829976817
11 0.6310129125744639 0.5261961408514848 0.12003939903949806 0.0755345282997682
10 0.8426287603657439 0.5232627611116879 0.045788224375891105 0.07846790803956509
81 0.9121361099813983 0.5217960712417895 0.07837623992269642 0.07260114855997131
5 0.5775933174692577 0.6064974112284227 0.06187597888633924 0.07040111375512367
81 0.5231424560492782 0.6886320439427331 0.04042563953907491 0.07626787323471636
45 0.5722307326324402 0.6886320439427337 0.0528008353163425 0.07480118336481828
45 0.9113110969295803 0.6042973764235751 0.06682605719724634 0.07480118336481886
5 0.9740120888677376 0.6064974112284227 0.05197582226452496 0.07920125297451414
81 0.9136222380002341 0.6867621889916538 0.06644205185676237 0.07910393896410635
70 0.9746308486565971 0.689732061345157 0.05073830268679798 0.07993459790946314
70 0.5217041800643086 0.6095033940693105 0.03858520900321544 0.06716684530189354
