56 0.5122110331126926 0.2819556102666519 0.019057801496992467 0.062114315990197684
73 0.5561598799638153 0.2827537463078831 0.05401143508847399 0.06208698662233965
61 0.6170289413461509 0.28437564855198416 0.05445086141997838 0.0637276748470859
5 0.6755636173726272 0.2811489308382077 0.05989594756197629 0.060500957133309344
85 0.7370477150593527 0.2815522705524297 0.057627161669477234 0.05808091884797719
10 0.8028425059418276 0.28235894998087396 0.06397976216847467 0.06130763656175354
51 0.8761242902695487 0.2799389116955416 0.07078611984597188 0.056467559991088837
73 0.9564393108640169 0.2750988351248768 0.08076877777296815 0.048400765706647524
81 0.51879051220094 0.3553634382550674 0.03221675967348723 0.06695439256086246
81 0.622563688248905 0.355916809568805 0.08076877777296794 0.05401412243491273
10 0.7399971367196025 0.36181687368262033 0.04537571784998193 0.07340782798841537
11 0.8928760793678546 0.3581625817024434 0.2132664524208592 0.08308678122407918
51 0.5181098764331903 0.43361134281414754 0.029947973780988093 0.07018111027463902
10 0.5596410579447888 0.437254430199381 0.04219941760048331 0.07098722422402375
85 0.6113569766149034 0.4392580988132565 0.04129190324348365 0.06856775141775068
5 0.802842505941827 0.44772823281191954 0.057627161669478 0.0742145074168598
71 0.8740823829662995 0.4497449313830302 0.06942484831047252 0.07018111027463896
10 0.9537167677930182 0.45377832852525074 0.07532369163097044 0.08954141655729791
81 0.5174292406654398 0.510649228230561 0.027679187888489047 0.0677610719893067
71 0.5618974441584229 0.5146826253727822 0.0512745611704797 0.0645343542755301
81 0.874557068321364 0.5374008605076681 0.0680635767749728 0.0758278662737476
85 0.9537832169100304 0.5450126346435656 0.06715606241797333 0.08470133998663315
56 0.5177788441368317 0.5841514277284623 0.028586702245488836 0.06211431599019772
10 0.9510782708246798 0.6396727543725155 0.06564848457208816 0.08810292092817139
5 0.9489523174187695 0.7232092576255884 0.061257219097476306 0.05082080399197944
