56 0.5110993280253683 0.2836496370663846 0.019466182957642353 0.06211431599019766
73 0.5526356440890714 0.28381174109351803 0.057029683418172133 0.06122745395573542
61 0.6131720053289027 0.2871990265515387 0.05091155542768007 0.07098778970308312
5 0.6723192535463549 0.287642700237183 0.059396814665626935 0.07010044233179451
85 0.7334630333492054 0.285868005494606 0.05590288439117785 0.06655105284664038
10 0.79934857566738 0.28586800549460606 0.06189247914737565 0.06832574758921756
51 0.8712237127417509 0.28187494232380755 0.0708768712816719 0.05856492650504354
73 0.9525823748467687 0.27921290020994194 0.08185779500136775 0.05501553701988936
81 0.5153419576443413 0.3577431425689776 0.025954910610189758 0.06122696861890915
81 0.609789467033559 0.3606045809073549 0.07037773838532226 0.062114315990197795
11 0.8909637051069181 0.3659361540101426 0.2171228099121643 0.08429800027241142
51 0.5150923911961665 0.4380480796705903 0.024457511921140308 0.07453717918823717
10 0.5564582037297694 0.43985811060876273 0.04492196067148235 0.0718756188774504
85 0.6120765607648861 0.44321877686090516 0.04841589094593082 0.07010044233179458
5 0.7998477085637292 0.4531329849824956 0.04991328963498019 0.07808656867339143
71 0.8687893619554831 0.4535775346421667 0.06788207390357331 0.07988700525500057
10 0.9490931946056937 0.4602698811741907 0.07287340286707121 0.08784738975756526
81 0.5148062609890955 0.5167946931062665 0.02246098033574107 0.06566370547535186
71 0.5591374649839629 0.5184844229042532 0.05041325430916496 0.06639743400470935
81 0.6099276415026291 0.5232334273142901 0.04442282777513236 0.06388901073277474
81 0.8691366420710958 0.5392333032164163 0.06688380811087377 0.06921309496050618
85 0.9492520675547743 0.5494981735914333 0.0709058601378592 0.07983005947636332
56 0.5135949925071173 0.5902281538465748 0.020464448750341705 0.06477635810406339
10 0.5574863465921718 0.5949664112527014 0.04741762515323128 0.07102667144870257
10 0.9499103890690632 0.6448233025682706 0.05939681466562686 0.08603589369392027
5 0.9455945142978714 0.725548627968077 0.05989594756197633 0.047916758049581086
