16 0.13062700964630225 0.28367274026437994 0.11173633440514476 0.12433011789924965
32 0.24638263665594856 0.28653090389424796 0.10691318327974277 0.12147195426938197
5 0.24718649517684887 0.42443729903536975 0.10691318327974272 0.12575919971418364
86 0.13102893890675243 0.4222936763129688 0.11093247588424444 0.12433011789924969
81 0.35972668810289393 0.42443729903536975 0.1020900321543408 0.11718470882458021
10 0.3545016077170419 0.29153269024651673 0.08681672025723473 0.12575919971418376
44 0.7017684887459807 0.2965344765987853 0.10771704180064305 0.12433011789924976
5 0.8191318327974275 0.29581993569131837 0.10932475884244369 0.12575919971418364
81 0.9417202572347267 0.2965344765987853 0.11655948553054657 0.12147195426938197
73 0.7009646302250804 0.43586995355484104 0.10610932475884241 0.12004287245444807
44 0.6016881028938905 0.42229367631296894 0.07636655948553044 0.10718113612004282
81 0.8179260450160772 0.43158270811003924 0.10852090032154338 0.12575919971418345
10 0.9385048231511247 0.43301178992497336 0.11495176848874605 0.1257591997141837
10 0.24557877813504825 0.5551982851018221 0.0795819935691318 0.13004644515898542
81 0.12942122186495175 0.6952483029653448 0.10932475884244372 0.12433011789924976
16 0.2383440514469454 0.6923901393354768 0.09083601286173637 0.1157556270096463
32 0.12700964630225076 0.8302965344765988 0.1093247588424437 0.120042872454448
44 0.125 0.9539121114683816 0.11012861736334408 0.08717399071096821
44 0.22668810289389063 0.8302965344765988 0.06913183279742764 0.120042872454448
44 0.8174983778924841 0.8411140434805404 0.11255702221907277 0.13147583380021624
81 0.940633505684806 0.8424378389375492 0.11893707942816897 0.13290460878885313
44 0.9381028938906752 0.7095391211146839 0.11897106109324752 0.1157556270096464
10 0.8155144694533761 0.5659163987138264 0.06832797427652736 0.12861736334405152
86 0.8166584610379952 0.7045715273887124 0.1093247588424438 0.11861379063951405
81 0.8183279742765274 0.9601643444087173 0.11254019292604511 0.07967131118256518
10 0.9356913183279744 0.9637370489460523 0.11093247588424432 0.07252590210789563
5 0.22508038585209003 0.952304394426581 0.06752411575562704 0.09539121114683809
