33 0.11053054662379422 0.23651304037156123 0.1310289389067524 0.15576991782779567
81 0.2459807073954984 0.2386566630939621 0.12861736334405147 0.15148267238299393
33 0.647508038585209 0.22722400857449088 0.1294212218649517 0.14862450875312613
81 0.7861736334405145 0.22865309038942477 0.13183279742765264 0.15434083601286172
40 0.930064308681672 0.22007859949982142 0.139871382636656 0.15719899964272957
10 0.11254019292604504 0.40371561271882817 0.12861736334405147 0.15005359056806
70 0.24959807073954984 0.40228653090389427 0.1294212218649518 0.13862093604858877
11 0.2098437256156874 0.5666369881401712 0.27813504823151114 0.14005001786352267
10 0.6450964630225081 0.5616291532690246 0.10530546623794222 0.1486245087531261
5 0.645096463022508 0.39442658092175775 0.11816720257234721 0.1486245087531261
52 0.7837620578778132 0.38942479456948903 0.12700964630225073 0.15005359056805997
10 0.9260450160771704 0.3865666309396213 0.1318327974276528 0.15005359056806
81 0.7909967845659165 0.5566273669167561 0.1559485530546624 0.14433726330832436
5 0.11466087248383473 0.734212054989827 0.12781350482315107 0.13576277241872103
45 0.10241443630766531 0.8911875310695997 0.10378804573551931 0.13579126874265174
81 0.7877813504823152 0.8860307252590212 0.13183279742765272 0.1571989996427296
45 0.7853697749196142 0.7231153983565559 0.13022508038585215 0.14862450875312622
5 0.9288585209003215 0.7252590210789569 0.1374598070739549 0.1557699178277956
70 0.9308681672025725 0.8938906752411576 0.1382636655948552 0.15005359056806014
