81 0.6053054662379421 0.3844230082172204 0.06752411575562696 0.07145409074669523
5 0.6638648656780464 0.3005741698739448 0.05599160027217474 0.0680541926731823
61 0.6069131832797428 0.30367988567345483 0.05144694533762049 0.0700250089317614
51 0.8634871528483297 0.28773143497431186 0.07037773838532348 0.06655105284664048
73 0.546787330114379 0.3005092371208669 0.05690115018387765 0.07098778970308313
10 0.7936085473593566 0.2911920897223375 0.06139334625102589 0.07897391604468045
73 0.9460936471942213 0.2832059633807406 0.07986126341596841 0.06300166336148671
10 0.5512341504636771 0.4641199587979044 0.04446820349298257 0.07018111027463902
85 0.6068194048299044 0.4645232985121257 0.05127456117047876 0.06614771313241812
73 0.6687572596951307 0.46331327936946026 0.06080346191897583 0.0605009571333094
71 0.8638728464500535 0.46331327936946026 0.06806357677497317 0.07986126341596851
10 0.9425997169197722 0.46613665736901455 0.07486993445247034 0.08550801941507728
11 0.8976965806125123 0.3808176977328844 0.20007776304508307 0.08309560397094529
71 0.5550910864809255 0.5411578442143185 0.05127456117047963 0.06453435427553003
81 0.6079537977761548 0.5427712030712066 0.04809826092098092 0.0645343542755301
56 0.6567326944648855 0.5371244470720977 0.038569360172484794 0.05324084227731227
81 0.8693179325920514 0.5544680547836464 0.056265890133977765 0.08147462227285679
85 0.9421459597412727 0.5568880930689788 0.0712398770244718 0.0863146988435215
56 0.513572304648192 0.6133556530600677 0.02087283021099168 0.06695439256086261
10 0.5546373293024258 0.616582370773844 0.05308958988447912 0.07179446913152716
61 0.6095419479009041 0.6194057487733986 0.04310693195748307 0.06614771313241824
10 0.9401040524380235 0.653689624482274 0.07078611984597216 0.09276813427107448
81 0.5140260618266919 0.6891835193338153 0.021780344567991394 0.07340782798841544
5 0.5496460003389231 0.6916035576191429 0.04219941760049251 0.0653410337039836
5 0.9480448030617674 0.7283074716133504 0.05308958988447947 0.04033397142220608
81 0.512891668880442 0.5343010690725429 0.019511558675492417 0.06372767484708587
81 0.5120578778135048 0.3851375491246874 0.019292604501607684 0.05001786352268667
85 0.7295382440716341 0.2866106620035326 0.055986973310225494 0.05669697155374348
