81 0.633281698466963 0.3479933216588279 0.05775091362724993 0.07113445869007293
80 0.632869191941054 0.42206116008869754 0.05775091362724986 0.06966776882017456
74 0.6860825337833057 0.34872666659377705 0.04207566564271062 0.07113445869007283
34 0.8250972330146144 0.35239339126852315 0.05115080921270689 0.07113445869007286
81 0.8867669586379993 0.35386008113842154 0.06146347236043041 0.07260114855997124
48 0.9562330576010442 0.351586711840077 0.06674355589206345 0.07421450741685631
5 0.8250972330146144 0.4293946094381896 0.050325796160889384 0.07260114855997124
74 0.8857356923232268 0.4315946442430373 0.06187597888633917 0.07260114855997131
81 0.953943646382268 0.43159464424303723 0.0657947908824741 0.06937443084619481
11 0.8772613815126564 0.5045289724964126 0.158361255296437 0.07421485024704942
10 0.6932601473341211 0.5001623956607879 0.043560689135982926 0.07098778970308302
5 0.9525622498635833 0.5876181419575776 0.0667203657909914 0.07169085252288375
80 0.9509338339552882 0.6650881751534841 0.06715606241797341 0.0734440052418938
81 0.8942745774095415 0.6619016210638351 0.037208088636985506 0.07018111027463896
18 0.8838117776603486 0.5805430224446078 0.06352478715615695 0.0701825536332389
81 0.9508121362247948 0.7300536292327087 0.06851837947708017 0.040304219940295045
10 0.8053381704235764 0.2795355719813195 0.0698786054889726 0.05727423941953286
