19 0.5295363072008678 0.41072764745766444 0.054038354894069565 0.06673438908037768
81 0.5872872208281177 0.4136610271974611 0.05816342015315892 0.06820107895027597
71 0.6468944138219577 0.4169610794047327 0.05610088752361413 0.06600104414542848
81 0.6722635651653566 0.29302578539831686 0.08043877255224081 0.0953348415433966
81 0.8129074089349939 0.41718986976043526 0.052388328790433994 0.06453435427553014
49 0.8673791519202796 0.42099447654695304 0.05238832879043375 0.06380100934058076
81 0.923468160554558 0.42157826307121615 0.05362584836816074 0.06306766440563182
50 0.9775183943379634 0.42356118381927543 0.044963211324073174 0.06306766440563173
5 0.5297425604638222 0.48259545108268626 0.05527587447179625 0.0667343890803774
49 0.5870809675651631 0.4833287960176357 0.0561008875236142 0.06526769921047922
10 0.6466881605590032 0.4833287960176357 0.05568838099770538 0.06233431947068247
19 0.8167625253409867 0.4846423653274759 0.04328806910674819 0.06013428466583492
5 0.8663478856055074 0.48882888302975475 0.05115080921270689 0.0630676644056316
71 0.9224218082027152 0.48955187498746283 0.051563315738615924 0.06306766440563168
10 0.9762808747602365 0.49249560770450074 0.04743825047952663 0.06306766440563166
10 0.5858434479874364 0.5537299097727594 0.04537571784998207 0.06233431947068247
10 0.8665167041534931 0.5560060204222053 0.03630057427998551 0.06306766440563175
81 0.9246701925204323 0.5569602112547011 0.0651760310936106 0.059400939730885734
73 0.5291238006749588 0.6219309887230355 0.05403835489406952 0.0667343890803776
1 0.5798621033617569 0.6211976437880863 0.040838146064983885 0.06380100934058085
1 0.5586180172774471 0.6505314411860544 0.0016500261036357245 0.0007333449349492582
73 0.8708420718231282 0.6224173359821846 0.0400027170256785 0.06086762960078414
19 0.9209718546980238 0.6237342195792985 0.052800835316342755 0.06306766440563157
5 0.9754303982416502 0.6257668782774298 0.049087895162421076 0.06306766440563195
50 0.5291238006749588 0.6926987749456337 0.05238832879043386 0.06453435427553017
81 0.9199541321726289 0.6919555985253212 0.053213341842251655 0.06600104414542857
49 0.9750059473752347 0.69388258801325 0.04948734224269947 0.06380100934058094
