81 0.6334405144694535 0.26580921757770637 0.08520900321543401 0.08574490889603431
81 0.26085209003215415 0.25866380850303666 0.05546623794212198 0.06859592711682727
83 0.7254823151125401 0.2650946766702394 0.0844051446945339 0.08431582708110036
10 0.8167202572347267 0.2629510539478385 0.08038585209003216 0.09717756341550554
73 0.914389067524116 0.2615219721329046 0.08762057877813521 0.09431939978563776
10 0.912379421221865 0.3694176491604145 0.090032154340836 0.09574848160057164
71 0.8191318327974274 0.37084673097534837 0.08681672025723469 0.10146480886030732
81 0.7262861736334406 0.3658449446230797 0.08279742765273326 0.08574490889603431
10 0.819935691318328 0.4758842443729904 0.054662379421221916 0.10575205430510898
81 0.9143890675241159 0.5837799214005002 0.08922829581993583 0.09860664523043951
71 0.9168006430868166 0.6945337620578778 0.08922829581993583 0.08860307252590204
10 0.9176045016077171 0.8060021436227225 0.08762057877813519 0.10289389067524113
28 0.9188102893890675 0.9167559842801001 0.09163987138263664 0.0928903179707038
81 0.822347266881029 0.9110396570203645 0.08681672025723458 0.09860664523043937
83 0.8207395498392281 0.8081457663451233 0.07877813504823152 0.07288317256162927
10 0.5160771704180064 0.10503751339764202 0.12540192926045013 0.21007502679528403
