81 0.5872872208281169 0.41326102086930705 0.058163420153158715 0.06526769921047906
19 0.5291238006749579 0.4103276411295102 0.05403835489406936 0.06820107895027586
81 0.8127014999366395 0.4192523269912063 0.05197582226452512 0.06453435427553002
10 0.6730885782171745 0.28602567465562 0.08126378560405875 0.08213463271431098
49 0.868176811428862 0.41952419382044404 0.05196187915165885 0.06306842691666305
81 0.9242870063274468 0.42068550889883505 0.054038354894069565 0.06453451845876546
50 0.9773121410750089 0.4224278325561721 0.0453757178499821 0.0660010441454284
5 0.530155066989731 0.48182877228705784 0.05445086141997848 0.06600104414542855
49 0.5874934740910718 0.48329546215695546 0.05775091362725017 0.06600104414542846
5 0.8663478856055074 0.48916222163654993 0.051975822264524824 0.0645343542755301
71 0.9222425198661653 0.4895288941040242 0.05321334184225161 0.06380100934058136
10 0.9760746214972821 0.49099558397392296 0.046200730901800144 0.06380100934058078
81 0.9217680571081195 0.5563120805954997 0.06311349846406591 0.05720090492603798
10 0.8677916584461888 0.5562632831844019 0.030937989443169653 0.05206749038139354
81 0.8154033296557546 0.6897320613451575 0.040013133013165995 0.0623343194706824
1 0.8642853529759625 0.6904654062801066 0.05032579616088924 0.06380100934058092
81 0.9202955683401487 0.689913857630085 0.05364450718550328 0.062275935071711676
19 0.920980108996867 0.6238055715105599 0.05403835489406958 0.06306766440563152
5 0.9750157407294163 0.6249339509604988 0.04950120295119825 0.06453435427553007
49 0.9746145799333508 0.6935645534754533 0.05073821130298526 0.06600104414542826
