81 0.06430868167202572 0.08074312254376563 0.12861736334405144 0.15576991782779565
66 0.20860128617363344 0.08931761343336904 0.1487138263665595 0.14719542693819218
81 0.36173633440514463 0.08145766345123259 0.14790996784565913 0.16005716327259736
81 0.6651929260450161 0.08360128617363342 0.14871382636655944 0.16720257234726685
66 0.8211414790996785 0.08145766345123258 0.1519292604501608 0.16291532690246516
81 0.951768488745981 0.07931404072883172 0.09646302250803863 0.15862808145766344
45 0.06511254019292605 0.2572347266881029 0.1302250803858521 0.1772061450518042
10 0.2090032154340836 0.26080743122543765 0.14790996784565916 0.17577706323687037
23 0.3476688102893891 0.2622365130403716 0.11977491961414792 0.17006073597713475
10 0.06189710610932476 0.4444444444444444 0.12379421221864952 0.18292247231153985
11 0.30265273311897106 0.450875312611647 0.20980707395498396 0.1757770632368703
46 0.06712218649517686 0.632368703108253 0.13102893890675243 0.17291889960700246
5 0.21221864951768488 0.6330832440157199 0.14951768488745984 0.17434798142193642
81 0.0655144694533762 0.8195784208645945 0.1310289389067524 0.17863522686673805
73 0.8171221864951768 0.6395141121829225 0.1535369774919613 0.18149339049660596
45 0.6655948553054662 0.2643801357627724 0.139871382636656 0.17434798142193642
5 0.8191318327974276 0.2622365130403716 0.15434083601286175 0.1757770632368703
23 0.9513665594855305 0.26080743122543765 0.09726688102893888 0.18149339049660593
10 0.8163183279742765 0.45016077170418006 0.12299035369774926 0.18292247231153982
81 0.947749196141479 0.45158985351911396 0.10450160771704177 0.16863165416220077
66 0.9497588424437299 0.6438013576277243 0.1004823151125403 0.18149339049660596
81 0.9501607717041799 0.8331546981064666 0.09967845659164 0.18292247231153996
23 0.8384244372990353 0.8331546981064665 0.11254019292604502 0.16863165416220022
