10 0.34003215434083617 0.11075384065737762 0.17684887459807047 0.22150768131475523
19 0.05184887459807074 0.360128617363344 0.10369774919614148 0.12861736334405144
81 0.1692122186495177 0.3665594855305466 0.10852090032154338 0.12147195426938197
71 0.28336012861736337 0.3679885673454805 0.10209003215434084 0.12147195426938197
5 0.05265273311897105 0.49874955341193256 0.10369774919614146 0.11718470882458004
49 0.17041800643086816 0.5058949624866018 0.10932475884244373 0.11718470882458011
81 0.2821543408360129 0.5023222579492677 0.09967845659163987 0.12433011789924969
49 0.7198553054662379 0.37942122186495175 0.09887459807073952 0.12433011789924976
81 0.8340032154340836 0.3822793854948195 0.10369774919614164 0.12433011789924969
50 0.9481511254019298 0.38585209003215426 0.10209003215434084 0.12004287245444767
10 0.9453376205787782 0.5209003215434084 0.09967845659163985 0.1271882815291175
71 0.8315916398713827 0.5144694533762058 0.10209003215434066 0.12290103608431587
5 0.7315112540192925 0.5094676670239372 0.07556270096463023 0.1186137906395141
81 0.8331993569131834 0.6509467667023938 0.11977491961414785 0.12147195426938183
5 0.940514469453376 0.7902822436584493 0.10450160771704263 0.12004287245444802
49 0.942926045016077 0.9260450160771713 0.11093247588424453 0.12004287245444793
10 0.170016077170418 0.6402286530903895 0.11655948553054664 0.1257591997141836
73 0.05184887459807074 0.7717041800643087 0.10369774919614148 0.10003572704537347
1 0.170016077170418 0.7781350482315114 0.11012861736334406 0.11003929974991067
50 0.05104501607717042 0.9210432297249018 0.10209003215434084 0.11861379063951404
81 0.1692122186495177 0.9160414433726332 0.11012861736334405 0.120042872454448
81 0.3762057877813505 0.37513397642015006 0.06109324758842447 0.12433011789924976
