81 0.5282987876231403 0.36852697983740496 0.05403835489407018 0.062334319470682326
55 0.5254112419417782 0.297025848679858 0.04661323742770887 0.06306766440563162
5 0.5802746098876655 0.300692573354604 0.056513394049523186 0.06746773401532677
78 0.6380255235149156 0.3028926081594518 0.05486336794588738 0.06600104414542844
10 0.6945389175644388 0.30399262556187556 0.05321334184225179 0.06526769921047922
10 0.6400880561444603 0.3758604291868977 0.04826326353134462 0.06233431947068247
10 0.9185299611329844 0.3751270842519459 0.04331318522043211 0.06673438908037706
81 0.9735995823418285 0.3714603595772024 0.0528008353163429 0.06380100934058092
11 0.8298410580625644 0.37586042918689516 0.07878874644860251 0.062334319470682076
73 0.8065344393487129 0.30802602270409596 0.052800835316343046 0.0660010441454283
36 0.862841580135281 0.30509264296429933 0.05321334184225177 0.06453435427553007
5 0.9205924937625309 0.30399262556187534 0.054038354894069114 0.06526769921047916
59 0.9768996345490999 0.3003259008871295 0.046200730901800144 0.06673438908037767
80 0.5270612680454136 0.43892809359252893 0.049913289634980235 0.06380100934058075
73 0.5825433957801649 0.4407614559299023 0.05527587447179641 0.06453435427553003
60 0.6392630430926424 0.44259481826727537 0.053213341842251724 0.0623343194706824
81 0.5280925343601863 0.50749584501028 0.0511508092127071 0.06306766440563166
24 0.5831621555690282 0.5089625348801783 0.05486336794588738 0.06306766440563166
81 0.6394692963555968 0.5104292247500768 0.052800835316342824 0.06306766440563166
5 0.6945389175644388 0.4436948356696992 0.051563315738615924 0.06453435427552996
10 0.8069469458746217 0.4433281632022246 0.04702574395361779 0.06380100934058085
78 0.8613978072946001 0.44406150813717377 0.052800835316342616 0.06233431947068247
73 0.9183237078700311 0.44442818060464845 0.05445086141997851 0.06306766440563193
68 0.9744245953936465 0.4433281632022246 0.05115080921270718 0.06380100934058085
81 0.8599540344539187 0.5118959146199752 0.054038354894069586 0.06453435427553003
55 0.9170861882923055 0.512995932022399 0.05527587447179641 0.06233431947068247
81 0.9738058356047817 0.5137292769573474 0.052388328790435666 0.06380100934058083
10 0.9162611752404873 0.5811970109726751 0.05362584836816055 0.06233431947068247
80 0.973805835604783 0.5815636834401497 0.052388328790434 0.06160097453573307
59 0.5282987876231409 0.5764302688955053 0.05156331573861607 0.06160097453573322
10 0.5839871686208458 0.5775302862979289 0.0540383548940697 0.06233431947068243
37 0.6400880561444602 0.5767969413629799 0.05403835489406952 0.05940093973088565
81 0.5287112941490494 0.6460980377156799 0.05238832879043385 0.06600104414542891
78 0.5839871686208461 0.6460980377156799 0.05486336794588745 0.06306766440563173
81 0.6390567898296877 0.6457313652482057 0.04950078310907141 0.06086762960078433
36 0.5280925343601851 0.7139324441984808 0.05197582226452477 0.06526769921047897
5 0.5837809153578916 0.7124657543285828 0.05445086141997848 0.0652676992104793
59 0.6357567376224164 0.7139324441984811 0.0437256917463465 0.06380100934058074
36 0.9164674285034404 0.6493980899229509 0.05486336794588718 0.06233431947068221
81 0.9731870758159196 0.6508647797928496 0.05362584836816083 0.06380100934058106
5 0.9170861882923039 0.7172324964057522 0.051975822264524574 0.06160097453573234
24 0.9731870758159196 0.718699186275651 0.05362584836816065 0.06306766440563151
