81 0.27813504823151125 0.2515183994283674 0.08360128617363342 0.08860307252590217
83 0.35530546623794207 0.2515183994283673 0.05787781350482312 0.08288674526616649
28 0.2769292604501608 0.35869953554841016 0.08440514469453372 0.0886030725259021
81 0.36374598070739544 0.3629867809932119 0.0779742765273312 0.0886030725259021
83 0.7282958199356915 0.2500893176134334 0.07877813504823152 0.08574490889603431
81 0.6442926045016076 0.2500893176134334 0.06189710610932472 0.09717756341550558
10 0.8203376205787781 0.24866023579849944 0.08762057877813505 0.09717756341550551
73 0.9163987138263665 0.24222936763129688 0.08520900321543422 0.09860664523043948
10 0.9155948553054662 0.3522686673812076 0.090032154340836 0.09860664523043944
71 0.8207395498392281 0.3544122901036084 0.08681672025723472 0.09431939978563776
81 0.7262861736334405 0.3551268310110754 0.08922829581993569 0.09289031797070381
28 0.9200160771704179 0.9053233297606289 0.09244372990353711 0.0814576634512325
10 0.8191318327974276 0.4608788853161843 0.06752411575562704 0.09289031797070373
10 0.364951768488746 0.45158985351911396 0.04501607717041807 0.08002858163629867
