81 0.6424393433421411 0.3932773713919413 0.03902311735098443 0.04598072742131521
83 0.6812355821038735 0.3900506536781645 0.03040173095948685 0.0363005742799865
28 0.6431199791098909 0.4465182136692536 0.040384388886483935 0.03952729199376208
81 0.6871344254243735 0.44893825195458603 0.039476874529484576 0.04275400970753871
81 0.8187240071893214 0.3965040891057178 0.02949421660248845 0.04275400970753871
83 0.8579740031295552 0.39771410824838377 0.03993063170798419 0.0484007657066474
51 0.9022153280332887 0.39610074939149564 0.04038438888648403 0.04678740684975927
73 0.9480448030617704 0.3956974096772737 0.04310693195748314 0.04759408627820342
10 0.9478179244725206 0.4485349122403639 0.043560689135982926 0.05001412456353584
71 0.9026690852117883 0.4485349122403639 0.04129190324348357 0.04678740684975921
81 0.8579740031295561 0.44772823281191976 0.040838146064983934 0.046787406849759135
83 0.6438006148776405 0.5457397833678812 0.041745660421983286 0.04114065085065043
5 0.8579740031295561 0.5477564819389913 0.036300574279985794 0.04678740684975928
8 0.9022153280332884 0.551789879081212 0.04129190324348357 0.04678740684975935
81 0.9482716816510194 0.5501765202243235 0.04265317477898332 0.048400765706647156
71 0.9487254388295202 0.6022073433589697 0.043560689135982926 0.044367368564426926
10 0.9026690852117883 0.6018040036447477 0.04310693195748314 0.045174047992870926
10 0.9489523174187685 0.65706154449317 0.04310693195748295 0.047594086278203364
28 0.9496329531865197 0.7107057264847048 0.044468203492982354 0.04678740684975935
10 0.903122842390288 0.500969075089232 0.026771673531489314 0.04840076570664756
10 0.6855462752996238 0.4965323382327893 0.026317916352989655 0.042754009707538565
