81 0.6418693343245216 0.39816078198148935 0.04125065259089276 0.045334050524132724
28 0.6418693343245216 0.4484949116075485 0.04050064072560389 0.04333401888336219
83 0.6851825195449591 0.39882745919507956 0.039375622927670405 0.0440006960969523
83 0.8548727040665863 0.3968274275543091 0.04050064072560375 0.0440006960969523
10 0.8981858892870237 0.3951607345203335 0.039375622927670405 0.04333401888336212
73 0.9446866249349393 0.39549407312712864 0.040125634792959206 0.04133398724259152
10 0.9444991219686169 0.4464948799667779 0.04200066445618175 0.04866743659208353
71 0.8996859130176017 0.44682821857357297 0.04162565852353722 0.04533405052413265
81 0.8548727040665863 0.45016160464152394 0.041250652590892826 0.04533405052413265
8 0.8996859130176016 0.5481631550392814 0.040875646658248284 0.04400069609695237
10 0.8985608952196682 0.49716234819963206 0.02437538562189104 0.050000791019263954
81 0.9443116190022949 0.5478298164324863 0.04162565852353751 0.044667373310542546
71 0.9452491338339059 0.601497332126496 0.04500071191733715 0.04533405052413262
10 0.9000609189502461 0.5994973004857258 0.03862561106238161 0.04533405052413265
10 0.946374151631839 0.6531648161797358 0.042000664456181766 0.04733408216490325
28 0.9469366605308059 0.7064989932669506 0.04237567038882631 0.048667436592083675
