19 0.529680684484935 0.4114276585319335 0.05399710424147864 0.06453435427552962
81 0.5870809675651625 0.4134443571030442 0.05717340449097739 0.06534103370397391
81 0.8125982852795738 0.42070447195904154 0.051728318348979625 0.06534103370397411
49 0.867502903878051 0.42030113224481924 0.050820803991979704 0.06453435427552946
81 0.9237687940120299 0.4207044719590416 0.05354334706297891 0.0637276748470859
50 0.9777658982535087 0.4223178308159298 0.0444682034929825 0.06534103370397425
5 0.8688641754135504 0.488868883662569 0.04537571784998071 0.06292099541864174
71 0.9224075224765305 0.4900789028052364 0.05354334706297891 0.06372767484708582
10 0.9759508695395093 0.4912889219479025 0.04719074656398149 0.06453435427552996
81 0.9209742338467549 0.5545787094896569 0.06080321080819198 0.05646755999108884
5 0.5292269273064352 0.48160876880657244 0.053997104241478674 0.0661477131324175
49 0.5868540889759128 0.48322212766346107 0.05490461859847824 0.06453435427553002
10 0.8679566610565516 0.5554199365092106 0.03448554556598651 0.05404752170575649
19 0.9205401480158045 0.6229294301454805 0.053543231238419906 0.06211431599019775
5 0.9754526431994068 0.6250445743662052 0.04900577527798057 0.06453435427552993
5 0.9736820836470101 0.5538065776523223 0.002722543070998995 0.0008066794284441414
1 0.8643266036285534 0.6901354010593793 0.05172831834897948 0.060500957133309316
81 0.8164552212968224 0.6885220422024914 0.03856936017248472 0.0637276748470859
81 0.9201137921361803 0.6920211774824452 0.053997104241478654 0.06372767484708573
49 0.9749230218287779 0.694338866760161 0.04948689724586117 0.06050095713330885
81 0.5809552456554132 0.6913454202020413 0.04492196067148393 0.06614771313241642
10 0.6735217100693788 0.2880057059799829 0.07577744880947002 0.08712137827196557
