81 0.5544104507131759 0.2750988351248769 0.05445086141997848 0.050014124563535774
17 0.611810733793403 0.27671219398176516 0.0549046185984784 0.05162748342042403
81 0.6676228667488812 0.27711553369598724 0.053997104241478695 0.05082080399197991
62 0.7225274853473594 0.27751887341020925 0.05399710424147855 0.05162748342042398
81 0.7783396183028362 0.276308854267543 0.05490461859847819 0.05082080399197979
17 0.8348323870260651 0.2742921556964328 0.05535837577697805 0.04678740684975928
81 0.8926864272847922 0.27348547626798864 0.05762716166947726 0.04840076570664756
62 0.9548511607392676 0.27106543798265625 0.06034970474047573 0.040333971422206266
82 0.5559986008379245 0.33680981140085203 0.054904618598477735 0.06372767484708566
5 0.6124913695611527 0.33963318940040693 0.05354334706297892 0.0629209954186418
87 0.6678497453381311 0.3388265099719628 0.0526358327059792 0.06292099541864175
10 0.722981242525859 0.3388265099719628 0.05308958988447896 0.06292099541864171
82 0.7785664968920872 0.3388265099719628 0.052635832705979484 0.0645343542755301
73 0.8346055084368151 0.3368098114008524 0.054904618598478123 0.06534103370397414
87 0.8924595486955372 0.3360031319724082 0.0553583757769779 0.06534103370397427
5 0.9537167677930181 0.33277641425863186 0.059895947561976186 0.0637276748470859
10 0.9512211033112691 0.4037642039617148 0.04310693195748286 0.07018111027463896
10 0.6662615952133817 0.40820094081815766 0.03947687452948429 0.0645343542755301
11 0.8098757422085748 0.40779760110393554 0.17333524218693114 0.06211431599019757
81 0.5564523580164251 0.40295752453327083 0.06851733395347295 0.057274239419532906
81 0.5564523580164251 0.5421097259398826 0.05490461859847841 0.06292099541864168
17 0.556679236605675 0.47354197452213187 0.05535837577697812 0.06614771313241824
73 0.6138526410966524 0.4743486539505759 0.05445086141997855 0.06453435427553003
10 0.8334711154905656 0.4755586730932421 0.05445086141997834 0.06534103370397418
62 0.8917789129277922 0.47555867309324207 0.05671964731247729 0.06534103370397415
73 0.9516748604897688 0.47636535252168627 0.05944219038347654 0.06695439256086239
81 0.8906445199815423 0.5445297642252149 0.055358375776977845 0.06614771313241842
82 0.9519017390790172 0.546143123082103 0.06080346191897593 0.06614771313241855
17 0.8908713985707927 0.615114214214076 0.055812132955477954 0.06534103370397427
10 0.9525823748467677 0.617534252499408 0.060349704740476205 0.06695439256086247
81 0.8917343424125075 0.683279954497261 0.05626589013397773 0.06776107198930657
87 0.9543352390604158 0.6873742037880084 0.05944173279386962 0.06453435427552995
87 0.8339248726690652 0.545336443653659 0.0526358327059792 0.06453435427553003
10 0.8393699588110632 0.615517553928298 0.03993063170798422 0.059694277704865184
