11 0.8579740031295553 0.43119130452881504 0.14701732583394178 0.07340782798841561
10 0.9798078055567578 0.4328046633857035 0.04038438888648429 0.07502118684530373
10 0.657640208821885 0.42715790738659465 0.04673698938548156 0.07179446913152716
16 0.5925260537071607 0.2787288925528755 0.06261849063297532 0.05566088056264469
32 0.6583208445896348 0.2787288925528755 0.06261849063297546 0.057274239419532906
10 0.7238887568828587 0.27913223226709755 0.06216473345447535 0.05808091884797702
81 0.7876416404620834 0.28155227055242993 0.060803461918976384 0.05969427770486526
86 0.852755795576808 0.281955610266652 0.06307224781147511 0.062114315990197684
44 0.918550586459282 0.2811489308382079 0.06397976216847497 0.05888759827642115
5 0.9773121410750089 0.28114893083820786 0.045375717849982206 0.062114315990197684
81 0.9761777481287589 0.35415341911240117 0.0476445037424814 0.07421450741685959
73 0.9176430721022822 0.3541534191124013 0.06307224781147525 0.07260114855997131
44 0.8523020383983082 0.35455675882662335 0.06216473345447554 0.07179446913152723
5 0.658093966000383 0.3505233616844025 0.0630722478114749 0.07179446913152669
86 0.5929798108856601 0.347296643970626 0.06261849063297524 0.07018111027463883
81 0.5922991751179109 0.5029857736603424 0.06216473345447554 0.07018111027463896
16 0.657867087411135 0.5041957928030086 0.06171097627597575 0.07421450741685959
81 0.850033252505808 0.507019170802563 0.06034970474047587 0.07179446913152678
10 0.9156011647990322 0.5098425488021173 0.06171097627597552 0.07260114855997123
86 0.9754971123610097 0.5110525679447836 0.04900577527798077 0.07340782798841537
32 0.591845417939411 0.5788136399340903 0.06125721909747583 0.06695439256086246
16 0.9149205290312835 0.5884937930754198 0.06307224781147497 0.07179446913152723
44 0.9750433551825098 0.5901071519323081 0.049913289634980346 0.07018111027463896
44 0.914676393101944 0.6611164340787792 0.06261849063297431 0.0709877897030833
81 0.97481647659326 0.6659350182060558 0.05036704681348013 0.06856775141775075
81 0.9146936504420323 0.7268393150535866 0.0644335193469745 0.04356068913598217
10 0.97481647659326 0.7292593533389199 0.05036704681348013 0.0419473302790945
10 0.5848121816726639 0.7232092576255887 0.05082080399197991 0.05082080399197991
44 0.5913916607609111 0.6566582047789484 0.062164733454475464 0.07098778970308302
