10 0.8211973967131181 0.3740046272258066 0.025357275685952772 0.048084907967436405
81 0.842751081046178 0.4098178659723868 0.017750092980167123 0.02253980060973582
10 0.885576702204676 0.40631167476642793 0.021131063071626995 0.024543338441712404
73 0.9099478616139528 0.4050594636214426 0.023666790640222528 0.02504422289970647
10 0.9095252403525204 0.43285855104011683 0.02225805310211399 0.027548645189677076
0 0.8627819201005426 0.40834276124359403 0.01943212560066854 0.022424597184397186
81 0.8631228345847649 0.43319163920468284 0.0194321256006684 0.022424597184397255
12 0.884910679271409 0.4330613341129357 0.021450339347264275 0.0227336929834253
81 0.9086658541047725 0.48821309567709675 0.022821548117357652 0.024042453983718202
10 0.88499906346455 0.4601635660294254 0.012115142827732876 0.024042453983718202
77 0.8848581897107392 0.48646000007411727 0.020285820548762247 0.02354156952572403
10 0.8845764422031175 0.5137582030347972 0.01803184048778874 0.022038916151741715
10 0.9082418862133974 0.5422285679752916 0.023103295624979262 0.02458377740752055
25 0.9092273519471484 0.5156751291370822 0.023385043132600872 0.023541569525724473
14 0.8842554935526598 0.5391483600917573 0.01915883051827535 0.02053626277775928
81 0.8841660639015266 0.5641091325135549 0.019440578025897225 0.021538031693747642
81 0.9076771270021777 0.5958166084923606 0.022819552313674864 0.022521543039514803
9 0.9079730689308758 0.6229380452498647 0.02284631929962761 0.022950226428296992
5 0.9072860902586022 0.6502252857583416 0.019440578025897107 0.027047760731683013
9 0.8430186848289172 0.43562022758771307 0.017750092980166873 0.017030071571800455
11 0.8400603359988892 0.4596626815714313 0.052405036417635956 0.024042453983718275
5 0.862600136608625 0.48570867338712603 0.01972232553351887 0.024042453983718202
56 0.8624592628548142 0.5115042229738238 0.018877083010653734 0.02253980060973582
81 0.862459262854814 0.5375502147895185 0.01944057802589711 0.02354156952572417
81 0.8421084380476594 0.5076082610417825 0.018031840487788737 0.021538031693747618
6 0.841187326029376 0.5337935813545625 0.01634135544205833 0.02103714723575351
10 0.8409055785217542 0.5570847086512896 0.015214365411571578 0.02153803169374754
10 0.8846018281519993 0.6149394442463477 0.01802912465489098 0.023868115500387335
