81 0.5260300017306416 0.40679291854305516 0.04702574395361779 0.06600104414542841
33 0.581718382728347 0.4071595910105298 0.05857592667906772 0.06673438908037767
81 0.6407068159333237 0.4071595910105298 0.05610088752361428 0.06526769921047915
2 0.6957764371421655 0.40899295334790264 0.049088276583162734 0.06746773401532677
2 0.5268550147824596 0.47866072216807737 0.048675770057253515 0.06746773401532685
10 0.581718382728347 0.4779273772331281 0.05775091362724979 0.06453435427553017
70 0.6407068159333237 0.47829404970060274 0.05527587447179634 0.06380100934058092
73 0.6957764371421655 0.4779273772331281 0.049088276583162414 0.06453435427553017
10 0.5225236962604157 0.5523618881304718 0.03836310690953003 0.0682010789502761
81 0.6120376123826528 0.29349112609340244 0.08126378560405913 0.0887347371288536
10 0.6520507453958192 0.29165776375603003 0.00206253262954462 0.00440006960969523
81 0.8706792041275508 0.404226211270733 0.0565133940495231 0.06526769921047922
40 0.9292551308066188 0.4034928663357838 0.05733840710134089 0.0652676992104793
81 0.9806121932822803 0.4027595214008346 0.03877561343543931 0.06966776882017449
52 0.870266697601642 0.47499399749333127 0.05568838099770531 0.06600104414542841
10 0.9294613840695733 0.47389398009090733 0.0577509136272498 0.06673438908037772
42 0.9806121932822803 0.47536066996080595 0.03877561343543931 0.06673438908037774
81 0.9789621671786446 0.5450284387809804 0.04207566564271076 0.05940093973088565
81 0.8717104704423232 0.5424617315086582 0.06270099193815681 0.05720090492603802
81 0.9816434595970526 0.6909640808358722 0.03671308080589469 0.06966776882017456
11 0.6285378734190097 0.5475951460533026 0.09611402053678005 0.06746773401532687
70 0.5264425082565503 0.6245963642229689 0.048675770057253404 0.06893442388522504
5 0.9302863971213909 0.6161628974710534 0.05775091362725007 0.06820107895027619
33 0.9812309530711437 0.6179962598084263 0.03753809385771248 0.07040111375512374
70 0.9311114101732089 0.6880307010960753 0.05857592667906772 0.06820107895027604
