81 0.5444277927861799 0.3706903473955057 0.0598959475619764 0.07018111027463902
33 0.6059118904729054 0.3727070459666161 0.057627161669477206 0.07098778970308299
81 0.6621777806068831 0.37230370625239395 0.04945953245648023 0.07018111027463883
81 0.7812890399630862 0.3710936871097279 0.05445086141997848 0.06614771313241832
70 0.840504351757312 0.3694803282528394 0.05671964731247705 0.06776107198930664
81 0.900400299319289 0.36827030911017344 0.05853467602647711 0.07018111027463896
40 0.9630187899522644 0.365850270824841 0.06034970474047597 0.06856775141775075
52 0.900627177908539 0.4404681179559226 0.05898843320497704 0.06614771313241832
5 0.8407312303465627 0.442484816527033 0.056265890133977765 0.06856775141775075
40 0.7849190973910848 0.4420814768128109 0.05082080399197991 0.06614771313241832
10 0.5469234572679288 0.5183126828007808 0.046736989385481424 0.07018111027463902
10 0.8411849875250625 0.5146826253727822 0.036300574279985655 0.06776107198930646
81 0.9004002993192892 0.51226258708745 0.060349704740476254 0.0645343542755301
45 0.9010809350870388 0.5852670753616432 0.05808091884797715 0.06695439256086244
73 0.842092501882062 0.5856704150758651 0.05445086141997853 0.06614771313241831
5 0.9627919113630143 0.5856704150758653 0.06080346191897604 0.06937443084619488
2 0.8461763164885606 0.6590782430642806 0.04809826092098092 0.06776107198930667
81 0.9022153280332881 0.6582715636358359 0.058534676026476475 0.06937443084619489
70 0.9632456685415144 0.6606916019211692 0.05898843320497676 0.06937443084619481
33 0.9026690852117883 0.7240159370540329 0.05853467602647683 0.05404752170575648
10 0.964380061487764 0.724822616482477 0.058534676026476544 0.05082080399197991
10 0.8507138882735448 0.7232092576255843 0.04265317477898254 0.05404752170574903
70 0.5466965786786788 0.5901071519323079 0.05898843320497669 0.06695439256086232
2 0.5453353071431795 0.4436948356696992 0.05898843320497662 0.06453435427552996
81 0.5466965786786784 0.662304960778057 0.05808091884797698 0.06937443084619414
33 0.5444277927861798 0.7280493341962534 0.05445086141997848 0.04759408627820349
10 0.9623381541845148 0.44046811795592267 0.05808091884797719 0.0677610719893066
10 0.6068194048299052 0.44571153424080945 0.058534676026476905 0.06695439256086239
