10 0.3368167202572345 0.30510896748838884 0.1720257234726686 0.37013219006788156
19 0.05184887459807074 0.5994998213647732 0.10369774919614148 0.1271882815291175
81 0.16318327974276528 0.6002143622722401 0.11093247588424437 0.1314755269739193
71 0.27813504823151125 0.600928903179707 0.11254019292604499 0.12718828152911754
81 0.8086816720257234 0.6109324758842444 0.10610932475884256 0.12433011789924973
49 0.7005627009646302 0.6080743122543766 0.09887459807073952 0.12147195426938197
50 0.9188102893890674 0.6137906395141123 0.10450160771704178 0.12433011789924989
71 0.807877813504823 0.7424080028581637 0.10450160771704177 0.12433011789924976
10 0.9184083601286173 0.7452661664880315 0.10691318327974286 0.12718828152911754
81 0.8094855305466236 0.8724544480171491 0.1141479099678456 0.11003929974991067
49 0.1607717041800643 0.735977134690961 0.10932475884244376 0.12290103608431593
5 0.049437299035369774 0.7366916755984281 0.09887459807073955 0.12433011789924976
10 0.2620578778135048 0.735977134690961 0.0819935691318328 0.1257591997141836
10 0.15554662379421225 0.8731689889246159 0.09565916398713827 0.13433369060378708
