81 0.5548642078916702 0.27509883512487543 0.05445086141997759 0.05162748342042612
17 0.611583855204153 0.2767121939817649 0.05445086141997853 0.05001412456353567
81 0.6678497453381311 0.27671219398176505 0.053543347062978766 0.050014124563535774
62 0.7223006067581095 0.27590551455332096 0.05263583270597934 0.05001412456353581
81 0.7785664968920872 0.276308854267543 0.05445086141997834 0.05082080399197991
17 0.835059265615315 0.2755021748390989 0.05490461859847841 0.04920744513509174
81 0.8938208202310416 0.27308213655376656 0.05717340449097748 0.045980727421315135
62 0.9546242821500178 0.2706620982684342 0.05898843320497676 0.04114065085065036
82 0.5557717222486659 0.33801983054351525 0.05535837577697733 0.06614771313241222
5 0.6127182481504028 0.33801983054351864 0.053997104241478626 0.06292099541864178
87 0.6680766239273807 0.3392298496861845 0.05308958988447943 0.062114315990197594
10 0.7232081211151091 0.3384231702577407 0.05082080399197991 0.06211431599019765
82 0.7785664968920872 0.3384231702577407 0.054450861419978326 0.06372767484708593
73 0.834832387026064 0.3355997922581859 0.05445086141997823 0.0645343542755298
87 0.8922326701062923 0.33519645254396413 0.05671964731247769 0.06695439256086243
5 0.9532630106145166 0.3311630554017432 0.05989594756197516 0.07018111027463869
81 0.5555448436594255 0.404167543675937 0.06125721909747583 0.05646755999108876
17 0.5569061151949249 0.47394531423635383 0.053997104241478765 0.06534103370397418
73 0.6129451267396526 0.4731386348079096 0.05354334706297883 0.06695439256086239
81 0.5566792366056749 0.5421097259398825 0.05445086141997856 0.0661477131324183
62 0.5530491791776753 0.6110808170718521 0.04809826092098305 0.06211431599019759
81 0.5523685434099267 0.679648568489606 0.049459532456480486 0.06695439256086246
11 0.8078338349053247 0.4065875819612692 0.17015894193743236 0.06292099541864214
10 0.9534898892037682 0.4037642039617148 0.03584681710148587 0.06856775141775068
17 0.7772052253565875 0.47515533337901994 0.05263583270597951 0.06453435427553006
10 0.8336979940798155 0.474751993664798 0.05399710424147855 0.06534103370397418
62 0.8915520343385427 0.4755586730932421 0.056265890133977765 0.06534103370397425
85 0.9514479819005188 0.47394531423635383 0.05989594756197633 0.06534103370397418
87 0.8339248726690655 0.5441264245109928 0.05535837577697805 0.06372767484708604
81 0.8913251557492927 0.545336443653659 0.05490461859847855 0.0645343542755301
82 0.9521286176682683 0.5461431230821031 0.05944219038347667 0.06614771313241825
10 0.8341517512583152 0.6130975156429656 0.05490461859847826 0.06453435427553003
17 0.8915520343385427 0.6151142142140759 0.05535837577697834 0.0637276748470859
10 0.9516748604897671 0.6175342524994077 0.05944219038347645 0.06856775141775123
5 0.8380086872755638 0.6832786259176047 0.044468203492982354 0.06453435427553003
81 0.8915520343385427 0.6848919847744928 0.056265890133977765 0.06776107198930646
87 0.9539113166937432 0.687292830263575 0.05944430968905663 0.06524860520427617
