10 0.6115838552041533 0.2944591414075359 0.08258380648696743 0.0903480959857421
81 0.5267312628246866 0.40658758196126926 0.04809826092098091 0.06937443084619475
33 0.5818627600124145 0.4069909216754911 0.059442190383476444 0.06856775141775052
81 0.6413049503958913 0.40779760110393554 0.05581213295547787 0.0653410337039742
2 0.6950751760481202 0.40900762024660176 0.04719074656398149 0.06614771313241832
2 0.5267312628246864 0.4779787113785745 0.04809826092098088 0.06695439256086254
10 0.581862760012415 0.47878539080701854 0.05671964731247769 0.06534103370397425
10 0.5237818411644379 0.5509831996527679 0.040384388886484074 0.06776107198930646
10 0.9294407587432778 0.4755586730932421 0.05853467602647683 0.06695439256086246
11 0.6308685352903958 0.5485631613674355 0.09755779337746141 0.06937443084619488
70 0.6410780718066417 0.4783820510927966 0.056265890133977765 0.06614771313241832
81 0.8706792041275507 0.4053775628186029 0.05626589013397774 0.06695439256086234
40 0.9296676373325274 0.404167543675937 0.05717340449097748 0.0645343542755301
81 0.9804884413245076 0.4021508451048266 0.03902311735098479 0.06534103370397418
42 0.9807153199137576 0.4755586730932421 0.038569360172484864 0.06856775141775068
81 0.9789002911997574 0.5457397833678808 0.042199417600482646 0.060500957133309295
81 0.8715867184845494 0.5433197450825483 0.05898843320497851 0.054047521705756975
52 0.8699985683598013 0.47515533337902005 0.05671964731247769 0.06614771313241832
70 0.5265043842354366 0.6231810084985169 0.048552018099481085 0.06372767484708593
5 0.5823165171909148 0.6203576304989626 0.05671964731247755 0.06614771313241839
45 0.5820896386016642 0.6925554393447109 0.05717340449097694 0.06856775141775015
81 0.5265043842354362 0.6969921762011541 0.04764450374248165 0.06776107198930657
5 0.9303482731002773 0.6171309127851863 0.055812132955477836 0.06614771313241832
33 0.981622834270757 0.6179375922136303 0.03675433145848586 0.06776107198930646
70 0.9317095446357768 0.6885220422024914 0.05671964731247783 0.06695439256086246
81 0.982076591449257 0.6909420804878237 0.03584681710148601 0.06695439256086246
81 0.882703769357796 0.6881187024882692 0.03493930274448644 0.0677610719893066
