81 0.5267312628246867 0.40820094081815766 0.04809826092098099 0.06776107198930653
33 0.5814090028339152 0.4073942613897135 0.05853467602647683 0.0645343542755301
81 0.6410780718066412 0.4073942613897134 0.055358375776978004 0.06453435427553006
2 0.6953020546373702 0.4086042805323797 0.04764450374248114 0.06372767484708597
2 0.5262775056461869 0.47878539080701865 0.04809826092098099 0.06695439256086246
10 0.581862760012415 0.47797871137857456 0.05762716166947733 0.06534103370397432
10 0.5210592980934385 0.552596558509656 0.03766184581548512 0.0677610719893066
11 0.629983710045059 0.5491307769572551 0.09982657926996027 0.06373668083049222
70 0.6410780718066417 0.47797871137857456 0.05717340449097733 0.06534103370397432
70 0.5267312628246862 0.6235843482127387 0.04991328963497967 0.0677610719893067
5 0.5823165171909146 0.6203576304989625 0.05671964731247753 0.06453435427552981
81 0.5267312628246862 0.6969921762011542 0.04809826092098049 0.06776107198930653
45 0.5820896386016644 0.6921520996304893 0.05808091884797717 0.06614771313241784
81 0.8724942328415501 0.5469498025105473 0.05535837577697834 0.058080918847977045
81 0.9802615627352571 0.5429164053683264 0.0394768745294843 0.05646755999108874
81 0.8699985683598013 0.4049742231043812 0.055812132955477836 0.06614771313241832
40 0.9289870015647779 0.40416754367593705 0.057627161669477116 0.06614771313241832
81 0.9802615627352577 0.40174750539060466 0.039476874529484576 0.0677610719893066
10 0.9298945159217763 0.4747519936647975 0.058534676026475246 0.06534103370397405
52 0.8702254469490509 0.47596201280746414 0.05535837577697819 0.0645343542755301
5 0.9298945159217774 0.6167275730709642 0.05762716166947726 0.06534103370397418
70 0.9319364232250267 0.6897320613451575 0.05717340449097748 0.0677610719893066
81 0.9813959556815053 0.6913454202020455 0.037208088636985444 0.06937443084619434
33 0.981169077092257 0.6183409319278522 0.03766184581548481 0.06856775141775057
10 0.6115838552041524 0.29526582083597996 0.08439883520096769 0.09196145484263017
42 0.9804884413245083 0.47636535252168616 0.03902311735098373 0.06856775141775062
