10 0.6766980103188776 0.4057002345899808 0.08213004930846758 0.16940267997326636
19 0.5342182562699338 0.547675813996147 0.05671964731247755 0.0645343542755301
81 0.5922991751179109 0.5492891728530352 0.05490461859847826 0.06130763656175354
71 0.6481113080733886 0.5496925125672567 0.05218207552747887 0.062114315990197635
81 0.7025621694933674 0.5496925125672573 0.052182075527479416 0.062114315990197684
5 0.5337644990914336 0.6174535845565636 0.05671964731247765 0.06372767484708577
49 0.591391660760911 0.6170502448423415 0.05399710424147875 0.06130763656175357
10 0.6474306723056391 0.6154368859854535 0.0517283183489797 0.06130763656175347
50 0.7018815337256177 0.6166469051281197 0.0499132896349802 0.06211431599019775
50 0.9686907546835122 0.554935928852144 0.05354334706297891 0.06130763656175347
10 0.969144511862012 0.6222936611272286 0.054450861419978625 0.05888759827642126
10 0.5913916607609038 0.684004637403199 0.041291903243482905 0.06776107198929623
11 0.6841850037641238 0.6815845991178715 0.08258380648696746 0.0645343542755305
73 0.5319494703774342 0.7352287811094058 0.0567196473124775 0.028233779995544158
