81 0.6261040849161476 0.3694803282528396 0.031763002494987376 0.03872061256531808
56 0.6596821161251343 0.3698836679670616 0.03176300249498723 0.03952729199376208
25 0.6263309635053974 0.41062097910348994 0.03312427403048687 0.03872061256531808
81 0.6601358733036277 0.4098142996750441 0.03267051685198663 0.03710725370843309
10 0.6614971448391215 0.45216496966835906 0.030855488137987348 0.041140650850643896
10 0.8357399013830648 0.37149702682394986 0.034485545565986514 0.03952729199376215
73 0.8731748686092996 0.37270704596661586 0.03493930274448618 0.04194733027909454
10 0.8718135970738004 0.41546105567415464 0.03403178838748673 0.03872061256531801
12 0.835059265615315 0.4146543762457106 0.034031788387486585 0.04033397142220622
10 0.8334711154905656 0.4574083859532493 0.030855488137987948 0.04194733027909443
77 0.8334711154905656 0.5005657353750099 0.0335780312089868 0.03952729199376229
81 0.8699985683598004 0.5005657353750097 0.03403178838748545 0.03952729199376228
25 0.8688641754135515 0.5433197450825484 0.033578031208986545 0.039527291993762134
10 0.8327904797227988 0.5413030465114328 0.03312427403048564 0.03710725370841968
10 0.8672760252888022 0.5832503767905328 0.03312427403048716 0.037107253708429794
29 0.6270115992731471 0.4916922616621246 0.030855488137987806 0.03791393313687394
73 0.6599089947143841 0.494112299947457 0.03040173095948802 0.036300574279985655
81 0.6270115992731471 0.5316228933701088 0.030855488137987806 0.03549389485154151
41 0.6596821161251343 0.5348496110838853 0.03176300249498723 0.03388053599465337
84 0.6276922350408969 0.5719568647923152 0.03312427403048687 0.03710725370842994
