81 0.5550230229041508 0.2752198370391436 0.054405485702128734 0.04880410542086968
82 0.5555221558005005 0.33600313197240844 0.056402017287527716 0.06566370547535186
17 0.6119241730880283 0.2769945317817206 0.054405485702128546 0.05057880016344672
81 0.6668287916865066 0.2769945317817206 0.05240895411672938 0.05235349490602381
62 0.7222325431813347 0.2765508580960763 0.053407219909428816 0.0496914527921582
81 0.7771371617798131 0.27655085809607644 0.054405485702128414 0.05146614753473529
17 0.8345374448600404 0.2752198370391435 0.05540375149482813 0.05057880016344665
81 0.8929359937329673 0.27300146861092217 0.05740028308022729 0.044367368564426996
62 0.9540797735358182 0.27167044755398945 0.05989594756197647 0.041705326450561325
11 0.808083401353501 0.40521622693291454 0.1741973808260812 0.06033962124762062
10 0.9510849761577194 0.4043288795616259 0.040928897500683944 0.06388901073277474
10 0.6685757568237309 0.40787826904678015 0.033941036951786574 0.06566370547535193
81 0.5537751906632762 0.4047725532472702 0.06289074494007502 0.05412818964860094
5 0.6119241730880285 0.3377778267149856 0.05340721990942904 0.06388901073277486
87 0.6675774910310313 0.338665174086274 0.0529080870130791 0.06388901073277481
10 0.7222325431813356 0.33777782671498713 0.05240895411672904 0.06566370547535483
82 0.7783849940206875 0.3391088477719183 0.05390635280577882 0.06300166336148622
73 0.8340383119636912 0.3391088477719185 0.05540375149482829 0.0647763581040632
87 0.8919377279402676 0.33555945828676415 0.05740028308022729 0.06477635810406333
5 0.9535806406394685 0.3311227214303215 0.060894213354676055 0.0647763581040633
17 0.5570195544895499 0.4779787113785747 0.053407219909428746 0.05679023176246638
73 0.612922438880728 0.4739856482077762 0.05240895411672931 0.06477635810406333
81 0.5565204215932 0.5418677221113494 0.05440548570212847 0.06388901073277488
10 0.8330400461709909 0.47531666926470906 0.053407219909428816 0.062114315990197684
62 0.8916881614920927 0.4748729955790647 0.05590288439117813 0.06477635810406326
73 0.9518336755022441 0.4757603429503533 0.06039508045832619 0.06832574758921744
81 0.8909394621475681 0.5454171115965036 0.05540375149482827 0.06388901073277474
87 0.8340383119636905 0.5431987431682822 0.05041242253133007 0.06300166336148613
82 0.9510849761577194 0.5467481326534364 0.05889768176927675 0.06477635810406326
17 0.8904403292512183 0.6141865328713654 0.05540375149482813 0.06477635810406347
10 0.9520246361068817 0.614759956574218 0.05889768176927661 0.0665510528466404
81 0.8921447750716948 0.6836094209488595 0.05490461859847828 0.06564222648290904
87 0.9520832419504192 0.6887237120596028 0.058897681769276886 0.0665510528466407
