81 0.5557717222486752 0.37674044310883664 0.057173404490977214 0.06614771313241823
33 0.6133988839181526 0.37674044310883675 0.05535837577697819 0.06614771313241824
81 0.6698916526413795 0.3775471225372804 0.053997104241477974 0.06614771313241814
2 0.5569061151949249 0.4461148739550315 0.05671964731247748 0.06453435427553003
2 0.7229812425258593 0.37754712253728084 0.047644503742481276 0.06453435427552996
70 0.6707991669983799 0.44692155338347567 0.05399710424147855 0.06453435427553003
10 0.6140795196859022 0.4465182136692536 0.05490461859847834 0.0637276748470859
11 0.6735217100693788 0.513875945944338 0.12478322408745086 0.061307636561753684
10 0.5555448436594255 0.5158926445154484 0.04310693195748293 0.06695439256086246
70 0.5573598723734245 0.5836537165047546 0.05762716166947736 0.06372767484708591
81 0.5571329937841746 0.6530281473509497 0.055358375776978164 0.06372767484708583
45 0.6154407912214009 0.652221467922505 0.05490461859847857 0.06372767484708589
5 0.614760155453652 0.5820403576478667 0.05354334706297891 0.062114315990197684
52 0.6692110168736304 0.5824436973620888 0.04900577527798063 0.06453435427553003
73 0.7198049422763606 0.44571153424080945 0.040384388886484004 0.0637276748470859
81 0.8940476988202917 0.37311038568083815 0.05490461859847826 0.06695439256086246
52 0.893820820231041 0.44248481652703275 0.057173404490977436 0.06372767484708564
40 0.9532630106145177 0.3710936871097277 0.05808091884797733 0.06453435427552985
10 0.9525823748467687 0.44127479738436676 0.05671964731247755 0.06453435427553003
81 0.8901907628030432 0.5102458885163395 0.06624854806097388 0.0524341628488682
81 0.6653540808563814 0.6510114487798394 0.04038438888648396 0.06292099541864192
33 0.5566792366056746 0.7203858796260342 0.05626589013397769 0.05808091884797673
10 0.6152139126321517 0.7195792001975901 0.05445086141997848 0.061307636561753615
10 0.9548511607392678 0.7187725207691459 0.05853467602647683 0.05969427770486534
70 0.9539436463822679 0.6514147884940615 0.05762716166947726 0.06695439256086246
5 0.9528092534360185 0.5808303385052005 0.058080918847977045 0.06614771313241832
