81 0.5550910864809251 0.2755021748390988 0.05671964731247728 0.04920744513509146
17 0.612037612382653 0.27550217483909895 0.05445086141997847 0.050820803991979906
81 0.6673959881596312 0.27630885426754304 0.05354334706297891 0.04920744513509174
62 0.7227543639366093 0.27630885426754304 0.0526358327059792 0.05243416284886813
81 0.7776589825350875 0.27590551455332085 0.052635832705979456 0.04840076570664755
17 0.8348323870260651 0.27469549541065474 0.053543347062978766 0.04920744513509159
81 0.8935939416417914 0.27348547626798864 0.057627161669476755 0.046787406849759246
62 0.9550780393285178 0.2702587585542121 0.06080346191897604 0.04033397142220629
82 0.5562254794271752 0.33640647168663035 0.056265890133977765 0.06453435427553
81 0.5559986008379252 0.4065875819612694 0.06125721909747583 0.05646755999108869
5 0.6127182481504029 0.33761649082929657 0.05308958988447898 0.06211431599019761
87 0.6673959881596307 0.33882650997196223 0.05263583270597964 0.06130763656175339
10 0.722754363936609 0.3400365291146288 0.052635832705978845 0.05888759827642108
82 0.7785664968920872 0.3384231702577407 0.05445086141997834 0.0637276748470859
73 0.8346055084368151 0.3384231702577407 0.053997104241478695 0.06534103370397418
87 0.8926864272847922 0.33479311282974217 0.055812132955477975 0.06292099541864186
5 0.953943646382268 0.3323730745444098 0.05853467602647669 0.06614771313241839
11 0.8082875920838256 0.4069909216754914 0.17197397065143222 0.06050095713330933
10 0.9505404675435183 0.40416754367593605 0.050820803991978435 0.06937443084619464
17 0.5569061151949249 0.47394531423635383 0.05581213295547805 0.0637276748470859
73 0.6124913695611529 0.47515533337902 0.051728318348979625 0.06292099541864182
17 0.7774321039458377 0.47515533337902 0.05218207552747927 0.06292099541864182
10 0.8336979940798152 0.4755586730932419 0.05490461859847839 0.06534103370397408
62 0.8913251557492927 0.4755586730932421 0.05490461859847855 0.06534103370397418
73 0.9516748604897688 0.47515533337902005 0.05853467602647711 0.0677610719893066
87 0.8339248726690655 0.5433197450825487 0.05354334706297863 0.06211431599019775
81 0.8906445199815431 0.5445297642252149 0.056265890133977904 0.06453435427553017
82 0.9516748604897688 0.5465464627963251 0.05853467602647711 0.06534103370397425
81 0.5569061151949246 0.5425130656541043 0.054904618598477804 0.06211431599019737
62 0.555998600837925 0.6094674582149667 0.05490461859847847 0.0621143159901983
81 0.548511607392677 0.6796485684896026 0.04265317477898441 0.06211431599019722
10 0.8343786298475652 0.6126941759287434 0.051728318348979486 0.0637276748470859
17 0.8906445199815428 0.6151142142140759 0.053543347062978766 0.06534103370397418
10 0.9507673461327693 0.6171309127851863 0.05762716166947726 0.06937443084619488
81 0.8920057915170425 0.6852953244887149 0.056265890133977904 0.06211431599019775
5 0.8395968374003131 0.6820686067749384 0.042199417600483284 0.06534103370397418
87 0.9532368614476959 0.6883246620461944 0.060349704740476 0.06292099541864117
