81 0.24959807073954984 0.24651661307609862 0.0715434083601286 0.08717399071096825
56 0.32435691318327975 0.24723115398356557 0.07315112540192928 0.08574490889603431
25 0.2508038585209003 0.3386923901393355 0.07073954983922828 0.0886030725259021
81 0.32676848874598075 0.33797784923186847 0.07315112540192929 0.08717399071096821
10 0.32516077170417945 0.43015362629510506 0.061897106109324654 0.08574490889603355
10 0.7158360128617354 0.431582708110039 0.06350482315112536 0.09146123615576944
0 0.6366559485530546 0.24151482672382996 0.07556270096463023 0.08574490889603428
10 0.7190514469453353 0.2343694176491605 0.07958199356913169 0.09146123615576984
73 0.8038585209003216 0.2315112540192926 0.08199356913183294 0.0914612361557699
10 0.802652733118971 0.330832440157199 0.08118971061093248 0.090032154340836
12 0.717443729903537 0.33369060378706683 0.07958199356913184 0.090032154340836
29 0.2528135048231511 0.5173276170060737 0.07154340836012864 0.08574490889603431
73 0.3263665594855307 0.5194712397284749 0.07073954983922834 0.08717399071096889
81 0.2528135048231511 0.6080743122543766 0.069935691318328 0.08431582708110043
41 0.3287781350482315 0.6095033940693105 0.07717041800643087 0.08145766345123263
5 0.6358520900321541 0.5237584851732762 0.07234726688102912 0.09003215434083595
77 0.7158360128617364 0.5251875669882101 0.07958199356913184 0.09003215434083607
81 0.7990353697749196 0.5266166488031441 0.08038585209003216 0.09289031797070386
25 0.7994372990353698 0.6223651304037157 0.08118971061093248 0.0928903179707038
10 0.7154340836012861 0.6187924258663808 0.08038585209003216 0.08860307252590217
10 0.7982315112540193 0.7166845301893534 0.08360128617363344 0.0928903179707038
84 0.25482315112540194 0.6988210075026795 0.07234726688102888 0.08574490889603424
