81 0.5550910864809255 0.2750988351248769 0.05490461859847841 0.05001412456353581
17 0.611583855204153 0.277115533695987 0.053543347062978836 0.04920744513509167
81 0.6678497453381305 0.2779222131244311 0.053543347062978405 0.05243416284886812
62 0.7223006067581096 0.27751887341020925 0.053543347062978766 0.05324084227731227
81 0.7785664968920872 0.2767121939817651 0.05445086141997834 0.05162748342042398
17 0.8350592656153146 0.2750988351248767 0.054904618598478123 0.05001412456353577
81 0.8926864272847922 0.27308213655376656 0.05671964731247755 0.04436736856442689
62 0.9546242821500178 0.27106543798265625 0.06171097627597575 0.0419473302790945
82 0.5559986008379252 0.33640647168663035 0.05581213295547785 0.06453435427552996
5 0.6120376123826531 0.33801983054351864 0.05354334706297891 0.06453435427553003
87 0.668076623927381 0.33922984968618486 0.05308958988447898 0.06534103370397418
10 0.7227543639366093 0.3388265099719628 0.0526358327059792 0.06292099541864178
10 0.6667153523918816 0.40820094081815766 0.03675433145848544 0.0645343542755301
10 0.9505404675435193 0.4037642039617148 0.046283232206981634 0.06695439256086239
11 0.8112370137440744 0.4082009408181576 0.17605778525793056 0.06130763656175347
81 0.5548642078916758 0.4045708833901591 0.058080918847977045 0.05243416284886813
17 0.5566792366056749 0.47434865395057585 0.055358375776978094 0.06453435427552998
73 0.6122644909719029 0.4739453142363538 0.05308958988447905 0.0637276748470859
17 0.7753901966425881 0.47596201280746386 0.05808091884797731 0.06453435427553002
10 0.8332442369013157 0.474751993664798 0.05399710424147855 0.0637276748470859
62 0.8913251557492923 0.47515533337901983 0.05581213295547794 0.06614771313241812
73 0.9516748604897688 0.47515533337902005 0.060349704740476254 0.06453435427553003
81 0.5564523580164239 0.542513065654104 0.05490461859847825 0.06534103370397433
82 0.7781127397135876 0.3388265099719628 0.05354334706297891 0.06292099541864178
73 0.8341517512583151 0.33680981140085237 0.05399710424147869 0.06372767484708586
87 0.8929133058740419 0.3343897731155198 0.05626589013397862 0.06856775141775015
5 0.9537167677930181 0.3307597156875215 0.059895947561976186 0.06292099541864189
87 0.8332442369013157 0.545336443653659 0.05308958988447898 0.05969427770486533
81 0.8913251557492923 0.5445297642252147 0.053997104241478515 0.06614771313241817
82 0.951447981900519 0.545739783367881 0.0589884332049769 0.06372767484708597
10 0.8352861442045645 0.6122908362145211 0.04991328963498019 0.06453435427553009
17 0.8910982771600431 0.6155175539282979 0.05535837577697819 0.06453435427553017
5 0.8393699588110631 0.6828752862033822 0.042653174778983095 0.06534103370397418
81 0.8910982771600431 0.6840853053460486 0.05535837577697819 0.06453435427553003
10 0.9521286176682683 0.616324233356742 0.059442190383476555 0.0677610719893066
87 0.9530578548917085 0.6886359341329701 0.05989594756197631 0.06695439256086223
