81 0.5544104507131756 0.275905514553321 0.05626589013397772 0.05001412456353575
17 0.6113569766149034 0.27550217483909895 0.05490461859847826 0.04920744513509167
81 0.6669422309811313 0.2767121939817651 0.0526358327059792 0.05162748342042398
62 0.7225274853473589 0.27792221312443127 0.0549046185984782 0.0524341628488683
81 0.7783396183028376 0.2763088542675431 0.05308958988447912 0.05082080399197991
17 0.8336979940798132 0.2755021748390988 0.05490461859847828 0.04759408627820323
81 0.8931401844632915 0.27429215569643267 0.05762716166947754 0.046787406849759225
62 0.9550780393285173 0.27146877769687827 0.060803461918976 0.04114065085065032
82 0.5555448436594254 0.3372131511150745 0.05490461859847826 0.06614771313241828
5 0.6124913695611527 0.3396331894004069 0.05354334706297888 0.06453435427552996
87 0.667849745338131 0.3384231702577407 0.051728318348979486 0.06211431599019765
10 0.7225274853473593 0.33801983054351864 0.05308958988447912 0.06292099541864175
82 0.7783396183028374 0.33922984968618486 0.05399710424147855 0.06534103370397418
73 0.8343786298475652 0.33761649082929657 0.05445086141997834 0.06534103370397418
87 0.8929133058740422 0.33519645254396424 0.05717340449097733 0.063727674847086
5 0.953943646382268 0.3323730745444098 0.05944219038347626 0.06614771313241832
81 0.5575867509626746 0.40457088339015906 0.0608034619189759 0.05566088056264462
11 0.8098757422085745 0.40779760110393526 0.1751502709009309 0.06050095713330923
10 0.9514479819005188 0.403764203961715 0.046283232206981634 0.06695439256086252
17 0.556679236605675 0.47394531423635383 0.05445086141997855 0.0637276748470859
73 0.6129451267396524 0.4739453142363538 0.053543347062979044 0.06372767484708572
17 0.7776589825350877 0.4743486539505759 0.05263583270597905 0.06453435427553003
10 0.8334711154905656 0.4743486539505759 0.05445086141997834 0.06453435427553003
62 0.8910982771600412 0.47354197452213165 0.05535837577697813 0.0645343542755296
73 0.9516748604897688 0.47515533337902005 0.05944219038347654 0.0677610719893066
87 0.8332442369013157 0.5433197450825488 0.05399710424147855 0.06372767484708597
81 0.8908713985707931 0.5441264245109929 0.055812132955477975 0.06534103370397425
82 0.9516748604897685 0.545739783367881 0.059442190383476555 0.06695439256086243
10 0.8332442369013157 0.6135008553571876 0.05399710424147855 0.06695439256086252
17 0.8910982771600431 0.6143075347856317 0.056265890133977765 0.06534103370397418
10 0.9516748604897677 0.6183409319278522 0.05944219038347657 0.06856775141775073
5 0.8377818086863134 0.6816652670607155 0.04582947502848121 0.06453435427552996
81 0.8913251557492928 0.6852953244887149 0.05671964731247755 0.0685677514177506
87 0.952980584466507 0.6877307673801291 0.06125721909747557 0.0629209954186417
81 0.556679236605675 0.5421097259398825 0.05535837577697812 0.06292099541864182
62 0.5569061151949249 0.6102741376434112 0.05581213295547805 0.06372767484708597
81 0.5530491791776764 0.6804552479180501 0.049913289634980346 0.0637276748470859
