81 0.3291800643086817 0.19935691318327975 0.1245980707395498 0.1471954269381922
11 0.5249203372248517 0.3548853280376122 0.44131832797427606 0.14290864838280165
10 0.8412379421221868 0.36513040371561273 0.08922829581993583 0.14719542693819218
10 0.1989549839228296 0.3515541264737406 0.09726688102893892 0.1486245087531261
16 0.0635048231511254 0.05359056806002143 0.1270096463022508 0.10432297249017505
32 0.19614147909967847 0.05501964987495534 0.1270096463022508 0.11003929974991068
10 0.3291800643086817 0.05787781350482315 0.12299035369774916 0.1157556270096463
81 0.4590032154340836 0.056448731689889245 0.12379421221864959 0.11289746337977849
86 0.5876205787781349 0.06145051804215791 0.1205787781350483 0.12290103608431582
44 0.7166398713826367 0.06145051804215791 0.12459807073954991 0.12290103608431582
5 0.8476688102893891 0.06287959985709182 0.12459807073954991 0.12575919971418364
81 0.9581993569131834 0.06145051804215791 0.08360128617363344 0.12290103608431582
86 0.06430868167202572 0.18720971775634154 0.12861736334405144 0.14862450875312613
5 0.197347266881029 0.19435512683101105 0.1278135048231511 0.14862450875312613
73 0.715032154340836 0.20864594498035013 0.12138263665594849 0.14290818149339052
81 0.8456591639871383 0.20793140407288319 0.12540192926045024 0.14719542693819224
10 0.9581993569131834 0.20864594498035013 0.08360128617363344 0.14290818149339052
81 0.06471061093247588 0.5008931761343337 0.12781350482315113 0.14719542693819215
16 0.19654340836012862 0.5044658806716684 0.12459807073954987 0.14290818149339052
44 0.3283762057877814 0.5066095033940694 0.12138263665594852 0.14147909967845662
10 0.7118167202572345 0.5151839942836726 0.12459807073954991 0.14433726330832436
86 0.842443729903537 0.5180421579135406 0.1254019292604501 0.14147909967845657
44 0.9557877813504823 0.5187566988210075 0.08842443729903536 0.14290818149339052
44 0.8412379421221865 0.6716684530189354 0.12459807073954977 0.14290818149339046
32 0.06310289389067524 0.6566630939621294 0.12620578778135047 0.14433726330832441
44 0.19654340836012862 0.6588067166845302 0.12459807073954987 0.14005001786352267
81 0.9545819935691316 0.673812075741336 0.09083601286173631 0.14147909967845657
81 0.8396302250803859 0.8252947481243302 0.12459807073954991 0.14433726330832441
10 0.9541800643086816 0.8295819935691319 0.09163987138263664 0.13862093604858872
10 0.8396302250803859 0.9530189353340478 0.12459807073954991 0.09396212933190425
44 0.06229903536977492 0.8138620936048588 0.12459807073954984 0.14433726330832441
5 0.19372990353697747 0.8131475526973919 0.12218649517684886 0.1429081814933906
10 0.061495176848874594 0.948731689889246 0.12138263665594855 0.10253662022150743
81 0.19332797427652731 0.947481243301179 0.12620578778135047 0.10289389067524127
86 0.9537781350482315 0.9558770989639157 0.09244372990353696 0.08824580207216855
81 0.7335209003215435 0.9501607717041797 0.07797427652733123 0.09967845659163997
