66 0.7696945337620579 0.20364415862808147 0.11173633440514479 0.13290460878885318
46 0.07757234726688103 0.1936405859235441 0.11655948553054662 0.1414790996784566
81 0.1965434083601286 0.19864237227581275 0.114951768488746 0.13719185423365493
66 0.31270096463022506 0.20221507681314754 0.10932475884244376 0.13004644515898534
81 0.42242765273311894 0.2029296177206145 0.09726688102893888 0.13147552697391923
81 0.6543408360128617 0.20507324044301542 0.1093247588424438 0.13004644515898536
81 0.8890675241157561 0.20007145409074664 0.1173633440514465 0.134333690603787
81 0.8906752411575564 0.48231511254019294 0.139871382636656 0.1186137906395141
23 0.8882636655948554 0.3415505537692033 0.1157556270096464 0.12861736334405144
5 0.7680868167202572 0.3429796355841372 0.110128617363344 0.134333690603787
10 0.7652733118971058 0.4858878170775278 0.09163987138263663 0.12861736334405163
5 0.07877813504823152 0.3379778492318685 0.11414790996784566 0.13862093604858886
45 0.1969453376205788 0.34012147195426934 0.11254019292604504 0.13147552697391923
10 0.31310289389067525 0.3408360128617363 0.11012861736334408 0.13004644515898534
11 0.375 0.4830296534476599 0.12459807073954987 0.12575919971418364
10 0.20257234726688086 0.4794569489103246 0.09163987138263656 0.13290460878885255
73 0.07797427652733119 0.6209360485887817 0.1157556270096463 0.13290460878885327
46 0.1969453376205788 0.6202215076813148 0.11254019292604504 0.1314755269739193
45 0.07676848874598073 0.7638442300821722 0.11655948553054668 0.13576277241872095
81 0.19573954983922828 0.7609860664523045 0.1133440514469453 0.13290460878885313
73 0.7684887459807075 0.6230796713111824 0.1141479099678456 0.13433369060378705
66 0.8870578778135048 0.6266523758485174 0.11655948553054657 0.13290460878885313
23 0.7757234726688099 0.7717041800643085 0.09967845659163982 0.12290103608431577
81 0.887459807073955 0.7695605573419079 0.11414790996784575 0.13576277241872106
10 0.7805466237942121 0.9088960342979635 0.090032154340836 0.1314755269739193
46 0.8878617363344051 0.9131832797427653 0.11334405144694543 0.13433369060378708
10 0.07435691318327975 0.9081814933904967 0.11655948553054664 0.13290460878885313
66 0.19413183279742763 0.9046087888531619 0.11334405144694536 0.1314755269739193
