10 0.6811324554723988 0.400427484507696 0.08167629212996771 0.17600278438780928
19 0.5388177040338185 0.5503965237048085 0.0561008875236142 0.06380100934058085
81 0.5967748709240229 0.5503965237048085 0.0548633679458873 0.0623343194706824
71 0.6516382388699102 0.5514965411072323 0.05073830268679821 0.06160097453573322
5 0.5379926909820006 0.6185976026550846 0.0561008875236142 0.06380100934058085
49 0.5961561111351594 0.61823093018761 0.05362584836816055 0.06160097453573322
10 0.6499882127662747 0.6174975852526607 0.04826326353134462 0.06306766440563166
81 0.9187362143959402 0.5555299382494526 0.0528008353163427 0.06233431947068269
71 0.9183237078700224 0.6211643099274055 0.05362584836816033 0.06306766440562861
10 0.9735995823418284 0.6240976896672037 0.0528008353163429 0.06306766440563175
50 0.9740120888677376 0.5569966281193512 0.05197582226452496 0.06233431947068233
81 0.9186472784214582 0.684360410616877 0.05940093973088547 0.05353418025129261
10 0.5957436046092446 0.6853319917354606 0.046200730901799554 0.06380100934057716
