81 0.5255741820195123 0.40610357430420296 0.047417625153231314 0.06566370547535179
33 0.5809779335143406 0.406103574304203 0.05740028308022729 0.0674384002179289
81 0.6406243146281421 0.40610357430420296 0.05590288439117799 0.06566370547535179
2 0.5270715807085617 0.47886605874986315 0.048415890945930885 0.0656637054753517
10 0.5822257657552149 0.47886605874986315 0.057899415976577204 0.069213094960506
10 0.5245759162268127 0.5525158905668118 0.04342456198243284 0.06743840021792899
10 0.9276257300292786 0.4766476903216417 0.05490461859847841 0.06655105284664038
70 0.6406243146281418 0.47842238506421886 0.05490461859847841 0.06477635810406326
2 0.6932828351930462 0.40832194273242434 0.04342456198243284 0.06832574758921738
81 0.8704750133972263 0.4052162269329145 0.05540375149482813 0.06566370547535186
40 0.9286239958219784 0.401223163762116 0.05789941597657716 0.06300166336148613
81 0.9805338170423576 0.40033581639082755 0.038932365915284775 0.06655105284664038
42 0.9805338170423576 0.473541974522132 0.038932365915284775 0.06566370547535179
81 0.977539019664259 0.544529764225215 0.04492196067148214 0.06033962124762048
81 0.8689776147081771 0.5454171115965035 0.06838120679992218 0.053240842277312364
52 0.8699758805008764 0.4762040166359975 0.05540375149482813 0.06388901073277474
70 0.5265724478122121 0.6235036802698949 0.04941415673863052 0.06388901073277466
81 0.5263228813640373 0.6958224910299111 0.04791675804958104 0.07187513707437136
45 0.5822550421629008 0.6955172223010722 0.05642513038640617 0.06833576809134909
5 0.582225765755215 0.6203979644703851 0.05690115018387751 0.0665510528466406
11 0.6323886218383702 0.5502975221385907 0.10332050954440916 0.06122696861890924
5 0.9306205274073774 0.6177359223565194 0.0578994159765773 0.06655105284664047
33 0.9812825163868826 0.6168485749852308 0.037434967226235044 0.06655105284664038
81 0.9817816492832321 0.6904984068021796 0.036436701433535605 0.07010044233179472
70 0.9313692267519023 0.6887237120596026 0.05839854887292674 0.0665510528466406
10 0.6101772079508044 0.2982908686926457 0.08185779500136742 0.09494616872787381
