78 0.5548642078916753 0.3101893902621961 0.06806357677497298 0.07824790455908011
10 0.6229277846666486 0.3109960696906404 0.06443351934697487 0.07824790455908011
68 0.690764482852372 0.3126094285475287 0.0648872765254744 0.07663454570219198
36 0.8237153361528194 0.3109960696906405 0.0657947908824741 0.07824790455908015
5 0.8935939416417917 0.3093827108337523 0.06760981959647325 0.07986126341596847
59 0.965514454434013 0.30615599311997577 0.0689710911319718 0.08147462227285664
81 0.9648338186662638 0.38561391682172214 0.07033236266747238 0.0645343542755301
10 0.8938208202310417 0.3940840508203855 0.05082080399198006 0.083087981129745
73 0.8915520343385427 0.47757537166435243 0.06715606241797331 0.07744122513063616
68 0.9648338186662638 0.4783820510927966 0.07033236266747238 0.0806679428444125
81 0.964153182898513 0.5622767116509854 0.07169363420297178 0.0790545839875236
55 0.8906445199815429 0.5614700322225414 0.06897109113197274 0.07582786627374788
10 0.8938208202310417 0.647381391351841 0.06261849063297519 0.07986126341596858
80 0.964153182898514 0.648591410494507 0.07169363420297188 0.0790545839875243
81 0.9655144544340121 0.7236125973398105 0.06897109113197289 0.053240842277312
81 0.5555448436594245 0.7183691810549226 0.067609819596474 0.06534103370397353
60 0.5569061151949246 0.4775753716643523 0.06851733395347298 0.07582786627374771
10 0.5578136295519245 0.3928740316777193 0.044921960671482214 0.08066794284441257
