81 0.567899414110398 0.2785588898634099 0.07053861593042676 0.06306766440563165
61 0.6398818028815059 0.28075892466825736 0.06847608330088199 0.06746773401532688
81 0.7085641394453424 0.28149226960320667 0.06641355067133745 0.0689344238852253
85 0.77683396948327 0.28295895947310507 0.06435101804179283 0.07333449349492056
81 0.8444850397323342 0.28149226960320667 0.06435101804179254 0.07186780362502208
51 0.9127548697702618 0.2822256145381557 0.06558853761951945 0.07186780362502218
81 0.9754558617084186 0.2811255971357319 0.049088276583162324 0.07113445869007289
81 0.9727745692900107 0.44576153503182875 0.05445086141997848 0.07333449349492056
71 0.9735995823418284 0.3621602124476192 0.05280083531634282 0.07773456310461584
5 0.911104843666626 0.36216021244761926 0.06476352456770172 0.07773456310461584
13 0.8426287603657443 0.3628935573825685 0.06393851151588378 0.07773456310461584
10 0.9094548175629904 0.44576153503182864 0.04331318522043745 0.08066794284441264
85 0.5703744532658516 0.35556010803307614 0.06888858982679122 0.08213463271431089
10 0.6396755496185516 0.35922683270782246 0.06641355067133738 0.07920125297451416
10 0.5718182261065329 0.439894775552235 0.05115080921270696 0.08066794284441264
13 0.5718182261065331 0.5238627706039191 0.06847608330088202 0.07700121816966664
5 0.6402943094074149 0.5238627706039191 0.06270099193815726 0.07553452829976812
81 0.570993213054715 0.6063640757857047 0.06765107024906414 0.07480118336481895
85 0.569549440214034 0.6921654331747618 0.06888858982679115 0.07920125297451422
56 0.8401537212102904 0.5264294778762413 0.06476352456770161 0.0777345631046157
73 0.9078047914593553 0.5282628402136142 0.063938511515884 0.07700121816966657
61 0.9721558095011474 0.5278961677461398 0.055688380997705164 0.07626787323471738
81 0.9717433029752385 0.6114974903303491 0.0565133940495231 0.07773456310461568
51 0.9073922849334457 0.6092974555255014 0.06476352456770186 0.07773456310461568
10 0.9100735773518536 0.6928987781097098 0.06352600498997478 0.07920125297451405
71 0.9719495562381928 0.6954654853820331 0.0561008875236142 0.08140128777936184
56 0.5177798712124633 0.6052640583832808 0.032175509020896456 0.07846790803956502
73 0.5181923777383722 0.5223960807340204 0.0330005220727144 0.07846790803956477
