81 0.04019292604501608 0.21507681314755267 0.08038585209003216 0.1443372633083244
33 0.1483118971061093 0.21864951768488747 0.12459807073954984 0.1457663451232583
81 0.2753215434083601 0.21722043586995354 0.1229903536977492 0.14862450875312613
2 0.40353697749196143 0.22007859949982136 0.1270096463022508 0.1457663451232583
2 0.04220257234726688 0.37227581279028227 0.08440514469453377 0.1471954269381922
10 0.14991961414790997 0.3708467309753483 0.12459807073954984 0.1471954269381922
70 0.2765273311897106 0.37227581279028227 0.12057877813504823 0.14147909967845657
73 0.4071543408360128 0.3701321900678814 0.1310289389067524 0.13719185423365488
10 0.03175241157556264 0.5273311897106108 0.06350482315112528 0.15148267238299434
11 0.29260450160771706 0.5251875669882101 0.3215434083601286 0.13862093604858872
81 0.7717041800643087 0.5244730260807431 0.13665594855305457 0.12290103608431587
70 0.647508038585209 0.21579135405501962 0.12459807073954975 0.1486245087531261
81 0.7777331189710611 0.21364773133261877 0.12459807073954991 0.1443372633083244
40 0.9099678456591637 0.2065023222579493 0.12861736334405152 0.15005359056806003
52 0.7769292604501606 0.3701321900678814 0.12299035369774927 0.14290818149339046
10 0.9087620578778135 0.3658449446230797 0.13102893890675246 0.1457663451232583
5 0.9079581993569132 0.6788138620936048 0.12942122186495184 0.1486245087531262
70 0.9095659163987142 0.8381564844587354 0.12942122186495164 0.14719542693819218
10 0.9103697749196141 0.9594498035012503 0.12620578778135055 0.08110039299749915
33 0.7777331189710611 0.9551625580564488 0.12459807073954991 0.08967488388710251
10 0.15072347266881028 0.9594498035012503 0.12138263665594855 0.08110039299749915
5 0.1523311897106109 0.6809574848160057 0.12459807073954982 0.14147909967845648
52 0.2777331189710611 0.6795284030010719 0.1165594855305466 0.14147909967845662
70 0.04220257234726688 0.6823865666309397 0.08440514469453377 0.13576277241872106
81 0.042604501607717046 0.8360128617363343 0.08520900321543409 0.15148267238299415
