56 0.07556270096463022 0.05930689531975706 0.12861736334405144 0.11861379063951412
81 0.2065916398713826 0.06216505894962487 0.12540192926045013 0.12147195426938193
61 0.33520900321543406 0.06430868167202572 0.12057877813504823 0.12861736334405144
81 0.46302250803858497 0.0643086816720257 0.12218649517684882 0.1286173633440514
85 0.5880225080385852 0.06859592711682744 0.11816720257234728 0.13719185423365488
81 0.715032154340836 0.06573776348695963 0.11816720257234721 0.13147552697391926
51 0.8460610932475884 0.06573776348695963 0.1229903536977491 0.13147552697391926
81 0.9586012861736335 0.06502322257949268 0.0827974276527331 0.13004644515898536
5 0.8408360128617364 0.21793497677742046 0.1237942122186493 0.1471954269381921
71 0.955385852090032 0.21722043586995352 0.08922829581993569 0.14862450875312613
81 0.9517684887459807 0.37370489460521616 0.09646302250803857 0.12433011789924976
10 0.8388263665594856 0.37513397642015006 0.08279742765273312 0.15005359056806
73 0.8344051446945338 0.5280457306180779 0.12218649517684858 0.14719542693819218
56 0.7114147909967846 0.5266166488031441 0.10932475884244369 0.14147909967845662
61 0.9509646302250804 0.5287602715255447 0.0980707395498392 0.14862450875312616
13 0.21382636655948545 0.5194712397284745 0.12218649517684878 0.14433726330832436
73 0.08159163987138263 0.5144694533762059 0.1278135048231511 0.1457663451232584
56 0.07958199356913183 0.6688102893890675 0.12861736334405144 0.14576634512325826
81 0.21181672025723472 0.6716684530189353 0.1229903536977492 0.13719185423365485
5 0.0787781350482315 0.20292961772061452 0.12861736334405144 0.14576634512325834
85 0.20860128617363344 0.20793140407288319 0.12459807073954982 0.15005359056806003
10 0.33360128617363344 0.21507681314755267 0.10932475884244372 0.1443372633083244
10 0.21543408360128616 0.36513040371561273 0.10771704180064305 0.14433726330832441
10 0.8424437299035371 0.8345837799214004 0.1077170418006432 0.14576634512325828
51 0.8323954983922829 0.6809574848160057 0.12459807073954991 0.14433726330832441
81 0.9509646302250804 0.6831011075384066 0.0980707395498392 0.1429081814933906
71 0.9509646302250804 0.8381564844587354 0.09807073954983907 0.14433726330832441
81 0.95096463022508 0.9623079671311183 0.0980707395498392 0.07538406573776349
10 0.07757234726688104 0.8267238299392641 0.1262057877813505 0.14433726330832428
85 0.20377813504823156 0.8238656663093963 0.11495176848874591 0.14433726330832441
51 0.07556270096463022 0.9565916398713827 0.1270096463022508 0.08681672025723472
13 0.7122186495176848 0.22007859949982136 0.11897106109324752 0.1457663451232583
