78 0.053858520900321546 0.1336191496963201 0.10771704180064309 0.15291175419792782
10 0.1760450160771704 0.13790639514112182 0.12861736334405147 0.15291175419792785
68 0.30506430868167206 0.14076455877098965 0.11977491961414792 0.14433726330832441
5 0.697347266881029 0.1386209360485888 0.12781350482315113 0.14862450875312613
59 0.8327974276527331 0.13361914969632005 0.13504823151125397 0.15005359056805995
10 0.9545819935691316 0.1264737406216506 0.09083601286173608 0.15862808145766344
10 0.6917202572347267 0.2979635584137192 0.0940514469453376 0.15576991782779562
81 0.8344051446945338 0.2993926402286531 0.15112540192926047 0.15005359056806
11 0.295016077170418 0.30010718113612006 0.2282958199356914 0.1400500178635227
10 0.04541800643086817 0.2958199356913183 0.0892282958199357 0.15719899964272954
60 0.055064308681672024 0.4594498035012505 0.11012861736334405 0.14147909967845662
5 0.17885852090032156 0.4601643444087174 0.12459807073954986 0.15148267238299395
55 0.30988745980707394 0.4580207216863165 0.12620578778135044 0.14719542693819218
81 0.055064308681672024 0.6166488031439801 0.11012861736334405 0.15291175419792766
80 0.17845659163987138 0.6152197213290461 0.12218649517684885 0.1471954269381922
37 0.055064308681672024 0.7752768846016435 0.11012861736334405 0.15005359056805995
10 0.17845659163987138 0.7752768846016435 0.12218649517684885 0.1471954269381922
81 0.05305466237942122 0.9317613433369061 0.10610932475884244 0.13433369060378708
68 0.17564308681672025 0.9303322615219721 0.12138263665594855 0.13147552697391915
73 0.6941318327974276 0.46230796713111827 0.12620578778135047 0.15005359056805992
68 0.8291800643086816 0.46230796713111827 0.13102893890675246 0.15291175419792785
5 0.9501607717041801 0.4594498035012503 0.0996784565916399 0.15005359056805995
81 0.8287781350482315 0.6223651304037157 0.13344051446945343 0.15005359056806014
78 0.9505627009646302 0.6266523758485174 0.09887459807073955 0.1529117541979278
80 0.8291800643086816 0.7831368345837799 0.13263665594855312 0.15434083601286175
10 0.9505627009646302 0.7881386209360486 0.09887459807073952 0.1557699178277956
81 0.830385852090032 0.9353340478742409 0.12700964630225078 0.12718828152911754
73 0.9497588424437299 0.9380135762772416 0.1004823151125403 0.12397284744551593
