33 0.11495176848874596 0.22865309038942477 0.12700964630225078 0.14576634512325823
81 0.24316720257234728 0.23222579492675957 0.12459807073954984 0.15291175419792785
2 0.3637459807073955 0.23079671311182565 0.11173633440514472 0.1471954269381922
70 0.6101286173633441 0.2300821722043587 0.12861736334405138 0.1486245087531261
81 0.737942122186495 0.2286530903894248 0.12057877813504816 0.1457663451232583
2 0.8657556270096464 0.2236513040371561 0.1254019292604501 0.1414790996784566
81 0.967443729903537 0.2207931404072883 0.06511254019292607 0.1529117541979278
42 0.9654340836012861 0.37799214005001786 0.06913183279742768 0.1471954269381922
10 0.8649517684887459 0.38085030367988565 0.12700964630225073 0.14719542693819218
52 0.7375401929260448 0.38013576277241873 0.1213826366559484 0.14005001786352267
5 0.617363344051447 0.38085030367988565 0.10932475884244369 0.14147909967845657
81 0.7331189710610931 0.5251875669882101 0.14469453376205776 0.13862093604858872
81 0.9602090032154341 0.5316184351554127 0.07958199356913184 0.1314755269739193
11 0.25763665594855306 0.5344765987852804 0.27572347266881025 0.14005001786352267
10 0.11776527331189707 0.3829939264022865 0.12459807073954979 0.1429081814933904
70 0.2447749196141479 0.3829939264022866 0.12299035369774915 0.14005001786352267
73 0.3657556270096463 0.3844230082172204 0.11093247588424436 0.13719185423365488
5 0.8661575562700964 0.6838156484458736 0.12459807073954991 0.1471954269381922
70 0.8665594855305465 0.8388710253662023 0.12379421221864945 0.14862450875312605
81 0.967443729903537 0.843872811718471 0.06511254019292607 0.1471954269381922
10 0.8677652733118971 0.9608788853161844 0.12299035369774913 0.07824222936763121
10 0.1177652733118971 0.960878885316184 0.12138263665594855 0.07824222936763094
45 0.11897106109324752 0.8388710253662023 0.12379421221864949 0.14576634512325826
81 0.23673633440514472 0.838871025366202 0.10369774919614148 0.14576634512325848
52 0.2459807073954984 0.6859592711682743 0.1205787781350482 0.13147552697391915
5 0.11736334405144695 0.6873883529832082 0.12218649517684887 0.13719185423365485
