57 0.1177652733118971 0.13576277241872098 0.10691318327974277 0.12290103608431582
81 0.03014469453376206 0.1321900678813862 0.06028938906752412 0.12433011789924973
81 0.22668810289389063 0.14219364058592354 0.10128617363344046 0.12147195426938193
51 0.3311897106109325 0.14076455877098965 0.09967845659163985 0.12433011789924972
81 0.6414790996784566 0.14790996784565916 0.09807073954983934 0.12147195426938193
3 0.7443729903536977 0.14433726330832441 0.09807073954983934 0.12290103608431582
81 0.8524919614147913 0.1436227224008574 0.10369774919614129 0.12433011789924969
39 0.9557877813504821 0.1414790996784566 0.088424437299035 0.12004287245444802
10 0.9545819935691301 0.27224008574490904 0.09083601286173608 0.12718828152911768
57 0.848472668810289 0.2758127902822434 0.10369774919614143 0.12290103608431581
51 0.03215434083601286 0.26795284030010713 0.06430868167202572 0.12433011789924986
5 0.11937299035369779 0.2665237584851733 0.10530546623794212 0.11575562700964628
65 0.22709003215434084 0.26866738120757416 0.10048231511254016 0.12290103608431587
10 0.3311897106109325 0.270811003929975 0.0980707395498392 0.11861379063951415
39 0.6390675241157556 0.27581279028224365 0.0980707395498392 0.11718470882458021
5 0.7423633440514468 0.2750982493747767 0.10048231511254016 0.11861379063951412
81 0.03697749196141479 0.390853876384423 0.07395498392282958 0.10432297249017503
10 0.2303054662379421 0.3958556627366917 0.07636655948553052 0.12004287245444807
10 0.7439710610932478 0.4008574490889603 0.0763665594855303 0.12147195426938147
81 0.8456591639871383 0.3987138263665595 0.11575562700964624 0.11146838156484457
39 0.03376205787781351 0.5194712397284745 0.06752411575562701 0.11861379063951415
73 0.12379421221864952 0.5223294033583423 0.10610932475884245 0.12147195426938197
57 0.23030546623794212 0.5216148624508753 0.09887459807073952 0.120042872454448
65 0.637459807073955 0.5237584851732763 0.09485530546623792 0.11289746337977853
73 0.7391479099678463 0.5287602715255453 0.10048231511254009 0.1200428724544488
3 0.8448553054662379 0.527331189710611 0.10128617363344063 0.11718470882458021
5 0.9505627009646302 0.5294748124330119 0.09887459807073952 0.12147195426938197
51 0.7391479099678457 0.6516613076098605 0.09887459807073967 0.11432654519471244
81 0.8432475884244375 0.6552340121471955 0.10289389067524113 0.11861379063951417
65 0.9505627009646301 0.6602357984994639 0.09887459807073934 0.11718470882458015
81 0.03376205787781351 0.6495176848874599 0.06752411575562701 0.11289746337977846
3 0.1245980707395498 0.648803143979993 0.10450160771704178 0.11718470882458033
81 0.2323151125401929 0.648088603072526 0.09967845659163982 0.11003929974991067
10 0.12397046569676227 0.7785149401063319 0.1053054662379421 0.11575059174769549
81 0.03255627009646302 0.903894247945695 0.06511254019292605 0.11575562700964634
3 0.12432991866631951 0.9049121663532123 0.10450115851976624 0.11718470882458043
10 0.7395498392282959 0.780993211861379 0.09324758842443742 0.11861379063951417
39 0.843649517684888 0.781707752768846 0.10369774919614148 0.11718470882458004
10 0.9504247959325542 0.785894166656174 0.09887459807073969 0.12141347848258954
81 0.842845659163987 0.9081814933904967 0.09887459807073934 0.11575562700964637
73 0.9500551572229518 0.9165549044978389 0.09887409193338088 0.10718113612004278
57 0.033360128617363344 0.7767059664165774 0.06672025723472669 0.11289746337977846
