56 0.07516077170418005 0.05859235441229009 0.13102893890675238 0.11718470882458018
5 0.07837620578778134 0.20078599499821365 0.12781350482315113 0.14433726330832441
81 0.20618971061093244 0.06216505894962488 0.12459807073954979 0.12433011789924976
85 0.20860128617363347 0.2086459449803501 0.12299035369774922 0.1457663451232583
61 0.3356109324758841 0.07288317256162916 0.12138263665594862 0.12004287245444802
85 0.5888263665594855 0.06859592711682744 0.11495176848874605 0.13719185423365488
81 0.46141479099678434 0.06716684530189351 0.12379421221864936 0.1314755269739192
81 0.7162379421221865 0.06859592711682744 0.11897106109324752 0.12861736334405144
51 0.845257234726688 0.06859592711682744 0.11977491961414785 0.13147552697391926
81 0.9581993569131834 0.06573776348695963 0.08360128617363344 0.12861736334405144
13 0.7114147909967846 0.21864951768488744 0.11897106109324752 0.14576634512325828
5 0.840836012861736 0.21650589496248657 0.12218649517684856 0.1471954269381922
71 0.9553858520900321 0.21293319042515185 0.08922829581993569 0.15434083601286175
81 0.9517684887459807 0.3729903536977492 0.09646302250803857 0.14290818149339046
61 0.9590032154340835 0.5287602715255448 0.0819935691318328 0.14576634512325826
51 0.07355305466237944 0.9565916398713827 0.12942122186495178 0.08681672025723472
10 0.3356109324758842 0.2136477313326188 0.12138263665594856 0.15005359056806009
81 0.9513665594855305 0.9601643444087173 0.09726688102893888 0.07967131118256518
