78 0.5545238900078009 0.31115740557632937 0.068381206799923 0.07808656867339142
10 0.6239033626004236 0.31337577400455074 0.06338987783642488 0.07897391604467999
68 0.6895393384704228 0.31248842663326215 0.06289074494007488 0.07542452655952583
73 0.7566727130294711 0.30849536346246376 0.06239161204372535 0.06921309496050604
36 0.8235565211403447 0.31204475294761785 0.06438814362912437 0.07808656867339142
5 0.8926864272847925 0.31115740557632937 0.0668838081108737 0.07986126341596851
59 0.9653102637036891 0.3062769950342424 0.0693794725926225 0.07897391604467999
10 0.8934351266293171 0.3972301005913177 0.047417625153231314 0.07986126341596851
81 0.9638128650146394 0.3941243847918077 0.07237426997072134 0.07010044233179456
73 0.8911890285957432 0.480197079806796 0.06688380811087356 0.07719922130210286
68 0.9643119979109892 0.47975340612115175 0.07137600417802176 0.07808656867339131
81 0.964811130807339 0.5644950800792072 0.07037773838532203 0.07719922130210279
80 0.9640624314628141 0.6487930803516183 0.07187513707437163 0.07897391604467999
81 0.964811130807339 0.7246612805967884 0.07037773838532203 0.0532408422773122
36 0.8926864272847925 0.722442912168567 0.06987860548897232 0.0576775791337549
10 0.8929359937329673 0.6483494066659741 0.06538640942182425 0.08341065290112262
55 0.8916881614920927 0.5636077327079186 0.067882073903573 0.07897391604467999
60 0.5550230229041513 0.47753503769293126 0.06438814362912455 0.07542452655952757
81 0.5490334281479531 0.7184498489977684 0.05740028308022744 0.06743840021792892
10 0.5565204215932001 0.39368071110616343 0.049414156738630484 0.07808656867339138
