78 0.05345659163987138 0.13361914969632013 0.10691318327974277 0.15005359056806003
10 0.1764469453376206 0.13647731332618793 0.12781350482315113 0.15576991782779565
68 0.3062700964630225 0.14219364058592354 0.12218649517684887 0.15291175419792785
5 0.6957395498392284 0.1414790996784566 0.12781350482315113 0.15148267238299393
59 0.8331993569131834 0.13219006788138615 0.13585209003215476 0.15576991782779556
10 0.9541800643086812 0.1250446588067167 0.09163987138263663 0.15862808145766347
10 0.694935691318328 0.30153626295105396 0.09565916398713824 0.15434083601286175
81 0.834807073954984 0.2958199356913183 0.14871382636655953 0.15148267238299393
11 0.29541800643086813 0.29724901750625216 0.22909967845659154 0.14862450875312605
10 0.04903536977491961 0.2972490175062522 0.09646302250803858 0.15719899964272951
60 0.055064308681672024 0.4580207216863165 0.11012861736334405 0.1443372633083245
5 0.18086816720257232 0.45873526259378367 0.1270096463022508 0.14862450875312597
81 0.056270096463022494 0.6166488031439799 0.11254019292604499 0.15005359056805995
80 0.1824758842443729 0.6145051804215791 0.12861736334405144 0.14576634512325823
37 0.05466237942122187 0.7767059664165776 0.10932475884244373 0.14719542693819218
81 0.05345659163987137 0.9281886387995704 0.10691318327974274 0.13290460878885307
73 0.6941318327974279 0.4608788853161845 0.12781350482315107 0.14719542693819224
5 0.9513665594855305 0.4587352625937835 0.09726688102893888 0.15434083601286175
78 0.9497588424437299 0.6237942122186495 0.1004823151125403 0.15005359056806
10 0.9493569131832796 0.7874240800285816 0.10128617363344049 0.15719899964272954
73 0.9497588424437299 0.935869953554841 0.1004823151125403 0.12826009289031787
