56 0.5437471570184291 0.2785675566671859 0.08122253495146788 0.06534103370397407
10 0.6306416567011458 0.28542433180896165 0.08439883520096664 0.07905458398752437
0 0.8783581204964968 0.2979002899372969 0.07626971060272585 0.09276813427107422
10 0.958708096756516 0.3063979969485089 0.07078611984597202 0.09357481369951863
12 0.9550780393285174 0.40481288721869224 0.07350866291697102 0.09034809598574199
81 0.8749765059026784 0.3965745997062802 0.07396242009547074 0.08394929164411886
10 0.9528092534360185 0.5032277774888756 0.044468203492982354 0.09034809598574213
10 0.5394364638226817 0.4697505812084444 0.05354334706297891 0.09599485198485098
11 0.7509698586806257 0.4735843384842193 0.286782711978276 0.09096205978571026
73 0.5385289494656803 0.5717955289066248 0.07532369163097044 0.09518817255640774
43 0.624742813380648 0.5758289260488466 0.08167629212996762 0.08712137827196552
41 0.5383020708764302 0.6758571751759169 0.07123987702447089 0.10002824912707045
77 0.9500867103650195 0.5968025911883942 0.0753236916309703 0.08873473712885385
10 0.9543974035607679 0.6952174814585778 0.06034970474047597 0.09196145484263027
81 0.5430665212506793 0.37093235122403856 0.08076877777296916 0.09196145484262949
6 0.6296604211836521 0.3750719097765964 0.08217673755978538 0.09599485198485057
81 0.7978186938267384 0.291468485751074 0.0771363481585801 0.08954141655729739
