81 0.6290535065763959 0.2734854762679886 0.06125721909747575 0.04356068913598276
62 0.6914451186201217 0.27348547626798864 0.059895947561976186 0.045174047992870996
81 0.7549711236100967 0.2726787968395445 0.05989594756197633 0.043560689135982746
17 0.5634855942831724 0.2718721174111004 0.06261849063297532 0.04194733027909454
17 0.817589614243071 0.27308213655376656 0.06080346191897638 0.04114065085065047
62 0.947591045883269 0.27146877769687827 0.0648872765254743 0.03952729199376219
5 0.5646199872294219 0.3343897731155201 0.06488727652547432 0.07340782798841541
81 0.5206055409149392 0.4114276585319341 0.036754331458485584 0.06292099541864189
87 0.6297341423441458 0.3360031319724084 0.06080346191897584 0.07179446913152715
10 0.6930332687448711 0.33801983054351864 0.060349704740476254 0.07260114855997127
73 0.8178164928323204 0.33640647168663007 0.05762716166947735 0.07098778970308267
87 0.8811156192330466 0.33640647168663046 0.061710976275975465 0.07260114855997131
5 0.9455583053727454 0.332993110634335 0.06399414026340812 0.07420574363259928
10 0.9453222599907596 0.41142765853193225 0.0421994176004826 0.07421450741685574
10 0.629961020933389 0.4130410173888205 0.0494595324564796 0.0742145074168558
73 0.5668887731219209 0.4900789028052364 0.06307224781147504 0.0717944691315271
62 0.6304147781118958 0.4888688836625702 0.05944219038347633 0.07098778970308302
5 0.690991361441622 0.4900789028052364 0.053543347062978766 0.07018111027463902
87 0.5673425303004207 0.5675201279358724 0.06307224781147511 0.0717944691315271
81 0.5176561192546897 0.566310108793206 0.029947973780988263 0.07582786627374785
10 0.5664350159434212 0.6445580133522865 0.06307224781147504 0.07260114855997131
81 0.6308685352903953 0.566310108793206 0.05944219038347634 0.06937443084619471
17 0.630187899522646 0.6433479942096203 0.05898843320497669 0.06856775141775075
82 0.5655275015864212 0.7163524824838133 0.06307224781147498 0.06130763656175311
62 0.8797543476975461 0.489272223376792 0.06080346191897594 0.07340782798841516
73 0.9446416242230217 0.4900789028052363 0.06443351934697461 0.0734078279884155
82 0.9446416242230197 0.5687301470785386 0.06352600498997474 0.07421450741685957
81 0.8793005905190472 0.5671167882216502 0.06080346191897588 0.0726011485599712
10 0.9444147456337717 0.6457680324949527 0.06397976216847483 0.07340782798841544
87 0.9457760171692706 0.718369181054924 0.06579479088247378 0.06211431599019741
81 0.880434983465297 0.27146877769687827 0.061257219097475966 0.03952729199376222
81 0.6276922350408964 0.7155458030553689 0.05581213295547727 0.06453435427552995
