16 0.055868167202572344 0.047874240800285815 0.11173633440514469 0.09574848160057163
32 0.17926045016077172 0.04858878170775276 0.12218649517684894 0.09717756341550551
10 0.30546623794212197 0.05501964987495534 0.1189710610932474 0.11003929974991068
81 0.42805466237942125 0.05501964987495534 0.11655948553054664 0.11003929974991068
86 0.05747588424437299 0.1750625223294033 0.11495176848874598 0.13576277241872095
86 0.5478295819935692 0.05930689531975707 0.11655948553054658 0.11861379063951415
5 0.18006430868167203 0.18077884958913898 0.12057877813504826 0.1386209360485888
81 0.3046623794212218 0.18863879957127544 0.11575562700964624 0.13719185423365488
44 0.6700160771704179 0.06145051804215791 0.11495176848874607 0.12290103608431582
5 0.7930064308681672 0.06002143622722401 0.11816720257234721 0.12004287245444802
81 0.9204180064308681 0.0571632725973562 0.11897106109324768 0.1143265451947124
81 0.7913987138263665 0.2000714540907467 0.11495176848874608 0.13719185423365485
73 0.6672025723472669 0.20078599499821365 0.11254019292604504 0.13576277241872095
10 0.18287781350482316 0.32940335834226514 0.07315112540192927 0.13576277241872098
10 0.7853697749196141 0.3479814219364058 0.0819935691318328 0.13862093604858872
11 0.48995432074908135 0.3327798596634388 0.4244372990353697 0.13290510892997867
81 0.05787781350482315 0.47016791711325473 0.1157556270096463 0.13719185423365488
16 0.18207395498392287 0.47159699892818857 0.11816720257234727 0.13433369060378705
44 0.3046623794212218 0.4758842443729903 0.11575562700964623 0.12861736334405152
10 0.6635852090032155 0.4880314397999286 0.11495176848874605 0.1329046087888531
86 0.7837620578778135 0.4908896034297964 0.11575562700964612 0.13290460878885313
44 0.9092821492358256 0.49002840814584786 0.1214067173438549 0.13609410773511835
32 0.05747588424437299 0.6116470167917114 0.11495176848874598 0.1314755269739193
44 0.18127009646302253 0.6152197213290461 0.11816720257234728 0.12718828152911754
16 0.6647909967845661 0.6287959985709183 0.10771704180064307 0.1314755269739193
44 0.7825308238985953 0.6302285840149388 0.11655930930857947 0.13004644515898525
81 0.9063298168228789 0.6365956526889215 0.11980770888607378 0.1314755269739193
44 0.05747588424437299 0.7588424437299034 0.11495176848874598 0.13433369060378722
5 0.17604501607717044 0.7588424437299036 0.10771704180064309 0.1314755269739195
10 0.057877813504823135 0.9010360843158268 0.11254019292604499 0.1414790996784568
81 0.1752411575562701 0.902465166130761 0.10932475884244372 0.13576277241872092
44 0.6643890675241159 0.7681314755269736 0.1020900321543407 0.13290460878885324
81 0.6591639871382636 0.9117541979278314 0.10771704180064312 0.12575919971418373
81 0.7813410848768194 0.7735126492482316 0.11495176848874589 0.1314756788463725
10 0.7789389067524115 0.917470525187567 0.1141479099678456 0.13433369060378708
10 0.9055423546999496 0.7767206930847579 0.11816720257234722 0.13719185423365488
86 0.9031350482315113 0.9246159342622365 0.12138263665594849 0.13719185423365488
