17 0.5378483136979324 0.2880057059799829 0.06942484831047245 0.07098778970308306
81 0.6099957050794034 0.29042574426531487 0.06760981959647308 0.07582786627374771
62 0.6796474319791264 0.29042574426531526 0.06624854806097388 0.07421450741685952
17 0.819858400135571 0.29082908397953733 0.06534103370397432 0.07824790455908019
81 0.8901907628030432 0.29042574426531526 0.06897109113197303 0.07582786627374784
62 0.9639263043092633 0.2892157251226489 0.07123987702447188 0.07179446913152722
5 0.538755828054932 0.37149702682394986 0.07123987702447188 0.08470133998663329
87 0.6104494622579032 0.3735137253950601 0.06760981959647316 0.07905458398752438
10 0.6798743105683763 0.37149702682394986 0.0657947908824741 0.07340782798841552
10 0.6120376123826531 0.4590217448101375 0.04537571784998207 0.083894660558189
11 0.7874147618728338 0.4610384433812479 0.21099708800241657 0.07663454570219187
10 0.9609768826490153 0.4594250845243596 0.044468203492982354 0.08308798112974486
5 0.9630187899522633 0.3719003665381717 0.07396242009547087 0.08066794284441241
87 0.8881488554997911 0.37311038568083715 0.06942484831047174 0.08147462227285693
73 0.538755828054932 0.545336443653659 0.07214739138147146 0.08228130170130071
62 0.6120376123826532 0.5445297642252149 0.0689710911319728 0.07582786627374788
5 0.6812355821038758 0.5441264245109927 0.0648872765254744 0.07663454570219208
87 0.5410246139474312 0.6312478027829583 0.07668496316646965 0.08308798112974493
10 0.5392095852334318 0.7143357839127031 0.07033236266747235 0.0685677514177507
73 0.9625650327737647 0.5465464627963251 0.07486993445247066 0.07824790455908015
82 0.9630222658047992 0.632572191712638 0.07350857307295967 0.08399888219373983
