10 0.4212218649517685 0.08645944980350125 0.13826366559485537 0.1729188996070025
16 0.09646302250803859 0.23365487674169347 0.11736334405144695 0.13290460878885318
32 0.21824758842443706 0.24008574490889636 0.11334405144694525 0.1314755269739193
10 0.33561093247588425 0.24222936763129688 0.11012861736334405 0.12718828152911751
81 0.4493429579852009 0.24771113329200234 0.10208998854577364 0.1314755269739193
86 0.09646302250803859 0.37370489460521616 0.11575562700964631 0.13004644515898534
5 0.21824758842443737 0.3808503036798856 0.11495176848874604 0.1300464451589854
81 0.33520900321543406 0.3822793854948196 0.10932475884244372 0.12718828152911754
32 0.4485530546623794 0.3872811718470882 0.10289389067524113 0.12575919971418362
44 0.6844855305466236 0.25652018578063596 0.1053054662379422 0.13290460878885318
73 0.678024918133416 0.3937042019424416 0.11655930744934784 0.12861736334405144
81 0.7982315112540193 0.3987138263665595 0.11254019292604496 0.12861736334405144
5 0.8014469453376205 0.25794926759556985 0.11093247588424432 0.13004644515898536
81 0.922427652733119 0.2615219721329046 0.11334405144694543 0.13433369060378708
10 0.9192122186495177 0.3979992854590925 0.11495176848874579 0.12718828152911754
10 0.7970257234726688 0.5359056806002144 0.07958199356913184 0.13719185423365482
10 0.21583601286173631 0.5180421579135406 0.07958199356913184 0.12718828152911754
81 0.09485530546623795 0.6523758485173278 0.11575562700964631 0.12433011789924976
16 0.21463022508038587 0.6566630939621294 0.11093247588424442 0.12718828152911754
44 0.3307877813504823 0.6588067166845302 0.10691318327974277 0.12861736334405152
44 0.21342443729903526 0.7931404072883171 0.11173633440514456 0.12861736334405144
32 0.09204180064308681 0.7938549481957842 0.11495176848874598 0.12718828152911751
44 0.08963022508038584 0.9330117899249732 0.11495176848874598 0.13397642015005354
5 0.2102090032154341 0.935869953554841 0.11173633440514469 0.12826009289031787
44 0.9151929260450165 0.6809574848160057 0.11655948553054675 0.13004644515898528
81 0.9155728786310086 0.8213314615223039 0.11816720257234734 0.1314755269739193
86 0.7977991489658176 0.6736735627438182 0.10771664546410717 0.13004644515898545
10 0.9151929260450161 0.948731689889246 0.11816720257234722 0.10253662022150746
