56 0.14590032154340837 0.12575919971418364 0.1647909967845659 0.18863879957127544
10 0.30747588424437294 0.13147552697391926 0.14710610932475884 0.18578063594140765
81 0.6270096463022508 0.13790639514112185 0.15112540192926033 0.17291889960700252
0 0.7813504823151126 0.13647731332618793 0.14790996784565905 0.1757770632368703
10 0.9320739549839229 0.13433369060378705 0.1358520900321544 0.1743479814219364
81 0.14911575562700966 0.31868524473026083 0.16318327974276528 0.18006430868167203
6 0.31189710610932475 0.3222579492675956 0.14790996784565913 0.17291889960700252
81 0.782556270096463 0.3251161128974634 0.14871382636655953 0.17577706323687028
12 0.9316720257234726 0.31939978563772775 0.13665594855305457 0.17291889960700246
10 0.9368971061093248 0.5066095033940694 0.1004823151125403 0.17291889960700252
77 0.9320739549839229 0.6909610575205432 0.1358520900321544 0.18435155412647375
10 0.9344855305466239 0.8846016434440872 0.13102893890675232 0.1772061450518042
56 0.7869774919614148 0.8781707752768847 0.14630225080385856 0.17577706323687026
5 0.7833601286173633 0.6909610575205432 0.14710610932475887 0.1729188996070026
73 0.14951768488745976 0.7002500893176138 0.1607717041800642 0.1800643086816719
10 0.15233118971061094 0.5130403715612719 0.10530546623794212 0.1800643086816721
41 0.14859266019171113 0.8980305310690198 0.16224393552732072 0.17868639495681382
9 0.6294212218649519 0.3215434083601286 0.14147909967845662 0.16577349053233295
11 0.5377813504823151 0.5001786352268668 0.5369774919614149 0.1772061450518042
