10 0.16639871382636656 0.17506252232940336 0.16559485530546625 0.35012504465880673
33 0.10490353697749195 0.46516613076098606 0.11977491961414792 0.13290460878885313
81 0.2282958199356914 0.4701679171132546 0.11736334405144695 0.13433369060378683
2 0.3444533762057878 0.46873883529832083 0.11173633440514472 0.13719185423365482
81 0.45860128617363344 0.46945337620578775 0.10530546623794208 0.13004644515898534
81 0.9139871382636656 0.46445158985351914 0.11093247588424432 0.1314755269739193
42 0.9155948553054662 0.6045016077170419 0.11254019292604511 0.1229010360843158
81 0.9059485530546624 0.738835298320829 0.1446945337620579 0.1229010360843158
33 0.9143890675241159 0.884601643444087 0.12138263665594846 0.14005001786352295
11 0.24296509368118166 0.7602858713770273 0.27329451875970406 0.12433244868043854
10 0.10369774919614148 0.6137906395141121 0.1157556270096463 0.1300464451589853
70 0.22789389067524116 0.6109324758842444 0.11173633440514472 0.13004644515898534
73 0.3456591639871383 0.6130760986066451 0.1093247588424438 0.1286173633440515
52 0.22628617363344053 0.8967488388710254 0.11173633440514472 0.12433011789924976
5 0.10450160771704178 0.9003215434083597 0.11897106109324752 0.13719185423365515
