10 0.5857196960296635 0.352943399969735 0.08984392134296464 0.18311623025681656
33 0.5562254794271752 0.5041957928030086 0.05717340449097755 0.05969427770486526
81 0.6122644909719029 0.5054058119456747 0.04855201809948085 0.06856775141775068
10 0.5571329937841748 0.5735702236492033 0.05717340449097732 0.06614771313241846
81 0.8289335437055673 0.5050024722314527 0.04991328963498036 0.06130763656175343
40 0.8817962550007961 0.5054058119456747 0.05036704681347983 0.05727423941953294
81 0.935793359242275 0.5041957928030085 0.05218207552747927 0.06130763656175354
10 0.982076591449257 0.5045991325172307 0.03584681710148601 0.06050095713330933
10 0.8813424978222966 0.5699401662212049 0.04945953245648028 0.058887598276421184
42 0.9353396020637754 0.5695368265069828 0.0512745611704797 0.05969427770486547
5 0.9825303486277562 0.570746845649649 0.03493930274448559 0.06211431599019775
81 0.9369277521885248 0.6332645013540686 0.058080918847977045 0.05162748342042406
81 0.8375549300970593 0.6328611616398414 0.04628323220697467 0.04598072742131505
5 0.882930647947046 0.7002188939149312 0.050820803991979774 0.06130763656175347
33 0.9364739950100249 0.7010255733433752 0.050820803991979774 0.06292099541864175
10 0.9829841058062567 0.7030422719144857 0.03403178838748673 0.0637276748470859
