10 0.4430263357889558 0.13258299860760986 0.09184045292835047 0.12511597935169635
10 0.675314050924454 0.31559414243277295 0.08235692789771741 0.13842618992101147
81 0.5824753322033899 0.45180196392556277 0.06139334625102563 0.07010044233179442
57 0.5253246155713375 0.4513582902399187 0.04791675804958104 0.07276248444565987
5 0.526322881364037 0.5272264904850885 0.04791675804958111 0.06832574758921744
65 0.5827248986515648 0.5250081220568672 0.05989594756197633 0.06566370547535186
10 0.6448669442471151 0.524564448371223 0.05640201728752764 0.06655105284664038
51 0.6451165106952902 0.45047094286863 0.057899415976577086 0.06921309496050604
81 0.9480901787796205 0.4460342060121873 0.061892479147375494 0.0709877897030831
57 0.9495875774686698 0.5205713852004246 0.06289074494007522 0.07098778970308302
81 0.9515841090540692 0.592002848589152 0.06987860548897246 0.06477635810406333
57 0.5805456352509292 0.6792118239715712 0.05839854887292683 0.07187513707437171
10 0.5834735979960893 0.6013199959876816 0.03943149881163443 0.07453717918823732
73 0.5250750491231625 0.6829559541462281 0.04641935936053172 0.06388901073277677
39 0.8235565211403447 0.521458732571713 0.05939681466562661 0.06566370547535186
