81 0.08802250803858522 0.05287602715255448 0.1229903536977492 0.10575205430510896
0 0.2130225080385852 0.055019649874955334 0.11093247588424432 0.11003929974991067
81 0.32998392282958194 0.05787781350482315 0.11012861736334408 0.1157556270096463
29 0.4461414790996785 0.055019649874955334 0.10450160771704177 0.11003929974991067
81 0.5590836012861736 0.055734190782422297 0.10691318327974272 0.11146838156484459
81 0.7881832797427651 0.05644873168988926 0.110128617363344 0.11289746337977852
76 0.9051446945337621 0.052876027152554475 0.11254019292604511 0.10575205430510895
10 0.9039389067524115 0.18292247231153985 0.11173633440514465 0.12861736334405147
43 0.7861736334405144 0.18506609503394064 0.10932475884244389 0.13004644515898534
9 0.09083601286173634 0.18149339049660596 0.12218649517684887 0.1400500178635227
10 0.215032154340836 0.1864951768488746 0.11495176848874596 0.13576277241872098
12 0.3311897106109325 0.18863879957127547 0.1109324758842444 0.12861736334405147
73 0.4465434083601286 0.1907824222936763 0.10691318327974272 0.13004644515898534
11 0.3669614147909968 0.32868881743479816 0.3030546623794212 0.13147552697391923
81 0.7881832797427653 0.32583065380493037 0.11012861736334396 0.120042872454448
56 0.09686495176848876 0.4715969989281886 0.11655948553054662 0.13147552697391923
10 0.09766881028938902 0.3272597356198641 0.07797427652733124 0.14005001786352256
5 0.21784565916398715 0.47088245802072165 0.11575562700964631 0.13290460878885313
25 0.3348070739549838 0.4687388352983206 0.11012861736334396 0.1257591997141836
10 0.45016077170418 0.46802429439085386 0.1109324758842444 0.12433011789924983
14 0.7833601286173633 0.46516613076098606 0.10691318327974272 0.1300464451589854
5 0.90032154340836 0.46516613076098606 0.11254019292604496 0.13290460878885313
41 0.8999196141479101 0.6030725259021079 0.11173633440514479 0.1314755269739193
81 0.7849678456591639 0.6045016077170419 0.10530546623794222 0.1229010360843158
81 0.09686495176848876 0.6152197213290461 0.11977491961414793 0.1329046087888531
31 0.21784565916398713 0.6095033940693104 0.1141479099678456 0.13004644515898534
81 0.3360128617363344 0.6095033940693103 0.11093247588424435 0.12718828152911751
14 0.09726688102893892 0.7559842801000358 0.11736334405144695 0.13147552697391934
10 0.2190514469453376 0.752411575562701 0.1133440514469454 0.12718828152911754
6 0.33323211056645086 0.7512642136390449 0.10610914663325272 0.12569903118163628
81 0.09497065007736183 0.9056640514040241 0.12057877813504814 0.13447822223477737
31 0.21824758842443726 0.8903179707038228 0.11334405144694527 0.13147552697391923
81 0.3303858520900322 0.8903179707038228 0.09485530546623792 0.13147552697391915
10 0.8975080385852081 0.7431225437656306 0.11012861736334396 0.13147552697391907
