57 0.09163987138263664 0.20936048588781708 0.1237942122186495 0.14433726330832441
81 0.21704180064308684 0.2086459449803501 0.1189710610932476 0.14005001786352267
51 0.33762057877813506 0.2086459449803501 0.11254019292604504 0.13433369060378705
65 0.2202572347266881 0.36012861736334406 0.11897106109324757 0.14005001786352267
5 0.0940514469453376 0.35941407645587714 0.11897106109324757 0.13862093604858877
10 0.22427652733118963 0.5108967488388709 0.07877813504823147 0.14147909967845654
10 0.34284565916398685 0.36012861736334434 0.11173633440514412 0.14290818149339
81 0.7069935691318328 0.20364415862808144 0.11655948553054657 0.1386209360485888
39 0.7061897106109325 0.3544122901036084 0.11816720257234721 0.14005001786352267
5 0.8336012861736336 0.3529832082886742 0.12379421221864949 0.14290818149339074
81 0.9521704180064309 0.19292604501607719 0.09565916398713824 0.1429081814933905
3 0.8344051446945338 0.19935691318327975 0.1205787781350483 0.14433726330832441
57 0.9509646302250804 0.34655234012147196 0.0980707395498392 0.14147909967845662
81 0.947749196141479 0.49803501250446586 0.10450160771704177 0.13576277241872098
10 0.8336012861736335 0.5051804215791355 0.08038585209003202 0.1443372633083245
73 0.09686495176848876 0.660950339406931 0.12459807073954984 0.13576277241872092
57 0.2254823151125402 0.6573776348695963 0.12138263665594856 0.13719185423365488
3 0.09726688102893888 0.8095748481600563 0.12218649517684885 0.14719542693819115
10 0.09887459807073956 0.944623079671311 0.11736334405144695 0.10289389067524064
73 0.8340032154340835 0.6559485530546624 0.12459807073954979 0.14290818149339063
3 0.9505627009646302 0.6573776348695963 0.09887459807073952 0.14862450875312605
51 0.835610932475884 0.8052876027152556 0.1262057877813505 0.14147909967845634
81 0.9521704180064309 0.8145766345123258 0.09565916398713824 0.14290818149339046
10 0.8388263665594855 0.9458735262593784 0.10691318327974272 0.10825294748124324
39 0.9529742765273312 0.9494462307967132 0.0940514469453376 0.10110753840657381
