11 0.3014469453376206 0.18077884958913898 0.27170418006430874 0.17291889960700246
10 0.03456591639871382 0.18292247231153982 0.06913183279742764 0.180064308681672
10 0.7801446945337621 0.18077884958913898 0.10048231511254016 0.17291889960700246
81 0.9268488745980707 0.16791711325473385 0.14630225080385825 0.1471954269381922
41 0.6245980707395499 0.041443372633083245 0.14308681672025728 0.08288674526616649
73 0.7741157556270096 0.3665594855305468 0.1463022508038585 0.17006073597713475
14 0.9280546623794212 0.36298678099321185 0.14389067524115745 0.17148981779206862
81 0.927652733118971 0.5480528760271526 0.14469453376205796 0.16434440871739908
84 0.7749196141479101 0.5516255805644874 0.14630225080385842 0.17148981779206862
12 0.9268488745980707 0.735977134690961 0.14630225080385856 0.17434798142193642
10 0.7733118971061093 0.7309753483386925 0.14147909967845662 0.17006073597713467
81 0.927652733118971 0.9138978206502324 0.1446945337620579 0.16434440871739928
5 0.17122186495176847 0.3672740264380137 0.15112540192926044 0.17434798142193642
56 0.04340836012861736 0.3737048946052161 0.08681672025723472 0.17291889960700252
25 0.3291800643086817 0.3658449446230797 0.15353697749196146 0.16863165416220077
31 0.17443729903536975 0.5566273669167561 0.15112540192926047 0.16720257234726696
81 0.329983922829582 0.5501964987495535 0.15032154340836015 0.16863165416220072
81 0.04541800643086816 0.557341907824223 0.09083601286173631 0.16577349053233298
14 0.04501607717041801 0.7452661664880316 0.09003215434083602 0.17006073597713467
10 0.17845659163987138 0.737406216505895 0.15594855305466238 0.16291532690246513
81 0.04622186495176849 0.925866380850303 0.09244372990353698 0.14826723829939248
31 0.1692122186495177 0.918899607002501 0.1342443729903537 0.1600571632725972
