8 0.5339913776806824 0.31583614626130446 0.06171097627597568 0.0685677514177501
81 0.5963829897244084 0.31986954340352547 0.059442190383476444 0.06695439256086172
53 0.6567326944648851 0.3218862419746361 0.055812132955477954 0.06937443084619467
81 0.7141329775451123 0.3247096199741904 0.054450861419978326 0.06695439256086241
81 0.8255303648668185 0.3263229788310786 0.052182075527478895 0.06534103370397412
67 0.880434983465297 0.32591963911685673 0.05036704681348013 0.06453435427553003
81 0.9355664806530243 0.3263229788310784 0.052635832705979775 0.06534103370397426
35 0.9827572272170064 0.3259196391168565 0.034485545565986396 0.06453435427552998
5 0.535125770626933 0.38843729482127626 0.0621647334544754 0.06534103370397379
71 0.5972905040814089 0.391664012535053 0.05762716166947726 0.06856775141775068
10 0.6560520586971357 0.3928740316777191 0.05354334706297898 0.06614771313241824
5 0.8802081048760471 0.3961007493914957 0.051728318348979486 0.06292099541864182
4 0.9351127234745253 0.39569740967727357 0.052635832705979185 0.06211431599019759
10 0.9827572272170068 0.39489073024882954 0.034485545565986514 0.06534103370397418
81 0.9303482731002772 0.462248462523914 0.058534676026476974 0.058080918847977114
10 0.8774855618050305 0.4642651610950201 0.039023117350983655 0.06534103370396559
10 0.5981980184384014 0.46184512280968826 0.04219941760048258 0.06695439256085545
73 0.5364870421624329 0.5340429316554411 0.06125721909747583 0.0677610719893066
35 0.5981980184384086 0.533236252226997 0.058534676026476905 0.06453435427553003
8 0.5360332849839322 0.6042240419300766 0.061257219097475585 0.06776107198930574
81 0.5982947621048798 0.6052046640585771 0.058988433204976654 0.06617337910377166
10 0.5347037655988561 0.6791434634664096 0.05944219038347548 0.06791462309924101
4 0.5952485967781593 0.6748084919189403 0.05172831834897929 0.06534103370397425
53 0.9323901804035265 0.5316228933701087 0.05263583270597934 0.06292099541864182
5 0.981622834270757 0.5304128742274427 0.03675433145848586 0.06050095713330954
35 0.9809421985030073 0.5977706065025271 0.03811560299398522 0.06130763656175354
10 0.9809421985030073 0.6663383579202778 0.03811560299398522 0.06453435427553003
