8 0.5333107419129343 0.31470679506148336 0.06149317283029582 0.06637358337238268
81 0.5972746225801613 0.31861112349515297 0.05874794190037162 0.06637358337238264
53 0.6565716106665179 0.3220274108746137 0.05545366478446307 0.065397501263965
81 0.7144959832879126 0.32153936982040515 0.053806526226508854 0.06442141915554785
81 0.8262268821358159 0.3249556571998658 0.04996320292461513 0.06539750126396518
67 0.880856977641302 0.32739586247090946 0.05051224911060004 0.06442141915554789
81 0.9360361193327723 0.32593173930828323 0.05325748004052423 0.06344533704713042
81 0.9346635038678107 0.4606310702698835 0.057100803342417523 0.05368451596295664
5 0.5366050190288426 0.388889035301205 0.06039508045832602 0.06832574758921744
71 0.5986472380451233 0.3898651174096226 0.057100803342417523 0.06637358337238261
10 0.6568461337595103 0.39328140478908336 0.05490461859847818 0.06344533704713054
67 0.7155940756598821 0.39376944584329215 0.05490461859847841 0.062469254938713165
5 0.8789353159903551 0.39425748689750084 0.05106129529658489 0.05954100861346092
4 0.9349380269608031 0.3942574868975008 0.05106129529658489 0.06344533704713051
10 0.9832540913274641 0.39279336373487483 0.03349181734507184 0.06442141915554793
10 0.6000198535100852 0.4601430292156748 0.042276556320828364 0.06832574758921744
10 0.8781117467113779 0.4606310702698835 0.03953132539090418 0.06344533704713058
35 0.9835286144204554 0.32446761614565717 0.03294277115908618 0.05661276228820873
35 0.9813324296765168 0.5977706065025269 0.037335140646965116 0.05856492650504355
5 0.9818814758625021 0.5304209410217271 0.036237048274995944 0.062469254938713165
53 0.932741842216864 0.5313970231301445 0.053257480040524004 0.062469254938713165
10 0.9818814758625021 0.6656083130375359 0.036237048274995944 0.06344533704713051
73 0.5366050190288428 0.5328611462927706 0.06039508045832619 0.0673496654808001
35 0.5994708073241005 0.5323731052385619 0.05874794190037178 0.064421419155548
81 0.5994708073241005 0.6036270991530316 0.05874794190037178 0.06442141915554793
8 0.5371540652148274 0.6055792633698659 0.06039508045832611 0.06442141915554787
10 0.536532847877771 0.6807499963999878 0.060395080458326096 0.06640674146998211
4 0.5965895355458894 0.6756242609563786 0.05215938766855438 0.06441880882535914
