10 0.12299035369774922 0.16148624508753126 0.19131832797427656 0.3229724901750625
33 0.06390675241157555 0.4880314397999285 0.12459807073954982 0.13290460878885313
81 0.18850482315112538 0.4901750625223293 0.12138263665594855 0.134333690603787
2 0.31270096463022506 0.4887459807073955 0.12057877813504828 0.13147552697391923
70 0.18971061093247588 0.630939621293319 0.11575562700964631 0.13290460878885327
10 0.06511254019292605 0.6337977849231868 0.12057877813504823 0.13862093604858886
40 0.7572347266881029 0.4880314397999285 0.1077170418006429 0.13004644515898542
81 0.8733922829581994 0.4873168988924616 0.10852090032154336 0.1314755269739193
10 0.9662379421221865 0.4858878170775277 0.06752411575562704 0.12861736334405152
10 0.7608520900321545 0.6280814576634512 0.10691318327974272 0.12718828152911751
42 0.8741961414790996 0.6252232940335837 0.11173633440514465 0.1329046087888531
5 0.9682475884244373 0.6252232940335835 0.06350482315112543 0.12718828152911754
81 0.875 0.7617006073597713 0.12781350482315135 0.1086102179349767
33 0.8766077170418006 0.9053233297606289 0.11173633440514465 0.13290460878885327
5 0.7692926045016076 0.9031797070382279 0.09324758842443728 0.13433369060378708
11 0.159967845659164 0.7767059664165774 0.19292604501607716 0.14147909967845662
5 0.06109324758842441 0.9301536262951049 0.12218649517684882 0.1396927474097896
10 0.9710610932475885 0.9074669524830296 0.0578778135048232 0.13719185423365488
