5 0.05104501607717042 0.14076455877098965 0.10209003215434084 0.14433726330832441
8 0.16680064308681672 0.1471954269381922 0.12138263665594856 0.14005001786352267
10 0.2909967845659164 0.14505180421579136 0.11575562700964635 0.1414790996784566
71 0.41197749196141487 0.14933904966059308 0.11655948553054664 0.15291175419792782
8 0.6539389067524116 0.14290818149339052 0.114951768488746 0.1400500178635227
5 0.7769292604501605 0.14076455877098965 0.1165594855305467 0.15005359056806003
71 0.9071543408360128 0.135048231511254 0.12299035369774927 0.13576277241872098
81 0.9043408360128617 0.28438728117184703 0.13183279742765286 0.120042872454448
10 0.7789389067524115 0.2901036084315827 0.07073954983922831 0.1371918542336549
10 0.17202572347266884 0.2936763129689174 0.0803858520900321 0.14147909967845648
11 0.38143086816720256 0.2943908538763844 0.18086816720257237 0.13719185423365488
73 0.05305466237942122 0.4444444444444444 0.10610932475884244 0.13719185423365496
28 0.17041800643086816 0.4444444444444444 0.11897106109324758 0.13719185423365496
5 0.2934083601286174 0.44372990353697744 0.112540192926045 0.13576277241872098
81 0.17162379421221863 0.5916398713826367 0.11655948553054662 0.13719185423365488
8 0.05345659163987137 0.5944980350125043 0.10691318327974274 0.1457663451232584
71 0.2942122186495177 0.5902107895677028 0.11575562700964628 0.13433369060378708
10 0.0534565916398714 0.7438370846730976 0.1069131832797428 0.13862093604858886
83 0.17122186495176847 0.7445516255805645 0.11736334405144694 0.13719185423365488
71 0.05265273311897105 0.8938906752411576 0.1053054662379421 0.14433726330832433
81 0.16881028938906753 0.8917470525187567 0.11254019292604502 0.14005001786352267
8 0.7789389067524115 0.8981779206859594 0.12057877813504816 0.12718828152911754
83 0.9035369774919615 0.44015719899964273 0.12700964630225087 0.13719185423365488
81 0.9063504823151126 0.8996070025008928 0.1229903536977491 0.13576277241872128
