8 0.531813343223885 0.31399691716445277 0.05690115018387753 0.06921309496050611
81 0.5929571230267358 0.3184336540208954 0.05939681466562654 0.06743840021792895
53 0.6523539376923623 0.3219830435060495 0.054405485702128546 0.06566370547535183
81 0.7102533536689397 0.3228703908773381 0.05340721990942863 0.062114315990197684
81 0.821809556003121 0.32730712773378096 0.05190982122038001 0.06388901073277498
67 0.8762150417052489 0.32553243299120366 0.050911555427679785 0.062114315990197684
81 0.9318683596482521 0.3264197803624922 0.05240895411672923 0.06566370547535186
35 0.9810329499387075 0.32508875930555947 0.03793410012258505 0.06477635810406333
35 0.9787868519051335 0.5997227707193622 0.042426296189733134 0.062114315990197684
35 0.5947040881639601 0.5331717178727218 0.05789941597657716 0.0621143159901977
5 0.5318133432238848 0.38675940161011285 0.057899415976577086 0.06743840021792899
71 0.5934562559230855 0.39030879109526695 0.058398548872926954 0.06388901073277474
10 0.6518548047960124 0.3929708332091326 0.05240895411672938 0.06566370547535179
10 0.5954527875084847 0.4612965807983501 0.04242629618973325 0.06921309496050604
5 0.8759654752570739 0.3965202226942868 0.05041242253133007 0.06211431599019761
10 0.8769637410497737 0.46262760185528295 0.04142803039703367 0.0647763581040632
81 0.9303709609592025 0.46174025448399436 0.05740028308022744 0.054128189648601006
4 0.9306205274073777 0.3960765490086424 0.0509115554276802 0.06300166336148622
10 0.9820312157314072 0.3943018542660654 0.03593756853718574 0.06477635810406326
73 0.5325620425684096 0.5331717178727218 0.05939681466562654 0.06566370547535186
5 0.6538513363814117 0.5322843705014331 0.05540375149482812 0.06388901073277457
8 0.5335603083611092 0.6059342023183821 0.06039508045832604 0.06566370547535198
81 0.594953654612135 0.6041595075758049 0.05740028308022742 0.06566370547535172
10 0.5318675995270831 0.6799134050074198 0.05889768176927669 0.06568337645855891
4 0.5922882128003844 0.6761880464860732 0.05540375149482813 0.065850861521189
53 0.9288735622701532 0.5309533494445005 0.05141068832402951 0.06122696861890922
5 0.9795355512496582 0.5309533494445005 0.04092889750068365 0.0647763581040632
