5 0.05184887459807075 0.13719185423365488 0.1036977491961415 0.14576634512325834
8 0.16760450160771703 0.1429081814933905 0.11655948553054662 0.1457663451232583
10 0.28979099678456594 0.14219364058592354 0.11173633440514469 0.14433726330832441
10 0.16760450160771703 0.2965344765987853 0.09887459807073955 0.14147909967845662
10 0.7773311897106104 0.2901036084315825 0.09324758842443734 0.14290818149339024
8 0.6535369774919615 0.14290818149339052 0.11414790996784568 0.1400500178635227
5 0.778135048231511 0.13933547695605572 0.12057877813504866 0.1329046087888531
71 0.9063504823151126 0.1336191496963201 0.12299035369774913 0.13862093604858877
81 0.9063504823151126 0.2801000357270454 0.13906752411575568 0.12290103608431582
73 0.053054662379421226 0.4415862808145766 0.10610932475884245 0.1429081814933905
28 0.17081993569131831 0.4444444444444444 0.12138263665594856 0.14005001786352267
5 0.29260450160771706 0.4430153626295106 0.11254019292604507 0.14005001786352275
8 0.05345659163987138 0.5916398713826367 0.10691318327974277 0.13719185423365488
81 0.17242765273311897 0.5930689531975706 0.1197749196141479 0.14005001786352267
71 0.29340836012861726 0.5916398713826366 0.11575562700964621 0.1371918542336548
71 0.7749196141479099 0.5880671668453019 0.11897106109324768 0.13576277241872092
73 0.77532154340836 0.43872811718470883 0.11977491961414799 0.1457663451232583
83 0.9023311897106109 0.43872811718470883 0.12138263665594863 0.14005001786352267
81 0.9015273311897104 0.588781707752769 0.12138263665594846 0.1371918542336547
28 0.9039389067524115 0.7431225437656306 0.12459807073954991 0.1429081814933906
81 0.9051446945337612 0.8938906752411578 0.1221864951768489 0.13862093604858916
83 0.17081993569131831 0.7424080028581637 0.1197749196141479 0.13576277241872106
10 0.05265273311897107 0.7445516255805644 0.10530546623794214 0.14290818149339024
71 0.050241157556270094 0.8967488388710254 0.10048231511254019 0.12147195426938197
