10 0.5969501861975348 0.3297917003733887 0.09233958582471262 0.17037069528739937
81 0.5173384892297406 0.477091364007286 0.029947973780988235 0.06743840021792892
33 0.5662535130720212 0.477091364007286 0.0598959475619764 0.06743840021792892
81 0.6263990270821725 0.4757603429503533 0.055403751494828055 0.06655105284664047
10 0.5677509117610707 0.5507411958242348 0.05989594756197633 0.06743840021792892
2 0.5175880556779155 0.5489665010816577 0.0324436382627372 0.06743840021792892
10 0.5108497615771931 0.6243910276411836 0.01996531585399203 0.0674384002179287
5 0.5648947421174697 0.696241508241692 0.0574002830802274 0.06566370547535189
40 0.9153969740687082 0.4775350376929303 0.05540375149482813 0.06655105284664031
62 0.9735459564934604 0.4766476903216417 0.052908087013079044 0.06832574758921744
42 0.9735459564934604 0.5480791537103691 0.0529080870130791 0.06566370547535193
10 0.9148978411723587 0.5471918063390807 0.05540375149482813 0.06566370547535186
81 0.972547690700761 0.6159612276139423 0.054904618598478123 0.05590288439117799
5 0.9166448063095829 0.6904984068021796 0.05490461859847841 0.06832574758921751
33 0.9740450893898103 0.6891673857452472 0.05091155542767993 0.06743840021792842
81 0.8557505929549071 0.4770913640072861 0.0539063528057784 0.062114315990197684
