57 0.055868167202572344 0.39799928545909247 0.11173633440514469 0.13576277241872092
10 0.3472668810289386 0.11361200428724544 0.23151125401929248 0.22722400857449088
81 0.17684887459807075 0.3987138263665595 0.1221864951768489 0.13719185423365488
5 0.05707395498392283 0.5480528760271526 0.11414790996784566 0.13290460878885313
65 0.17805466237942127 0.5459092533047518 0.11977491961414793 0.1343336906037873
10 0.2970257234726688 0.5430510896748839 0.10691318327974272 0.13433369060378708
81 0.655546623794212 0.3901393354769562 0.11816720257234731 0.13147552697391932
39 0.6567524115755625 0.5373347624151482 0.11093247588424432 0.13433369060378703
3 0.7781350482315113 0.38799571275455524 0.11736334405144701 0.13576277241872106
81 0.9035369774919613 0.38942479456948914 0.12379421221864945 0.13862093604858877
5 0.7777331189710611 0.5366202215076814 0.11977491961414785 0.13862093604858877
57 0.9035369774919613 0.5359056806002144 0.12379421221864945 0.14005001786352267
81 0.9143890675241159 0.6802429439085387 0.1519292604501608 0.1314755269739193
10 0.7777331189710611 0.6845301893533408 0.0908360128617365 0.14290818149339063
73 0.7805466237942121 0.8367274026438014 0.11897106109324768 0.14433726330832428
3 0.9079581993569131 0.8395855662736693 0.12299035369774913 0.14433726330832441
81 0.9119774919614144 0.9615934262236513 0.12138263665594862 0.07681314755269747
51 0.7829581993569131 0.9587352625937835 0.1157556270096464 0.08252947481243296
57 0.17202572347266876 0.8460164344408716 0.11093247588424435 0.14005001786352264
10 0.1760450160771704 0.6952483029653443 0.07717041800643087 0.1386209360485887
73 0.05667202572347266 0.8510182207931402 0.11334405144694532 0.13862093604858855
