81 0.11805555555555554 0.05308641975308642 0.12777777777777774 0.10617283950617284
81 0.3680555555555556 0.06296296296296298 0.11944444444444459 0.12592592592592597
81 0.60625 0.06296296296296289 0.12083333333333333 0.12592592592592577
81 0.8520833333333333 0.06172839506172839 0.12361111111111114 0.12345679012345678
81 0.8465277777777778 0.6432098765432098 0.11805555555555557 0.13580246913580254
81 0.8451388888888889 0.9358024691358026 0.12361111111111114 0.12839506172839507
81 0.11597222222222221 0.9296296296296296 0.1236111111111111 0.14074074074074075
81 0.12152777777777779 0.6345679012345679 0.12638888888888888 0.1382716049382716
81 0.5979166666666667 0.6370370370370374 0.12361111111111076 0.1432098765432097
81 0.37222222222222223 0.6271604938271605 0.13055555555555554 0.128395061728395
81 0.8486111111111111 0.345679012345679 0.12777777777777785 0.1530864197530864
5 0.02777777777777778 0.18271604938271604 0.05555555555555556 0.14320987654320988
5 0.24583333333333332 0.48641975308641977 0.11666666666666664 0.13333333333333336
5 0.725 0.20123456790123456 0.11666666666666671 0.14074074074074072
5 0.9541666666666666 0.49382716049382713 0.09166666666666672 0.14320987654320988
73 0.9541666666666666 0.9333333333333335 0.09166666666666672 0.13333333333333328
73 0.7229166666666665 0.4901234567901235 0.11805555555555557 0.14567901234567898
73 0.02847222222222222 0.4876543209876543 0.05694444444444444 0.14567901234567898
10 0.24513888888888885 0.18641975308641975 0.11805555555555554 0.15061728395061733
10 0.02638888888888889 0.7876543209876543 0.05277777777777778 0.14814814814814808
10 0.7222222222222223 0.791358024691358 0.11666666666666671 0.15061728395061735
10 0.9527777777777777 0.7901234567901234 0.09444444444444443 0.13827160493827165
10 0.9569444444444444 0.1925925925925926 0.08611111111111114 0.13827160493827162
10 0.7215277777777778 0.345679012345679 0.11805555555555557 0.13827160493827162
10 0.12430555555555553 0.334567901234568 0.11527777777777776 0.15061728395061724
37 0.24791666666666662 0.05555555555555557 0.12361111111111109 0.11111111111111115
37 0.11875 0.7827160493827161 0.12361111111111109 0.13827160493827165
78 0.12152777777777773 0.18271604938271602 0.1263888888888888 0.14814814814814814
78 0.024999999999999994 0.9320987654320987 0.04999999999999999 0.13580246913580254
78 0.9534722222222223 0.6432098765432098 0.09305555555555557 0.14074074074074075
78 0.5993055555555555 0.49135802469135803 0.12361111111111114 0.13333333333333328
60 0.12222222222222222 0.48641975308641977 0.12222222222222222 0.14814814814814808
80 0.24583333333333335 0.6333333333333333 0.11944444444444446 0.13580246913580246
80 0.8451388888888889 0.7901234567901234 0.12361111111111114 0.14814814814814808
80 0.9590277777777777 0.056790123456790124 0.08194444444444443 0.11358024691358025
68 0.37013888888888885 0.1925925925925926 0.11805555555555554 0.13827160493827162
68 0.8465277777777778 0.49382716049382713 0.12083333333333329 0.14320987654320988
55 0.7243055555555555 0.6407407407407407 0.12361111111111114 0.15061728395061727
55 0.37430555555555556 0.4888888888888889 0.13194444444444442 0.14814814814814817
11 0.42291666666666655 0.337037037037037 0.473611111111111 0.145679012345679
59 0.85 0.19876543209876543 0.12222222222222229 0.13580246913580246
24 0.027083333333333338 0.6444444444444444 0.054166666666666675 0.13827160493827165
24 0.7256944444444444 0.06172839506172839 0.11527777777777772 0.12345679012345678
