81 0.05627009646302251 0.18220793140407288 0.11254019292604502 0.1414790996784566
51 0.17684887459807072 0.18649517684887462 0.11414790996784566 0.13004644515898536
81 0.29501607717041795 0.19006788138620934 0.1109324758842443 0.1400500178635227
54 0.41639871382636656 0.19435512683101108 0.1205787781350483 0.13719185423365488
54 0.05747588424437299 0.3272597356198642 0.11495176848874598 0.12575919971418364
81 0.06310289389067524 0.47088245802072165 0.12620578778135047 0.11289746337977846
10 0.2966237942122186 0.4744551625580564 0.09324758842443728 0.13433369060378703
64 0.6342443729903535 0.19506966773847798 0.10771704180064302 0.1271882815291175
81 0.7451768488745981 0.19149696320114326 0.10128617363344049 0.13433369060378703
20 0.8589228295819935 0.1879242586638085 0.1117363344051451 0.135762772418721
81 0.9618167202572347 0.18578063594140765 0.07636655948553056 0.1314755269739193
5 0.8569131832797425 0.33154698106466596 0.1125401929260448 0.12861736334405144
51 0.9594051446945338 0.32868881743479816 0.08118971061093248 0.12575919971418364
38 0.7443729903536976 0.33297606287959985 0.10128617363344049 0.1257591997141836
10 0.8553054662379421 0.4701679171132547 0.06430868167202576 0.12861736334405144
81 0.9549839228295821 0.46802429439085386 0.090032154340836 0.11861379063951404
64 0.297427652733119 0.3336906037870668 0.1109324758842444 0.13004644515898542
5 0.17885852090032153 0.32868881743479816 0.11495176848874598 0.13147552697391923
38 0.05827974276527331 0.6145051804215792 0.11655948553054662 0.12861736334405138
73 0.18086816720257237 0.6130760986066454 0.11575562700964628 0.1314755269739192
51 0.2990353697749196 0.6080743122543766 0.11254019292604507 0.11861379063951417
81 0.05747588424437298 0.7531261164701678 0.11495176848874596 0.13147552697391943
20 0.1784565916398714 0.7495534119328332 0.11254019292604504 0.12147195426938197
51 0.05827974276527331 0.903894247945695 0.11655948553054662 0.10432297249017494
64 0.7383440514469453 0.6059306895319757 0.10369774919614158 0.12861736334405152
73 0.8508842443729903 0.6052161486245085 0.10530546623794189 0.12433011789924966
20 0.9573954983922829 0.6052161486245088 0.08520900321543408 0.13004644515898534
54 0.8520900321543408 0.7409789210432297 0.10932475884244369 0.12147195426938183
81 0.9561897106109324 0.7395498392282956 0.08762057877813505 0.12147195426938193
38 0.9569935691318328 0.8774562343694177 0.0860128617363344 0.12290103608431593
10 0.852491961414791 0.8788853161843516 0.10691318327974272 0.1314755269739193
11 0.6655948553054662 0.465880671668453 0.180064308681672 0.1229010360843158
