5 0.5492829945961281 0.2840933107520289 0.07087687128167205 0.07364983181694872
8 0.6200814896378773 0.2857470035803393 0.06600104414542851 0.0762678732347173
10 0.685876280520351 0.28574700358033894 0.06063845930861273 0.07626787323471722
73 0.818703381863026 0.28721369345023773 0.063113498464066 0.0777345631046158
8 0.8853231857973178 0.28538033111286454 0.06435101804179262 0.07700121816966643
5 0.9535930158352454 0.28428031371044094 0.06723856372315538 0.07480118336481895
10 0.9535930158352456 0.3649482565548535 0.0466132374277089 0.07773456310461568
11 0.7904466848382645 0.36714829135970106 0.19717811938446772 0.07480118336481895
10 0.6219377690044675 0.3693483261645487 0.0449632113240731 0.07626787323471731
73 0.5522241661258586 0.44634954433421525 0.06888858982679089 0.07626787323471738
28 0.6211127559526496 0.4474495617366391 0.06393851151588378 0.07406783842986975
5 0.6854637739944424 0.44781623420411365 0.057338407101341034 0.07626787323471738
28 0.8830543999048188 0.4481829066715883 0.06393851151588378 0.0755345282997682
73 0.9504992168909285 0.4467162168016898 0.06435101804179269 0.07846790803956502
81 0.8824356401159555 0.5281175045810517 0.06270099193815697 0.0755345282997682
71 0.9500867103650197 0.5281175045810517 0.06517603109361061 0.0755345282997682
10 0.9500867103650169 0.6076854300230399 0.06600104414542846 0.07920125297451334
8 0.9507054701538832 0.6894533902698768 0.06558853761951966 0.07553452829976806
81 0.6223502755303763 0.5281175045810513 0.06393851151588346 0.07553452829976816
8 0.5532554324406307 0.528850849516 0.06765107024906389 0.07406783842986973
10 0.5532496896535418 0.6110872115457118 0.06517603109361043 0.07626724990709861
83 0.6219377690044667 0.6069520850880908 0.06311349846406607 0.07626787323471666
71 0.6873200533610324 0.5273841596461024 0.05940093973088565 0.07260114855997131
71 0.5532554324406302 0.6901867352048257 0.06765107024906407 0.07553452829976785
81 0.6225533304919483 0.6914459254733976 0.06600940984253645 0.07406719537399024
