81 0.043055555555555555 0.0728395061728395 0.08611111111111111 0.12098765432098765
81 0.24236111111111114 0.0802469135802469 0.10138888888888889 0.11604938271604937
81 0.6354166666666666 0.0925925925925926 0.09583333333333328 0.1160493827160494
81 0.8395833333333335 0.08148148148148149 0.10416666666666671 0.11358024691358025
81 0.04722222222222222 0.5617283950617283 0.09444444444444444 0.11604938271604943
81 0.2451388888888889 0.5679012345679013 0.09861111111111115 0.11851851851851862
81 0.6326388888888889 0.571604938271605 0.09861111111111107 0.11604938271604937
81 0.8319444444444444 0.5703703703703704 0.10277777777777772 0.11851851851851855
81 0.8319444444444444 0.8123456790123457 0.10277777777777772 0.1234567901234567
81 0.04583333333333333 0.8061728395061729 0.09166666666666666 0.12098765432098774
81 0.04513888888888888 0.32592592592592595 0.09027777777777776 0.12345679012345688
81 0.8354166666666666 0.3320987654320987 0.10694444444444443 0.12098765432098765
5 0.1416666666666667 0.2049382716049383 0.10555555555555557 0.12345679012345681
5 0.7333333333333334 0.208641975308642 0.09444444444444443 0.11604938271604938
5 0.9354166666666666 0.454320987654321 0.101388888888889 0.11358024691358018
5 0.1416666666666667 0.9271604938271605 0.1027777777777778 0.11604938271604937
5 0.3423611111111111 0.4518518518518519 0.10138888888888889 0.10864197530864196
5 0.7291666666666667 0.9345679012345678 0.09722222222222228 0.12098765432098758
73 0.9354166666666661 0.8308641975308642 0.10972222222222278 0.1160493827160494
73 0.7326388888888888 0.45555555555555555 0.09583333333333328 0.10617283950617284
73 0.5347222222222223 0.2123456790123457 0.10000000000000007 0.11851851851851851
73 0.14444444444444446 0.4469135802469135 0.10000000000000002 0.10864197530864196
10 0.9430555555555555 0.2074074074074074 0.10833333333333343 0.11851851851851855
10 0.7326388888888888 0.3358024691358025 0.10138888888888886 0.12839506172839507
10 0.24305555555555558 0.33086419753086416 0.10277777777777779 0.11851851851851848
11 0.47638888888888886 0.3345679012345679 0.31666666666666665 0.12592592592592594
10 0.14444444444444446 0.6876543209876543 0.10000000000000002 0.11604938271604937
10 0.7291666666666667 0.6888888888888889 0.09722222222222228 0.11358024691358025
10 0.9347222222222222 0.6975308641975309 0.10277777777777786 0.12592592592592594
10 0.9368055555555556 0.9432098765432099 0.10972222222222229 0.11358024691358025
10 0.3451388888888889 0.2111111111111111 0.10138888888888882 0.12592592592592594
37 0.34305555555555556 0.09012345679012344 0.1 0.1308641975308642
37 0.2465277777777778 0.6901234567901235 0.09861111111111111 0.10617283950617278
78 0.24513888888888893 0.20864197530864195 0.10138888888888892 0.13086419753086417
78 0.14444444444444446 0.8074074074074074 0.10000000000000002 0.11851851851851862
78 0.632638888888889 0.4580246913580247 0.09583333333333328 0.10617283950617278
78 0.9354166666666666 0.5777777777777778 0.10694444444444443 0.11851851851851862
60 0.24375 0.44567901234567897 0.09861111111111111 0.1160493827160493
80 0.34791666666666665 0.5679012345679012 0.10416666666666669 0.13333333333333328
80 0.9451388888888889 0.0765432098765432 0.10138888888888886 0.11851851851851851
80 0.83125 0.6975308641975309 0.09861111111111115 0.11111111111111115
80 0.04583333333333333 0.44320987654320987 0.09166666666666666 0.11604938271604937
68 0.8326388888888888 0.4530864197530864 0.10138888888888886 0.11604938271604937
55 0.7326388888888888 0.5728395061728395 0.09861111111111115 0.11358024691358025
55 0.044444444444444446 0.1962962962962963 0.08888888888888889 0.12098765432098765
59 0.1416666666666667 0.07407407407407407 0.10555555555555557 0.12839506172839507
59 0.8368055555555556 0.20987654320987656 0.10138888888888886 0.11851851851851852
59 0.04583333333333333 0.688888888888889 0.09166666666666666 0.12345679012345677
24 0.7347222222222223 0.08888888888888889 0.09722222222222214 0.11358024691358024
24 0.8319444444444444 0.9395061728395061 0.09722222222222228 0.12098765432098774
24 0.14583333333333331 0.5629629629629629 0.09999999999999998 0.11851851851851855
36 0.6347222222222223 0.20987654320987656 0.1 0.11851851851851852
36 0.7284722222222223 0.8172839506172839 0.09861111111111115 0.11851851851851848
36 0.04583333333333333 0.9333333333333332 0.08888888888888888 0.1234567901234567
27 0.5361111111111111 0.08765432098765431 0.0944444444444445 0.11604938271604937
10 0.5347222222222223 0.4555555555555555 0.09444444444444461 0.11604938271604932
