81 0.5296806844849354 0.3396331894004067 0.054904618598478 0.06937443084619473
81 0.6487919438411387 0.3452799453995158 0.056265890133977765 0.06937443084619474
54 0.7050578339751163 0.3468933042564041 0.05082080399197991 0.06776107198930649
54 0.5308150774311848 0.41223433796037817 0.05717340449097753 0.06614771313241809
5 0.5909379035824114 0.41586439538837683 0.05671964731247755 0.06695439256086252
64 0.6496994581981381 0.41586439538837683 0.05535837577697805 0.06534103370397411
64 0.8164552212968207 0.34689330425640363 0.05853467602647686 0.0661477131324175
81 0.8749898973232991 0.346489964542182 0.050367046813480275 0.06534103370397429
20 0.9319364232250266 0.34487660568529377 0.055358375776978025 0.0621143159901977
81 0.981622834270757 0.3428599071141834 0.03675433145848586 0.06614771313241828
5 0.9305751516895272 0.4158643953883767 0.05445086141997823 0.06372767484708593
38 0.8745361401447973 0.4178810939594871 0.051274561170479564 0.06453435427553011
10 0.9298945159217776 0.4816087688065731 0.03766184581548515 0.06776107198930653
81 0.9786734126105082 0.48039874966390683 0.0426531747789835 0.05566088056264469
11 0.8350592656153148 0.48443214680612745 0.09302022159246306 0.058887598276421184
10 0.6483381866626386 0.4852388262345717 0.044468203492982285 0.06695439256086239
81 0.5328569847344344 0.4824154482350172 0.060349704740476115 0.050014124563535774
73 0.5909379035824114 0.5546132570807665 0.05762716166947726 0.062114315990197684
38 0.5305881988419352 0.558243314508765 0.055812132955477906 0.06453435427553025
81 0.5308150774311842 0.6304411233545136 0.055358375776977845 0.06856775141775114
10 0.5907110249931615 0.6961854967727106 0.056265890133977765 0.06614771313241832
81 0.8768049260372984 0.6211643099274068 0.03947687452948443 0.06614771313241832
64 0.8709060827168008 0.5509831996527679 0.05308958988447898 0.06130763656175354
54 0.9276257300292738 0.6207609702131839 0.05399710424147843 0.06211431599019922
81 0.979580926967508 0.621970989355851 0.04083814606498407 0.06614771313241824
10 0.9287601229755279 0.6913454202020458 0.05445086141997848 0.06614771313241832
38 0.9798078055567578 0.6893287216309355 0.04038438888648429 0.06534103370397418
20 0.9802615627352577 0.5534032379381002 0.039476874529484576 0.06292099541864182
20 0.5904841464039116 0.6251977070696274 0.05671964731247762 0.06130763656175347
