38 0.5380525044282574 0.3142631213758392 0.05141068832402972 0.0594522738763321
81 0.5899685132465257 0.31653815736721586 0.048675770057253515 0.057200904926037986
51 0.6392630430926425 0.31947153710701265 0.04331318522043745 0.052800835316342755
81 0.7894154185234922 0.3198382095744872 0.04578822437589108 0.056467559991088795
64 0.8387099483696093 0.3187381921720635 0.04702574395361765 0.055734215056139576
81 0.8902732641082253 0.3154381399647921 0.047025743953617936 0.055000870121190426
20 0.9420428331097953 0.31140474282257147 0.04991328963498019 0.058667594795936445
81 0.9865935379079599 0.3121380877575206 0.0268129241840802 0.06160097453573329
73 0.5400552236115453 0.3770391145005253 0.05032579616088917 0.05646755999108876
54 0.5924435524019792 0.37923914930537295 0.048675770057253584 0.055000870121190315
5 0.6411193224592328 0.3810725116427459 0.04537571784998207 0.0586675947959364
20 0.7890029119975835 0.3814391841102205 0.04661323742770904 0.052067490381393494
73 0.8378849353177914 0.3818058565776951 0.044550704798164135 0.05426752518624127
38 0.888004478215726 0.3770391145005252 0.047438250479526586 0.05793424986098711
5 0.9403928070061603 0.3766724420330506 0.04826326353134465 0.060134284665834696
51 0.9851497650672786 0.3770391145005253 0.029700469865442898 0.057934249860987205
81 0.983087232437734 0.4379067441013093 0.03382553512453199 0.047667420771698304
10 0.9391552874284332 0.4412067963085808 0.030937989443169955 0.058667594795936466
11 0.8110720111337112 0.44047345137363153 0.15262741458630394 0.05133414544644435
81 0.591412286087207 0.43827341656878405 0.05568838099770524 0.05133414544644431
10 0.5419115029781355 0.49950771863704263 0.04743825047952676 0.055000870121190315
38 0.5942998317685695 0.5002410635719917 0.05073830268679814 0.050600800511495195
54 0.7869403793680388 0.5017077534418902 0.045788224375891105 0.05500087012119046
10 0.8360286559512011 0.5013410809744155 0.043313185220437304 0.052800835316342824
64 0.8853231857973181 0.500974408506941 0.04702574395361779 0.053534180251292016
73 0.9379177678507064 0.5031744433117886 0.050738302686798145 0.05940093973088571
20 0.9839122454895519 0.5031744433117886 0.03217550902089627 0.053534180251292016
81 0.9832934857006884 0.5633087279776234 0.0334130285986231 0.056467559991088837
54 0.9360614884841161 0.5640420729125727 0.048675770057253515 0.05206749038139357
81 0.8844981727455001 0.5614753656402505 0.04785075700543544 0.05133414544644438
64 0.542530262766999 0.5596420033028774 0.04702574395361786 0.05353418025129187
10 0.5441802888706346 0.6186762705662884 0.04290067869452855 0.05426752518624114
20 0.8842141124287233 0.6167982561907368 0.04788011309980144 0.052040213938684375
10 0.935030222169344 0.6234430126434582 0.04661323742770904 0.05500087012119053
38 0.9824684726488706 0.6263763923832552 0.035063054702258824 0.055000870121190315
51 0.935030222169344 0.684677314711717 0.04743825047952683 0.052800835316342755
81 0.9812309530711437 0.68651067704909 0.03753809385771248 0.05793424986098728
81 0.8858657520958737 0.6787033780416288 0.04743825047952651 0.05500087012119043
51 0.8844981727455005 0.7305113731460423 0.04702574395361745 0.03740059168240933
73 0.834997389636429 0.7272113209387708 0.04372569174634648 0.042534006227053854
5 0.9352364754322984 0.733444752885839 0.046200730901799984 0.03300052207271433
64 0.5949185915574328 0.7275779934062454 0.04207566564271062 0.04326735116200297
