5 0.09485530546623792 0.07359771346909612 0.13987138263665594 0.14433726330832441
8 0.2323151125401929 0.07717041800643087 0.12540192926045016 0.15434083601286175
10 0.3681672025723472 0.07717041800643087 0.12379421221864952 0.15434083601286175
11 0.5586816720257235 0.23865666309396208 0.4469453376205786 0.1457663451232582
10 0.8890675241157555 0.23508395855662736 0.09324758842443728 0.15576991782779565
8 0.7560289389067525 0.07502679528402999 0.1245980707395501 0.15005359056805997
73 0.6270096463022508 0.07788495891389778 0.12218649517684871 0.15576991782779556
5 0.8926848874598065 0.07431225437656307 0.1310289389067523 0.14862450875312613
10 0.23512861736334403 0.2386566630939621 0.08922829581993569 0.15719899964272951
73 0.10088424437299036 0.3965702036441586 0.13585209003215434 0.1529117541979278
28 0.23713826366559487 0.3994283672740265 0.12700964630225076 0.15005359056806009
5 0.36213826366559465 0.40014290818149334 0.11173633440514448 0.15148267238299395
8 0.10329581993569131 0.5580564487316899 0.1342443729903537 0.15005359056806009
81 0.23914790996784563 0.558770989639157 0.12781350482315113 0.14862450875312624
10 0.102491961414791 0.7188281529117541 0.13745980707395497 0.15148267238299415
71 0.10087767821664659 0.8855655920898861 0.13263665594855292 0.15145218898970336
81 0.23110932475884247 0.8781707752768847 0.11334405144694532 0.15291175419792793
83 0.23874598070739547 0.721686316541622 0.1270096463022508 0.14862450875312605
81 0.7540192926045016 0.5594855305466239 0.12540192926045024 0.1471954269381922
28 0.7552250803858521 0.3994283672740264 0.12620578778135055 0.1471954269381922
73 0.8894694533762059 0.3979992854590925 0.13102893890675268 0.14719542693819215
71 0.8886655948553055 0.5587709896391568 0.13102893890675232 0.1486245087531261
10 0.6217845659163987 0.3994283672740264 0.12459807073954984 0.1471954269381922
8 0.8890675241157556 0.8810289389067525 0.1318327974276528 0.1529117541979278
10 0.8878617363344051 0.722400857449089 0.13263665594855295 0.15005359056806
