81 0.043055555555555555 0.06790123456790123 0.08611111111111111 0.1111111111111111
81 0.24375 0.07777777777777777 0.09583333333333335 0.12098765432098764
81 0.6361111111111112 0.08148148148148147 0.09722222222222228 0.11358024691358024
81 0.8375 0.08271604938271604 0.1 0.11604938271604938
81 0.835416666666666 0.32839506172839505 0.10416666666666669 0.123456790123457
81 0.04583333333333333 0.32098765432098764 0.09166666666666666 0.11851851851851848
81 0.04583333333333333 0.5617283950617283 0.09166666666666666 0.11604938271604943
81 0.2451388888888889 0.5617283950617283 0.09583333333333335 0.11604938271604943
81 0.63125 0.5629629629629629 0.09583333333333335 0.11851851851851855
81 0.8319444444444442 0.5654320987654322 0.09999999999999996 0.11851851851851868
81 0.04652777777777778 0.8024691358024691 0.09305555555555556 0.11358024691358025
81 0.8305555555555556 0.8123456790123457 0.09722222222222228 0.11851851851851848
5 0.14097222222222222 0.19629629629629633 0.10416666666666669 0.1209876543209877
5 0.14305555555555557 0.9222222222222223 0.1027777777777778 0.12098765432098774
5 0.7333333333333333 0.208641975308642 0.1 0.11604938271604938
5 0.9347222222222222 0.44567901234567897 0.10277777777777786 0.11111111111111122
5 0.7277777777777777 0.9345679012345678 0.10277777777777786 0.12098765432098758
73 0.5326388888888889 0.2098765432098765 0.09861111111111115 0.12345679012345681
73 0.1451388888888889 0.44074074074074077 0.10416666666666666 0.11604938271604943
73 0.7312499999999997 0.45061728395061723 0.09583333333333349 0.10617283950617275
73 0.9361111111111111 0.8185185185185184 0.10833333333333343 0.12592592592592594
10 0.2451388888888889 0.3222222222222223 0.09583333333333335 0.13086419753086426
10 0.3423611111111111 0.2049382716049383 0.09583333333333333 0.12839506172839507
10 0.7319444444444444 0.3296296296296296 0.09722222222222228 0.1259259259259259
10 0.9409722222222223 0.20246913580246914 0.101388888888889 0.11851851851851855
10 0.1423611111111111 0.6802469135802469 0.09861111111111112 0.1061728395061727
10 0.7298611111111112 0.6864197530864198 0.09861111111111115 0.11851851851851841
10 0.934722222222222 0.6913580246913581 0.10833333333333327 0.12345679012345663
37 0.9361111111111101 0.9395061728395063 0.11111111111111109 0.12098765432098753
37 0.34305555555555556 0.08148148148148149 0.1 0.11851851851851851
37 0.24583333333333335 0.6827160493827161 0.10277777777777775 0.12098765432098765
78 0.2451388888888889 0.2024691358024691 0.09861111111111115 0.12345679012345676
78 0.632638888888889 0.4469135802469135 0.09583333333333328 0.11358024691358025
5 0.3458333333333334 0.44567901234567897 0.10277777777777775 0.12098765432098765
10 0.53125 0.45061728395061734 0.10138888888888893 0.12592592592592589
78 0.9361111111111111 0.571604938271605 0.10833333333333343 0.11604938271604937
78 0.14305555555555557 0.8037037037037037 0.09722222222222224 0.12098765432098758
60 0.24444444444444444 0.4481481481481481 0.09722222222222225 0.11604938271604943
80 0.9451388888888882 0.07654320987654323 0.10972222222222185 0.11851851851851855
80 0.04513888888888888 0.4419753086419753 0.09027777777777776 0.11851851851851855
80 0.83125 0.6913580246913581 0.09861111111111115 0.128395061728395
68 0.8326388888888888 0.45061728395061723 0.10138888888888886 0.12098765432098765
55 0.04375 0.19382716049382714 0.0875 0.11111111111111112
55 0.73125 0.5666666666666667 0.09583333333333342 0.11604938271604937
59 0.14097222222222222 0.07160493827160494 0.10416666666666669 0.12345679012345681
59 0.8368055555555556 0.2049382716049383 0.10138888888888886 0.11358024691358029
59 0.04652777777777778 0.6851851851851852 0.09305555555555556 0.1160493827160493
24 0.7347222222222223 0.08148148148148149 0.09999999999999985 0.11851851851851851
24 0.14375 0.5592592592592592 0.09861111111111112 0.12098765432098765
24 0.83125 0.9345679012345678 0.09861111111111115 0.12592592592592594
36 0.6354166666666667 0.20617283950617285 0.09861111111111115 0.12098765432098768
36 0.04513888888888888 0.928395061728395 0.09027777777777776 0.1234567901234567
36 0.7270833333333334 0.8098765432098766 0.101388888888889 0.11851851851851848
27 0.5368055555555555 0.08395061728395062 0.09583333333333342 0.11851851851851851
80 0.3451388888888889 0.5654320987654321 0.10138888888888882 0.11358024691358025
