81 0.04513888888888888 0.07037037037037037 0.09027777777777776 0.11604938271604938
81 0.24583333333333332 0.08148148148148149 0.1 0.12345679012345678
81 0.44236111111111115 0.08641975308641975 0.09861111111111107 0.11358024691358024
81 0.8416666666666666 0.08395061728395062 0.10277777777777786 0.11358024691358025
81 0.04722222222222222 0.3222222222222222 0.09444444444444444 0.12098765432098758
81 0.8388888888888889 0.33086419753086416 0.10555555555555557 0.11851851851851848
81 0.04791666666666667 0.562962962962963 0.09583333333333334 0.11358024691358025
81 0.24583333333333335 0.5617283950617283 0.09722222222222225 0.11111111111111108
81 0.44166666666666665 0.5666666666666668 0.1 0.12098765432098774
81 0.8340277777777777 0.5666666666666667 0.10416666666666671 0.12592592592592594
81 0.04722222222222222 0.8098765432098766 0.09444444444444444 0.11851851851851848
81 0.2465277777777778 0.8061728395061728 0.09583333333333335 0.11604938271604937
5 0.1451388888888889 0.19629629629629633 0.10694444444444445 0.1308641975308642
5 0.7368055555555556 0.20617283950617285 0.09861111111111115 0.12592592592592594
5 0.34375 0.4419753086419753 0.0958333333333333 0.12345679012345677
5 0.9416666666666665 0.45308641975308644 0.10833333333333331 0.1209876543209878
5 0.1451388888888889 0.9246913580246914 0.10138888888888888 0.11111111111111115
73 0.14791666666666667 0.4469135802469135 0.10138888888888888 0.12345679012345677
73 0.7291666666666665 0.45308641975308644 0.111111111111111 0.11111111111111108
73 0.9388888888888889 0.8185185185185184 0.10555555555555557 0.1358024691358024
81 0.6381944444444444 0.08024691358024691 0.10138888888888886 0.1111111111111111
10 0.3451388888888889 0.2074074074074074 0.09583333333333335 0.11851851851851855
10 0.9451388888888885 0.2037037037037037 0.10694444444444443 0.11604938271604942
10 0.7333333333333333 0.3345679012345679 0.10277777777777772 0.1160493827160494
10 0.24791666666666665 0.32592592592592595 0.1069444444444444 0.13333333333333336
10 0.1486111111111111 0.6827160493827161 0.09722222222222221 0.11111111111111108
10 0.34583333333333327 0.6814814814814816 0.09999999999999996 0.11358024691358032
10 0.3416666666666666 0.9197530864197532 0.09999999999999996 0.12592592592592594
10 0.9381944444444444 0.6901234567901235 0.10694444444444456 0.12098765432098774
10 0.9395833333333333 0.9382716049382717 0.1125 0.12345679012345684
11 0.5104166666666665 0.3320987654320987 0.3375000000000001 0.1308641975308642
37 0.34305555555555556 0.08765432098765431 0.09722222222222218 0.12098765432098764
37 0.24791666666666665 0.6827160493827161 0.09861111111111111 0.11604938271604943
78 0.24791666666666665 0.2049382716049383 0.09861111111111111 0.12345679012345681
78 0.9388888888888889 0.5765432098765433 0.10555555555555557 0.12098765432098774
78 0.14791666666666667 0.8037037037037037 0.10138888888888888 0.11111111111111115
60 0.2465277777777778 0.44567901234567897 0.09861111111111111 0.1160493827160493
80 0.9479166666666664 0.071604938271605 0.10416666666666684 0.1382716049382717
80 0.04791666666666667 0.43950617283950616 0.09583333333333334 0.11358024691358025
80 0.34375 0.5654320987654321 0.09583333333333333 0.11851851851851848
80 0.8333333333333333 0.6950617283950618 0.1 0.11604938271604937
68 0.4430555555555556 0.2111111111111111 0.0944444444444445 0.12098765432098764
68 0.8361111111111111 0.4506172839506173 0.10277777777777786 0.11111111111111115
68 0.34652777777777777 0.8061728395061729 0.10138888888888889 0.12098765432098774
55 0.04583333333333333 0.1925925925925926 0.09166666666666666 0.1185185185185185
55 0.4430555555555556 0.4506172839506173 0.09722222222222221 0.11111111111111115
55 0.7326388888888888 0.5703703703703704 0.09861111111111115 0.11851851851851855
59 0.1423611111111111 0.07407407407407407 0.1041666666666667 0.12839506172839507
59 0.8388888888888889 0.2074074074074074 0.10277777777777772 0.11358024691358021
59 0.049305555555555575 0.6839506172839505 0.09861111111111115 0.11851851851851841
59 0.24583333333333335 0.9234567901234567 0.09722222222222225 0.11851851851851862
24 0.7381944444444444 0.0851851851851852 0.09583333333333342 0.11604938271604938
24 0.1486111111111111 0.5641975308641975 0.1 0.11604938271604937
36 0.04722222222222222 0.9308641975308641 0.09444444444444444 0.11851851851851848
27 0.5409722222222222 0.08765432098765431 0.09861111111111115 0.11604938271604937
