38 0.03737942122186495 0.11575562700964631 0.0747588424437299 0.13719185423365488
81 0.1386655948553054 0.12290103608431587 0.11816720257234727 0.13433369060378714
51 0.2580385852090032 0.12575919971418364 0.11414790996784571 0.13433369060378705
81 0.3741961414790997 0.12861736334405144 0.10852090032154336 0.13719185423365488
54 0.48834405144694526 0.1321900678813862 0.11012861736334408 0.13576277241872098
81 0.6032958199356914 0.13147552697391926 0.10852090032154343 0.13719185423365488
64 0.7170418006430868 0.13004644515898536 0.10932475884244369 0.13719185423365488
81 0.8340032154340835 0.1264737406216506 0.10852090032154336 0.13862093604858877
20 0.9465434083601281 0.12147195426938195 0.10691318327974267 0.1343336906037871
54 0.1410771704180064 0.2636655948553055 0.1197749196141479 0.13576277241872098
5 0.260048231511254 0.270811003929975 0.11334405144694532 0.13576277241872103
64 0.3741961414790997 0.27295462665237585 0.11012861736334405 0.1314755269739193
10 0.4871382636655949 0.27295462665237585 0.10771704180064312 0.1314755269739193
10 0.3758038585209003 0.41014648088603073 0.07636655948553056 0.1314755269739193
81 0.14590032154340837 0.4044301536262951 0.13263665594855303 0.10575205430510898
38 0.8283762057877815 0.26866738120757416 0.10691318327974272 0.12575919971418364
5 0.944935691318328 0.2665237584851733 0.110128617363344 0.13576277241872095
10 0.9445337620578778 0.40800285816362986 0.07395498392282959 0.13576277241872098
73 0.9417202572347267 0.5480528760271526 0.11655948553054657 0.13290460878885313
10 0.9393086816720256 0.8260092890317972 0.11655948553054671 0.1314755269739193
51 0.942122186495177 0.9508753126116471 0.11575562700964624 0.09824937477670588
10 0.04059485530546622 0.5523401214719543 0.08118971061093244 0.13004644515898542
10 0.04099678456591639 0.8295819935691319 0.08199356913183278 0.12433011789924944
5 0.0409967845659164 0.9537334762415149 0.0819935691318328 0.09253304751697009
64 0.04139871382636656 0.6916755984280097 0.08279742765273312 0.12290103608431577
81 0.1434887459807074 0.6888174347981422 0.11173633440514472 0.1229010360843158
20 0.260048231511254 0.6866738120757412 0.11012861736334405 0.12718828152911757
73 0.2628617363344051 0.5494819578420865 0.11093247588424436 0.12718828152911754
38 0.14107717041800644 0.5487674169346195 0.11173633440514472 0.12861736334405144
51 0.14389067524115756 0.828152911754198 0.11414790996784563 0.12718828152911754
81 0.14067524115755625 0.9537334762415148 0.10289389067524116 0.0925330475169703
10 0.2564308681672027 0.8252947481243301 0.09646302250803862 0.13004644515898528
