81 0.05833333333333333 0.2074074074074074 0.11666666666666665 0.14814814814814814
81 0.30972222222222223 0.2135802469135802 0.12222222222222225 0.15061728395061727
81 0.0625 0.8197530864197531 0.125 0.15308641975308632
81 0.8055555555555556 0.8160493827160493 0.12222222222222229 0.15555555555555556
81 0.8097222222222222 0.20493827160493827 0.125 0.14320987654320985
81 0.5548611111111111 0.21234567901234566 0.12638888888888894 0.14814814814814814
81 0.8069444444444442 0.5172839506172839 0.12777777777777805 0.15555555555555572
5 0.9361111111111111 0.6691358024691358 0.1277777777777777 0.1580246913580246
5 0.6805555555555556 0.36666666666666664 0.12222222222222229 0.14567901234567895
5 0.1902777777777778 0.6666666666666667 0.12222222222222222 0.1530864197530864
73 0.675 0.6666666666666667 0.1277777777777777 0.1580246913580246
10 0.1847222222222222 0.3617283950617283 0.125 0.15061728395061727
10 0.06180555555555555 0.5185185185185185 0.1236111111111111 0.14814814814814808
10 0.68125 0.5135802469135803 0.12361111111111114 0.1432098765432098
10 0.9361111111111111 0.3604938271604938 0.1277777777777777 0.15308641975308643
10 0.1875 0.9444444444444444 0.11944444444444445 0.11111111111111115
10 0.9361111111111111 0.9506172839506172 0.1277777777777777 0.09876543209876544
11 0.39444444444444443 0.5185185185185186 0.4416666666666667 0.14320987654320988
40 0.9381944444444444 0.20123456790123456 0.12361111111111114 0.145679012345679
40 0.5541666666666667 0.3654320987654321 0.12222222222222222 0.14814814814814814
2 0.06041666666666667 0.362962962962963 0.12083333333333333 0.15802469135802472
2 0.6756944444444446 0.8197530864197532 0.13194444444444442 0.14320987654321002
45 0.18888888888888888 0.8197530864197532 0.11944444444444442 0.14814814814814825
45 0.8069444444444445 0.6679012345679013 0.125 0.14074074074074075
52 0.8076388888888889 0.3592592592592592 0.12638888888888886 0.14567901234567898
52 0.3138888888888889 0.6666666666666667 0.1194444444444445 0.14320987654320988
70 0.0625 0.6703703703703704 0.125 0.14567901234567898
70 0.31180555555555556 0.3691358024691358 0.12361111111111114 0.15061728395061724
70 0.68125 0.20987654320987656 0.12361111111111114 0.14320987654320988
70 0.9354166666666666 0.8234567901234567 0.1291666666666667 0.15555555555555556
33 0.1847222222222222 0.2074074074074074 0.13333333333333333 0.14320987654320988
33 0.06319444444444444 0.9506172839506172 0.1236111111111111 0.09876543209876544
33 0.8097222222222222 0.9493827160493828 0.12777777777777785 0.10123456790123456
