38 0.5570195544895499 0.34310191094271675 0.049414156738630484 0.05856492650504357
81 0.5158410905406912 0.3382215004006298 0.025954910610189758 0.057677579133755014
81 0.6072937873347006 0.3468213031173365 0.04785075700543558 0.05500087012119039
51 0.6551445443401362 0.3486546654547095 0.044550704798164205 0.0542675251862412
81 0.7032015546085265 0.3460879581823873 0.04413819827225538 0.056467559991088795
81 0.9020297000966296 0.34352125091006486 0.04661323742770941 0.05866759479593636
20 0.9552430419388814 0.34058787117026823 0.05156331573861608 0.05866759479593633
64 0.8506726376209681 0.3457212857149127 0.04620073090179986 0.057200904926037986
38 0.8997609142041307 0.40585557038074754 0.04785075700543572 0.05426752518624127
5 0.9533867625722913 0.40255551817347623 0.051150809212706774 0.057934249860987205
10 0.9509117234168377 0.4645231651766839 0.03135049596907821 0.060134284665834814
73 0.5569679911738115 0.40512222544579835 0.048675770057253515 0.055734215056139645
54 0.607500040597655 0.4065889153156968 0.04661323742770882 0.0542675251862412
5 0.6555570508660452 0.40585557038074754 0.04372569174634634 0.052800835316342824
81 0.6060562677569739 0.46195645790436174 0.04950078310907124 0.047667420771698304
81 0.5194298973160989 0.46195645790436174 0.03382553512453232 0.049134110641596764
10 0.559443030329265 0.523557432440095 0.04537571784998204 0.05353418025129206
64 0.5617118162217642 0.5840583895734043 0.04826326353134459 0.05426752518624132
81 0.5183986310013267 0.5825916997035059 0.03176300249498738 0.049867455576546024
38 0.51901739079019 0.6416259669669171 0.032175509020896345 0.050600800511495125
81 0.51901739079019 0.6995602168279044 0.03382553512453207 0.052067490381393494
81 0.8978592747572814 0.7014102387388012 0.04867577005725322 0.058667594795936334
73 0.9504992168909289 0.5275908295823156 0.04950078310907159 0.05720090492603802
51 0.9498804571020653 0.705426976307498 0.049913289634980346 0.0652676992104793
