38 0.04782958199356913 0.12504465880671667 0.09565916398713827 0.13576277241872095
81 0.15836012861736332 0.12933190425151836 0.11575562700964628 0.13576277241872095
51 0.2769292604501608 0.13719185423365488 0.11012861736334405 0.13433369060378708
81 0.3910771704180065 0.1400500178635227 0.10852090032154345 0.1371918542336549
64 0.7355305466237942 0.135048231511254 0.11254019292604509 0.13290460878885313
81 0.8528938906752411 0.13004644515898536 0.10610932475884255 0.13147552697391926
20 0.9557877813504823 0.1271882815291175 0.08842443729903499 0.13433369060378697
5 0.9545819935691323 0.2722400857449088 0.09083601286173595 0.13290460878885318
10 0.9622186495176848 0.4151482672382994 0.07556270096463023 0.13290460878885313
73 0.952572347266881 0.5573419078242229 0.09485530546623806 0.13433369060378703
38 0.8456591639871383 0.27438370846730975 0.1077170418006432 0.13147552697391926
73 0.7331189710610932 0.28224365844944627 0.10610932475884255 0.13290460878885318
64 0.3910771704180064 0.2793854948195784 0.10530546623794215 0.12718828152911754
5 0.27773311897106107 0.27652733118971057 0.10852090032154345 0.13290460878885307
54 0.16117363344051447 0.2722400857449089 0.11655948553054668 0.13004644515898536
73 0.0490353697749196 0.27295462665237585 0.0980707395498392 0.1314755269739192
81 0.16117363344051444 0.4165773490532333 0.12459807073954982 0.12433011789924976
10 0.39188102893890675 0.42229367631296894 0.07475884244372985 0.12718828152911754
64 0.842443729903537 0.5551982851018221 0.11093247588424447 0.13290460878885313
54 0.952572347266881 0.6945337620578776 0.09485530546623792 0.12290103608431577
10 0.05104501607717043 0.5580564487316899 0.09887459807073957 0.12433011789924978
38 0.16398713826366562 0.5566273669167561 0.11414790996784568 0.13576277241872087
73 0.28014469453376206 0.5544837441943551 0.11012861736334405 0.12861736334405144
51 0.3954983922829582 0.5537692032868882 0.1141479099678456 0.11575562700964624
81 0.1643890675241158 0.6952483029653446 0.114951768488746 0.1214719542693818
64 0.049437299035369774 0.6959628438728117 0.09887459807073955 0.12290103608431593
20 0.28054662379421225 0.6959628438728117 0.10932475884244372 0.11718470882458021
10 0.05104501607717039 0.8338692390139332 0.10209003215434077 0.12718828152911751
51 0.16318327974276528 0.8360128617363342 0.11093247588424435 0.11718470882458018
10 0.2765273311897106 0.8331546981064666 0.10128617363344052 0.1257591997141836
81 0.1639871382636656 0.9573061807788497 0.10610932475884242 0.08538763844230075
20 0.26929260450160775 0.9551625580564488 0.09163987138263671 0.08967488388710251
5 0.05385852090032153 0.9537334762415149 0.10450160771704178 0.0925330475169704
10 0.9614147909967846 0.84172918899607 0.07717041800643087 0.13433369060378694
