11 0.838709948369608 0.4415681353583455 0.10560167063268527 0.052800835316342595
38 0.537786437719046 0.3139661166771848 0.05156331573861586 0.06013428466583479
81 0.5905872730353889 0.3172661688844562 0.049088276583162414 0.057934249860987136
51 0.641325575722187 0.3187328587543546 0.04661323742770882 0.05646755999108876
81 0.6904138523053492 0.3201995486242531 0.04743825047952697 0.05646755999108872
73 0.5392302105597274 0.3770337810828164 0.05032579616088931 0.05720090492603802
54 0.5916185393501611 0.381067178225037 0.04867577005725357 0.05646755999108882
5 0.6427693485628683 0.38106717822503705 0.04702574395361792 0.057934249860987164
64 0.8385036951066545 0.31836618628688007 0.046613237427708884 0.05573421505613964
64 0.6887638262017137 0.3825338680949355 0.040838146064983934 0.055000870121190315
81 0.7890029119975833 0.3209328935592022 0.0466132374277089 0.052067490381393494
81 0.8896545043193614 0.3168994964169818 0.0474382504795274 0.05720090492603788
20 0.9432803526875216 0.3139661166771848 0.05238832879043383 0.055734215056139555
81 0.9867997911709143 0.31286609927476094 0.026400417658171308 0.06233431947068247
51 0.9853560183302329 0.3759337636803926 0.029287963339534144 0.055000870121190315
81 0.9824684726488705 0.43900142808602427 0.03506305470225897 0.050600800511495125
5 0.9412178200579774 0.37740045355029095 0.04991328963498094 0.05500087012119022
10 0.938742780902524 0.4404681179559226 0.035063054702258824 0.05940093973088558
38 0.8884169847416348 0.38106717822503705 0.04826326353134444 0.056467559991088795
73 0.8376786820548368 0.38180052315998625 0.0466132374277089 0.052067490381393494
81 0.5914122860872069 0.43790141068360044 0.054038354894069586 0.04106731635715548
10 0.6922701316719392 0.44266815276077026 0.028875456813624946 0.05793424986098728
10 0.5425302627669988 0.49913571275185914 0.048675770057253515 0.056467559991088837
38 0.5940935785056147 0.500969075089232 0.04785075700543544 0.057200904926037854
73 0.6433881083517317 0.5013357475567066 0.047438250479526684 0.05646755999108876
51 0.6928888914608031 0.502802437426605 0.048263263531344476 0.050600800511495195
10 0.8352036428993833 0.5002357301542828 0.04248817216861951 0.04840076570664756
64 0.8861481988491358 0.5013357475567067 0.04785075700543558 0.05500087012119039
73 0.9372990080618425 0.501702420024181 0.0486757700572537 0.0572009049260379
20 0.9830872324377339 0.5017024200241813 0.03382553512453214 0.055734215056139506
81 0.9824684726488705 0.5651367568972876 0.03506305470225897 0.053534180251291946
54 0.9368865015359339 0.56293672209244 0.04950078310907131 0.05500087012119039
81 0.8842919194825456 0.5611033597550669 0.04908827658316227 0.052800835316342824
10 0.9352364754322983 0.6216043168883764 0.04537571784998207 0.053534180251292016
38 0.9826747259118249 0.6249043690956477 0.03465054817635007 0.05426752518624113
51 0.9356489819582072 0.6828386189566351 0.04950078310907131 0.05426752518624127
81 0.9820559661229615 0.6843053088265333 0.0358880677540769 0.055734215056139645
5 0.9364739950100242 0.7323394020657064 0.04867577005725335 0.03300052207271427
64 0.5445927953965433 0.5611033597550668 0.047850757005435486 0.05426752518624111
81 0.5945060850315236 0.561836704690016 0.0478507570054357 0.05426752518624122
20 0.6429756018258227 0.5607366872875923 0.04496321132407303 0.05206749038139357
10 0.5443865421335891 0.6186709371485795 0.04661323742770882 0.05500087012119046
51 0.5938873252426603 0.6175709197461557 0.04661323742770882 0.04840076570664749
10 0.6415318289851416 0.6183042646811049 0.04290067869452841 0.0542675251862412
81 0.5949185915574312 0.675505169607143 0.04620073090179975 0.05426752518624109
5 0.5450053019224523 0.6762385145420917 0.04620073090179991 0.05280083531634268
20 0.6429756018258227 0.6762385145420922 0.04496321132407303 0.052800835316342755
73 0.5456240617113158 0.7297726947933841 0.049088276583162414 0.03813393661735873
64 0.5963623643981139 0.7286726773909603 0.04661323742770882 0.04033397142220636
5 0.6431818550887772 0.7294060223259095 0.04125065259089261 0.04326735116200311
