28 0.5485116073926782 0.269452079125768 0.06261849063297532 0.04840076570664756
81 0.6118107337934032 0.2714687776968783 0.058534676026476905 0.05243416284886816
83 0.6723873171231293 0.2738888159822107 0.05898843320497676 0.05566088056264469
28 0.7890029119975831 0.2738888159822107 0.05535837577697805 0.05566088056264469
81 0.8477644666133098 0.27388881598221065 0.054904618598478144 0.05888759827642112
83 0.906299142639787 0.27308213655376656 0.0576271616694774 0.05404752170575645
81 0.969371390451262 0.2702587585542121 0.060349704740476254 0.0532408422773123
71 0.966421968791012 0.3380198305435184 0.058988433204974815 0.06937443084619509
5 0.9049378711042873 0.3392298496861848 0.05671964731247754 0.06695439256086243
8 0.8466300736670604 0.34084320854307315 0.054450861419978625 0.0653410337039742
73 0.7887760334083334 0.340036529114629 0.05671964731247769 0.0653410337039742
8 0.6133988839181519 0.33842317025774077 0.05898843320497646 0.07018111027463891
5 0.5496460003389276 0.33519645254396424 0.06307224781147498 0.07018111027463886
10 0.6140795196859022 0.41183099824615627 0.046736989385481494 0.07018111027463896
10 0.9051647496935372 0.4114276585319341 0.036300574279985655 0.06614771313241824
81 0.966421968791013 0.41062097910349005 0.06624854806097388 0.05485420113420062
73 0.5532760577669263 0.48241544823501714 0.06125721909747583 0.06776107198930667
28 0.6145332768644021 0.4836254673776834 0.05762716166947726 0.06695439256086252
10 0.788776033408333 0.4840288070919053 0.05308958988447879 0.06453435427553
28 0.8457225593100608 0.4820121085207951 0.054450861419978625 0.06534103370397411
73 0.9042572353365377 0.48483548652034963 0.05535837577697805 0.06614771313241832
83 0.9646069400770136 0.481205429092351 0.058080918847976906 0.06695439256086239
81 0.9636994257200141 0.5529998982238782 0.05898843320497647 0.06695439256086239
71 0.9033497209795379 0.5525965585096562 0.05535837577697819 0.06130763656175375
81 0.8450419235423111 0.5529998982238782 0.054904618598478123 0.06372767484708597
8 0.5532760577669262 0.5542099173665442 0.060349704740476184 0.0645343542755301
81 0.6149870340429019 0.5554199365092105 0.05490461859847826 0.0637276748470859
10 0.5525954219991763 0.6264077262122936 0.058080918847977205 0.06372767484708579
71 0.549610420701172 0.7028344878533656 0.0549046185984777 0.06546951571333806
8 0.9038034781580377 0.6969921762011546 0.056265890133977904 0.06937443084619488
10 0.9035765995687872 0.6243910276411829 0.05490461859847918 0.06776107198930631
28 0.9639263043092642 0.6251977070696274 0.057627161669477116 0.06614771313241832
81 0.9646069400770139 0.6986055350580429 0.05898843320497647 0.07098778970308302
