54 0.9521704180064309 0.6988210075026795 0.09565916398713824 0.12861736334405152
38 0.04823151125401929 0.1264737406216506 0.09646302250803858 0.1414790996784566
81 0.15916398713826363 0.1336191496963201 0.11736334405144694 0.13576277241872098
51 0.27692926045016064 0.13576277241872098 0.11012861736334405 0.1371918542336549
81 0.3914790996784565 0.1364773133261879 0.10932475884244361 0.13576277241872095
64 0.735128617363344 0.13647731332618793 0.10852090032154336 0.13290460878885313
81 0.8516881028938905 0.13433369060378708 0.10852090032154338 0.1371918542336549
20 0.9565916398713825 0.12575919971418364 0.08681672025723457 0.13147552697391926
5 0.9557877813504823 0.27295462665237585 0.08842443729903536 0.13433369060378708
10 0.9622186495176848 0.4165773490532334 0.07556270096463023 0.13576277241872098
38 0.8484726688102893 0.2779564130046445 0.1085209003215435 0.13004644515898534
73 0.7335209003215434 0.2815291175419793 0.1085209003215435 0.1314755269739193
11 0.7254823151125401 0.41872097177563417 0.2355305466237941 0.12004287245444796
64 0.39308681672025725 0.2801000357270454 0.10771704180064309 0.13147552697391923
5 0.2777331189710611 0.2779564130046445 0.11012861736334405 0.13004644515898534
54 0.16036977491961416 0.2750982493747767 0.11495176848874596 0.12718828152911757
73 0.04863344051446945 0.27438370846730975 0.0972668810289389 0.12290103608431577
81 0.1619774919614148 0.4122901036084316 0.11977491961414792 0.1186137906395141
10 0.39308681672025725 0.42300821722043574 0.07556270096463022 0.1343336906037871
10 0.05064308681672026 0.5566273669167561 0.10128617363344052 0.13290460878885318
38 0.16197749196141475 0.5573419078242228 0.1165594855305466 0.12861736334405124
73 0.28014469453376206 0.556627366916756 0.11173633440514469 0.13004644515898534
51 0.395096463022508 0.5544837441943552 0.10852090032154343 0.12575919971418373
10 0.7295016077170418 0.5544837441943552 0.10048231511254016 0.1257591997141836
64 0.842443729903537 0.5523401214719543 0.11093247588424447 0.13004644515898542
73 0.952572347266881 0.5580564487316899 0.09485530546623806 0.13290460878885313
81 0.8408360128617364 0.6945337620578778 0.11093247588424447 0.1314755269739193
10 0.9509646302250804 0.8381564844587354 0.0980707395498392 0.13290460878885327
20 0.8436495176848874 0.8331546981064666 0.10530546623794222 0.12861736334405152
81 0.8520900321543408 0.9537334762415149 0.09324758842443731 0.09253304751697014
51 0.9525723472668772 0.9565916398713824 0.09485530546623751 0.08681672025723444
64 0.04983922829581994 0.6952483029653448 0.09967845659163987 0.12433011789924976
81 0.16358520900321544 0.6959628438728117 0.11334405144694532 0.12290103608431593
20 0.28014469453376206 0.6945337620578778 0.1085209003215434 0.1229010360843158
10 0.05104501607717042 0.8360128617363344 0.10209003215434084 0.1257591997141836
51 0.16318327974276528 0.8345837799214004 0.11093247588424437 0.12290103608431577
10 0.2777331189710611 0.8324401571989997 0.10530546623794212 0.12718828152911754
81 0.16358520900321544 0.9544480171489818 0.11012861736334408 0.09110396570203648
20 0.27532154340836007 0.952304394426581 0.09887459807073949 0.09539121114683809
5 0.05144694533762059 0.9537334762415149 0.10289389067524118 0.09253304751697025
