81 0.5535965481523138 0.44479544973543045 0.06793096006377823 0.07763538293003243
81 0.9474343761411237 0.5957531387660489 0.06307874863065123 0.07188461382410402
5 0.6955237325712793 0.4462331420119125 0.07520927721346879 0.07188461382410409
73 0.5540008991050744 0.6058169847014234 0.07035706578034187 0.07188461382410402
73 0.948243078046645 0.36572237452891593 0.061461344819608715 0.07188461382410409
10 0.9470300251883631 0.7344904434465697 0.06388745053617229 0.044568460570944525
10 0.8823338727466696 0.5209931403889807 0.062270046725130326 0.08051076748299657
10 0.9474343761411237 0.4433577574589483 0.06307874863065123 0.07475999837706823
10 0.8831425746521907 0.36716006680539803 0.062270046725130326 0.08051076748299657
10 0.6219318591688526 0.3635658361141928 0.0703570657803418 0.07907307520651444
10 0.6259753686964585 0.6827335214932149 0.0687396619692995 0.07044692154762189
10 0.5540008991050744 0.526743909494909 0.07359187340242641 0.08338615203596078
10 0.6728800792166864 0.2823513182618583 0.08491370007972286 0.08623134505111871
11 0.7242326502172807 0.5224308326654628 0.23614095641218164 0.08338615203596071
80 0.6263797196492191 0.6036604462867003 0.06954836387482068 0.07619769065355016
74 0.5507660914829897 0.3628469899759518 0.0703570657803418 0.07763538293003236
74 0.8811208198883879 0.5979096771807719 0.066313556252736 0.0761976906535503
34 0.5552139519633562 0.6863277521844199 0.07116576768586291 0.07475999837706823
34 0.691884573996434 0.36644122066715695 0.06793096006377823 0.07332230610058615
34 0.8835469256049513 0.4433577574589483 0.06307874863065152 0.07188461382410395
18 0.6227405610743739 0.44479544973543045 0.06873966196929934 0.07763538293003243
18 0.9474343761411238 0.6712319832813581 0.06469615244169347 0.07619769065355037
48 0.8172333693522146 0.36716006680539787 0.06631355625273573 0.08051076748299646
