81 0.521248471931467 0.6046668308802378 0.04205249908710087 0.08913692114188905
81 0.6474059691927695 0.6075422154332019 0.066313556252736 0.08051076748299657
81 0.5220571738369881 0.4400510652230395 0.04205249908710094 0.08194845975947863
81 0.5208441209787064 0.27759183798056436 0.04124379718157968 0.07619769065355034
81 0.6449798634762061 0.28334260708649267 0.06793096006377844 0.0761976906535503
81 0.7800330816982415 0.2833426070864926 0.06469615244169362 0.07332230610058613
81 0.9110427903926711 0.27902953025704647 0.06954836387482075 0.08482384431244278
81 0.9086166846761076 0.6053856770184787 0.06793096006377823 0.07907307520651435
81 0.7772026250289175 0.6046668308802378 0.06388745053617242 0.07763538293003229
62 0.5208441209787064 0.6923660597456447 0.042861200992622056 0.0805107674829965
62 0.6461929163344878 0.5248749095354822 0.0671222581582571 0.08194845975947856
62 0.9098297375343896 0.5241560633972412 0.06873966196929943 0.08913692114188883
62 0.973717188070562 0.27974837639528743 0.05256562385887619 0.07763538293003236
62 0.7125064725872238 0.2833426070864926 0.06388745053617242 0.07332230610058613
5 0.7125064725872238 0.5255937556737232 0.06227004672513004 0.07763538293003243
5 0.9725041352122801 0.36241568229300714 0.05499172957543962 0.0761976906535503
5 0.5778576053179489 0.359540297740043 0.07278317149690537 0.08194845975947863
5 0.8418987774706105 0.7448418278372401 0.06550485434721474 0.035942306912051865
73 0.843920532234414 0.36529106684597124 0.06469615244169362 0.07619769065355023
73 0.5782619562707094 0.5219995249825181 0.06712225815825697 0.08194845975947856
73 0.9720997842595196 0.5255937556737232 0.05580043148096081 0.0805107674829965
10 0.9708867314012377 0.44364529591424473 0.05822653719752438 0.08338615203596071
10 0.8423031284233715 0.5291879863649285 0.06307874863065152 0.07619769065355023
10 0.841898777470611 0.6866152906397163 0.0655048543472148 0.08338615203596078
10 0.7125064725872238 0.6823022138102701 0.0655048543472148 0.07763538293003236
10 0.5774532543651882 0.6909283674691625 0.06873966196929934 0.08338615203596063
10 0.7116977706817028 0.36241568229300714 0.06550485434721466 0.08482384431244278
10 0.6453842144289667 0.4386133729465574 0.0671222581582574 0.08482384431244284
11 0.812785508871848 0.4436452959142445 0.2062189859078984 0.08051076748299646
17 0.9086166846761076 0.6858964445014754 0.06793096006377823 0.08769922886540683
17 0.6461929163344879 0.6837399060867522 0.06550485434721494 0.07763538293003251
17 0.521248471931467 0.5227183711207591 0.04205249908710087 0.07475999837706816
17 0.5762402015069066 0.27902953025704647 0.06954836387482068 0.07332230610058615
17 0.843920532234414 0.28334260708649267 0.06631355625273613 0.07907307520651446
17 0.7780113269344386 0.521999524982518 0.06388745053617242 0.07907307520651444
82 0.9712910823539983 0.608261061571443 0.05741783529200333 0.08194845975947863
82 0.7121021216344612 0.6017914463272729 0.0663135562527357 0.08051076748299758
82 0.5204397700259458 0.35594606704883774 0.04043509527605849 0.08051076748299646
82 0.7788200288399598 0.3645722207077302 0.0655048543472148 0.0805107674829965
87 0.8431118303288929 0.6068233692949607 0.0646961524416939 0.0761976906535503
87 0.5774532543651882 0.6068233692949607 0.06873966196929934 0.0761976906535503
87 0.6449798634762061 0.36097799001652503 0.06793096006377844 0.0761976906535503
87 0.9102340884871499 0.3645722207077302 0.06469615244169347 0.08338615203596063
62 0.7763939231233963 0.6858964445014751 0.06227004672513004 0.0819484597594787
