81 0.23888888888888885 0.5234567901234568 0.12777777777777774 0.14320987654320994
81 0.025694444444444443 0.5259259259259259 0.05138888888888889 0.15308641975308646
81 0.02569444444444443 0.20123456790123467 0.05138888888888886 0.16543209876543222
81 0.025694444444444443 0.8308641975308643 0.05138888888888889 0.1604938271604938
81 0.23958333333333337 0.8308641975308643 0.12638888888888888 0.15061728395061735
81 0.7402777777777777 0.5222222222222223 0.13333333333333328 0.16543209876543216
81 0.9708333333333334 0.5234567901234568 0.058333333333333286 0.16296296296296298
81 0.9694444444444444 0.8320987654320987 0.061111111111111144 0.1629629629629629
81 0.9666666666666663 0.20370370370370375 0.06666666666666674 0.15555555555555556
5 0.11319444444444446 0.954320987654321 0.12916666666666668 0.09135802469135797
5 0.10555555555555554 0.0654320987654321 0.13055555555555554 0.1308641975308642
5 0.8736111111111111 0.06296296296296297 0.13333333333333328 0.12592592592592594
73 0.8708333333333335 0.36666666666666664 0.13055555555555556 0.15061728395061733
73 0.6159722222222223 0.0728395061728395 0.12638888888888894 0.1308641975308642
73 0.10902777777777778 0.3703703703703704 0.1236111111111111 0.15308641975308643
10 0.8694444444444445 0.2049382716049383 0.12222222222222229 0.15308641975308643
10 0.23819444444444443 0.2209876543209877 0.12083333333333329 0.14567901234567898
10 0.11458333333333331 0.6753086419753086 0.12083333333333332 0.15555555555555556
10 0.6145833333333335 0.37407407407407406 0.12638888888888894 0.14567901234567895
11 0.5520833333333333 0.2123456790123457 0.40416666666666656 0.16790123456790113
44 0.9694444444444444 0.954320987654321 0.061111111111111144 0.09135802469135797
44 0.96875 0.3567901234567901 0.0625 0.16049382716049382
44 0.6118055555555556 0.5259259259259259 0.12916666666666657 0.1679012345679012
44 0.745138888888889 0.06790123456790123 0.12916666666666676 0.13580246913580246
44 0.11319444444444444 0.5234567901234568 0.12638888888888888 0.14814814814814817
44 0.24097222222222223 0.6814814814814816 0.12916666666666668 0.14814814814814817
44 0.022916666666666665 0.9580246913580247 0.04583333333333333 0.08395061728395063
44 0.02361111111111111 0.36790123456790125 0.04722222222222222 0.15308641975308646
86 0.24166666666666664 0.9530864197530865 0.12222222222222222 0.09382716049382708
86 0.37083333333333335 0.5296296296296297 0.13055555555555556 0.15061728395061727
86 0.7395833333333335 0.3703703703703704 0.123611111111111 0.14814814814814817
86 0.9701388888888889 0.6814814814814816 0.05972222222222229 0.14814814814814817
86 0.4875 0.0691358024691358 0.1194444444444445 0.1382716049382716
86 0.02430555555555556 0.6839506172839507 0.04861111111111112 0.13333333333333341
32 0.23680555555555557 0.3703703703703704 0.12638888888888888 0.14320987654320988
32 0.8729166666666666 0.5271604938271605 0.13194444444444442 0.15061728395061735
16 0.11319444444444443 0.8296296296296296 0.1236111111111111 0.14814814814814808
16 0.96875 0.06049382716049383 0.0625 0.12098765432098765
