81 0.20763888888888885 0.12716049382716046 0.12638888888888888 0.15555555555555553
81 0.46597222222222223 0.13580246913580246 0.12638888888888886 0.14320987654320988
81 0.7180555555555556 0.12839506172839507 0.11944444444444458 0.14320987654320988
81 0.9590277777777777 0.12469135802469136 0.08194444444444443 0.15061728395061727
81 0.95625 0.4456790123456791 0.0875 0.15555555555555556
81 0.9555555555555556 0.7530864197530864 0.08888888888888885 0.15802469135802483
5 0.07847222222222223 0.2876543209876543 0.13472222222222224 0.15555555555555556
5 0.8430555555555556 0.2888888888888889 0.13055555555555542 0.1530864197530864
73 0.08055555555555555 0.6024691358024691 0.13333333333333333 0.15308641975308654
73 0.84375 0.5962962962962962 0.13194444444444428 0.15555555555555556
10 0.8465277777777778 0.9098765432098764 0.13194444444444442 0.1604938271604938
10 0.3368055555555556 0.2851851851851852 0.12083333333333332 0.17530864197530863
10 0.07430555555555556 0.917283950617284 0.12083333333333332 0.16049382716049393
10 0.21180555555555558 0.44197530864197504 0.12638888888888894 0.15308641975308634
10 0.8430555555555556 0.43827160493827166 0.13055555555555542 0.1407407407407407
71 0.5909722222222222 0.13827160493827162 0.11805555555555557 0.14814814814814817
71 0.21041666666666667 0.2876543209876543 0.1291666666666667 0.16049382716049387
11 0.5381944444444445 0.44567901234567897 0.39583333333333326 0.1604938271604938
35 0.7131944444444445 0.2839506172839506 0.12638888888888886 0.14814814814814817
35 0.7159722222222222 0.908641975308642 0.12361111111111114 0.1580246913580247
8 0.07569444444444445 0.12469135802469135 0.14305555555555557 0.17037037037037034
8 0.08541666666666668 0.7617283950617284 0.1375 0.1604938271604938
4 0.9576388888888888 0.9135802469135803 0.08472222222222228 0.15802469135802455
4 0.9569444444444444 0.2802469135802469 0.08611111111111114 0.14567901234567898
67 0.8465277777777778 0.12839506172839507 0.1291666666666667 0.1530864197530864
53 0.9555555555555556 0.5950617283950617 0.08888888888888885 0.1580246913580247
53 0.33611111111111114 0.12839506172839507 0.13055555555555562 0.14814814814814817
