81 0.04722222222222222 0.854320987654321 0.09444444444444444 0.12839506172839507
81 0.26319444444444445 0.5777777777777778 0.1125 0.11851851851851862
81 0.044444444444444446 0.5790123456790123 0.08888888888888889 0.13580246913580246
81 0.043055555555555555 0.30123456790123454 0.08611111111111111 0.13827160493827162
81 0.0375 0.043209876543209874 0.075 0.08641975308641975
81 0.2534722222222222 0.04197530864197531 0.11805555555555554 0.08395061728395062
81 0.4833333333333333 0.04691358024691358 0.10833333333333335 0.09382716049382717
81 0.7118055555555557 0.044444444444444446 0.11805555555555557 0.08888888888888889
81 0.9444444444444444 0.041975308641975316 0.11111111111111115 0.08395061728395063
81 0.9416666666666665 0.2975308641975309 0.11666666666666671 0.14074074074074075
81 0.9402777777777778 0.5790123456790124 0.11944444444444442 0.13086419753086417
81 0.9354166666666666 0.8506172839506172 0.11805555555555557 0.14074074074074075
81 0.70625 0.5753086419753086 0.11527777777777772 0.14320987654320988
5 0.3736111111111111 0.4395061728395062 0.11388888888888893 0.1382716049382716
5 0.1534722222222222 0.9567901234567902 0.11249999999999999 0.08641975308641975
5 0.8166666666666665 0.954320987654321 0.113888888888889 0.09135802469135797
5 0.8277777777777777 0.15925925925925927 0.11666666666666671 0.1308641975308642
5 0.1375 0.16296296296296298 0.11944444444444442 0.13333333333333333
73 0.8215277777777777 0.4395061728395062 0.1125 0.1432098765432098
73 0.5972222222222222 0.16666666666666663 0.113888888888889 0.13580246913580246
73 0.14583333333333334 0.4419753086419753 0.11388888888888889 0.12839506172839507
10 0.81875 0.7098765432098766 0.10972222222222229 0.1308641975308643
10 0.8236111111111112 0.2962962962962963 0.11666666666666671 0.1382716049382716
10 0.5972222222222222 0.43827160493827166 0.10555555555555557 0.1407407407407407
10 0.3722222222222223 0.16543209876543213 0.1111111111111111 0.13827160493827162
10 0.2576388888888889 0.30370370370370364 0.11527777777777778 0.13827160493827162
10 0.15 0.7135802469135802 0.1166666666666667 0.13333333333333328
11 0.5430555555555554 0.30493827160493825 0.336111111111111 0.1358024691358024
45 0.8180555555555554 0.8444444444444446 0.11666666666666671 0.1382716049382715
45 0.7097222222222223 0.16049382716049382 0.111111111111111 0.13333333333333333
45 0.2548611111111111 0.16296296296296298 0.11805555555555557 0.14814814814814817
45 0.14930555555555552 0.5839506172839506 0.11527777777777777 0.13580246913580254
46 0.9368055555555554 0.7123456790123457 0.11805555555555557 0.1308641975308643
46 0.70625 0.4395061728395062 0.10972222222222229 0.14814814814814817
46 0.26180555555555557 0.4419753086419753 0.11527777777777776 0.13333333333333328
46 0.04583333333333333 0.7172839506172839 0.09166666666666666 0.14567901234567898
46 0.5951388888888889 0.043209876543209874 0.10972222222222229 0.08641975308641975
46 0.13541666666666669 0.044444444444444446 0.11805555555555557 0.08888888888888889
66 0.04236111111111111 0.4370370370370371 0.08472222222222223 0.1382716049382716
66 0.9409722222222223 0.44074074074074077 0.11805555555555557 0.1407407407407407
66 0.8277777777777777 0.04197530864197531 0.11388888888888872 0.08395061728395062
66 0.3694444444444444 0.045679012345679004 0.1111111111111111 0.09135802469135801
66 0.2673611111111111 0.7135802469135802 0.12083333333333336 0.1283950617283952
66 0.04791666666666668 0.962962962962963 0.09583333333333335 0.07407407407407404
66 0.9354166666666666 0.9567901234567902 0.11527777777777785 0.08641975308641975
23 0.1527777777777778 0.845679012345679 0.11666666666666665 0.1358024691358024
23 0.03819444444444445 0.16049382716049382 0.0763888888888889 0.13333333333333333
23 0.9430555555555555 0.15555555555555556 0.11388888888888886 0.13827160493827162
23 0.8194444444444444 0.5765432098765432 0.11388888888888886 0.13580246913580246
