81 0.08524355300859598 0.8506844953836358 0.11318051575931232 0.1273479783508438
81 0.08309455587392549 0.5794333014963388 0.11174785100286531 0.1349888570518943
81 0.07521489971346705 0.048392231773320596 0.1189111747851003 0.09678446354664119
81 0.07879656160458452 0.3132760267430754 0.12034383954154727 0.1324418974848774
81 0.30587392550143266 0.05603311047437123 0.1045845272206304 0.11206622094874245
81 0.5250716332378222 0.06112702960840496 0.11318051575931226 0.12225405921680992
81 0.7371060171919771 0.061127029608404965 0.11031518624641834 0.12225405921680993
81 0.9527220630372493 0.05603311047437123 0.09455587392550142 0.11206622094874245
81 0.9498567335243553 0.31964342566061765 0.10028653295128948 0.14008277618592804
81 0.9462750716332379 0.5819802610633557 0.10744985673352431 0.1298949379178606
81 0.9462750716332379 0.8443170964660937 0.10744985673352431 0.13498885705189437
81 0.7292263610315186 0.583253740846864 0.10601719197707737 0.13244189748487742
81 0.30873925501432664 0.5794333014963386 0.11031518624641837 0.12989493791786053
62 0.08452722063037249 0.7169691181152499 0.11461318051575929 0.12989493791786047
62 0.3101719197707736 0.4444444444444444 0.1103151862464183 0.1298949379178606
62 0.4169054441260745 0.05858007004138809 0.10601719197707737 0.11716014008277618
62 0.8495702005730658 0.05985354982489653 0.10888252148997125 0.11970709964979306
62 0.9448424068767909 0.7169691181152499 0.10458452722063029 0.12989493791786047
62 0.7328080229226361 0.452085323145495 0.10744985673352446 0.1349888570518943
5 0.1991404011461318 0.9597262018465458 0.11174785100286533 0.08054759630690868
5 0.83810888252149 0.952085323145495 0.10888252148997139 0.09582935370900998
5 0.8474212034383953 0.18847500795924865 0.10744985673352446 0.12734797835084366
5 0.19340974212034387 0.17446673034065582 0.11461318051575932 0.13498885705189428
73 0.1969914040114613 0.4469914040114613 0.11031518624641834 0.1298949379178606
73 0.8402578796561605 0.454632282712512 0.10744985673352431 0.12480101878382677
73 0.6318051575931232 0.18847500795924865 0.10601719197707744 0.12225405921680994
10 0.8373925501432664 0.7131486787647247 0.10744985673352433 0.1324418974848774
10 0.8431232091690544 0.31964342566061765 0.11031518624641834 0.1349888570518943
10 0.4169054441260745 0.18592804839223176 0.10601719197707737 0.1273479783508437
10 0.30587392550143266 0.31964342566061765 0.1103151862464183 0.14008277618592804
10 0.2012893982808023 0.714422158548233 0.11031518624641831 0.12989493791786058
10 0.6246418338108881 0.452085323145495 0.10888252148997132 0.12989493791786053
11 0.576647564469914 0.32346386501114294 0.328080229226361 0.1273479783508437
17 0.9462750716332379 0.9597262018465458 0.10744985673352431 0.08054759630690868
17 0.9491404011461319 0.454632282712512 0.10171919770773641 0.1349888570518943
17 0.7306590257879657 0.7118751989812162 0.10601719197707737 0.12480101878382684
17 0.6303724928366763 0.06112702960840497 0.10601719197707758 0.12225405921680994
17 0.19412607449856736 0.05603311047437123 0.11318051575931232 0.11206622094874245
17 0.08452722063037249 0.4457179242279528 0.11461318051575929 0.13244189748487747
82 0.8395415472779371 0.5819802610633557 0.10601719197707737 0.12480101878382677
82 0.9520057306590257 0.18592804839223176 0.09598853868194851 0.13244189748487742
82 0.07736389684813755 0.17064629099013054 0.12034383954154729 0.13753581661891118
82 0.1977077363896848 0.8468640560331104 0.10888252148997134 0.1298949379178606
87 0.83810888252149 0.8443170964660937 0.10601719197707737 0.1298949379178606
87 0.1991404011461318 0.5768863419293219 0.11174785100286533 0.12989493791786053
87 0.30659025787965616 0.18210760904170648 0.11174785100286531 0.1349888570518943
87 0.7378223495702005 0.19102196752626552 0.10315186246418336 0.12225405921680993
87 0.08452722063037249 0.9622731614135626 0.11461318051575929 0.0754536771728749
