81 0.6222728618056808 0.5122651125542549 0.06209213230591544 0.07205753625624758
81 0.8736597585719914 0.510731973484973 0.06295452303238662 0.08738892694906618
81 0.8710725863925785 0.668645297621005 0.06640408593827075 0.07512381439481139
81 0.9853393576499923 0.6678787280863642 0.02932128470001544 0.07359067532552963
81 0.9857705530132277 0.5099654039503322 0.02845889397354455 0.07665695346409322
81 0.9857705530132277 0.3489858016757364 0.02845889397354455 0.07972323160265699
81 0.5149052163600352 0.6655790194824414 0.02845889397354462 0.07205753625624765
81 0.5131804349070933 0.5114985430196142 0.02673411252060255 0.07665695346409329
81 0.5123180441806222 0.3543517884182229 0.025009331067660484 0.07512381439481128
5 0.5528504083247614 0.2807611130926935 0.06640408593827068 0.06592497997912015
5 0.9392014537837912 0.27846140448877066 0.0664040859382709 0.06745811904840199
5 0.9387702584205556 0.7330371385308433 0.06209213230591544 0.044461033009174006
5 0.5575935573203523 0.7322705689962024 0.0603673508529733 0.052126728355583365
73 0.9392014537837912 0.43254188095159807 0.06467930448532869 0.07512381439481125
73 0.8102740401763694 0.28229425216197535 0.06554169521179957 0.06899125811768389
73 0.5562999712306457 0.42870903327839327 0.06295452303238648 0.07359067532552949
10 0.9379078676940845 0.5896886355529891 0.06381691375885765 0.07665695346409329
10 0.9379078676940845 0.3512855102796592 0.06381691375885765 0.07819009253337508
10 0.6196856896262678 0.3574180665567867 0.062092132305915586 0.07512381439481139
10 0.8102740401763694 0.4356081590901617 0.06381691375885765 0.07819009253337512
10 0.5593183387732944 0.5881554964837072 0.06209213230591551 0.07972323160265703
11 0.768016894579288 0.3589512056260686 0.22249680742953046 0.08432264881050248
44 0.9862017483764633 0.7284377213229977 0.02759650324707337 0.05059358928630146
44 0.9383390630573202 0.6678787280863642 0.06467930448532883 0.07359067532552963
44 0.8719349771190494 0.5873889269490664 0.0664040859382709 0.08125637067193886
44 0.8102740401763694 0.5137982516235369 0.06209213230591544 0.07512381439481132
44 0.8740909539352271 0.2792279740234116 0.06554169521179957 0.07205753625624763
44 0.9853393576499923 0.43100874188231614 0.02932128470001544 0.07205753625624751
44 0.5593183387732943 0.5137982516235369 0.06036735085297352 0.07205753625624772
44 0.5140428256335643 0.43407502002087994 0.023284549614718274 0.07819009253337506
44 0.5136116302703287 0.7276711517883568 0.025871721794131587 0.05212672835558323
86 0.5140428256335643 0.5912217746222709 0.02845889397354462 0.07665695346409322
86 0.7447323449645696 0.2861270998351799 0.06554169521179971 0.07359067532552938
86 0.8736597585719914 0.43254188095159807 0.06122974157944469 0.07205753625624772
86 0.9857705530132279 0.5896886355529891 0.02673411252060248 0.07359067532552949
86 0.6839337987483607 0.5091988344156912 0.061229741579444406 0.08125637067193886
32 0.6209792757159743 0.433308450486239 0.061229741579444476 0.07665695346409315
32 0.9387702584205556 0.5114985430196142 0.06554169521179971 0.07665695346409329
16 0.55974953413653 0.6671121585517232 0.06640408593827075 0.07512381439481146
16 0.8745221492984625 0.7345702776001253 0.06467930448532855 0.05365986742486527
16 0.9866329437396988 0.2815276826273344 0.02673411252060248 0.061325562771274524
