81 0.26041666666666663 0.5691358024691358 0.11527777777777776 0.13086419753086417
81 0.04166666666666666 0.5691358024691358 0.08333333333333331 0.13086419753086417
81 0.03819444444444445 0.2938271604938272 0.0763888888888889 0.12839506172839507
81 0.24583333333333332 0.037037037037037035 0.11388888888888886 0.07407407407407407
81 0.03611111111111111 0.0345679012345679 0.07222222222222222 0.0691358024691358
81 0.4777777777777778 0.044444444444444446 0.11111111111111115 0.08888888888888889
81 0.7041666666666667 0.044444444444444446 0.11666666666666657 0.08888888888888889
81 0.9409722222222223 0.037037037037037035 0.11805555555555557 0.07407407407407407
81 0.9381944444444444 0.282716049382716 0.12361111111111113 0.145679012345679
81 0.9340277777777777 0.5679012345679013 0.11527777777777785 0.13827160493827165
81 0.9298611111111111 0.8395061728395062 0.1125 0.12839506172839493
81 0.7013888888888888 0.5641975308641975 0.11388888888888886 0.13086419753086417
81 0.044444444444444446 0.8444444444444446 0.08888888888888889 0.1382716049382715
5 0.8229166666666665 0.1469135802469136 0.11805555555555557 0.13580246913580246
5 0.8131944444444444 0.951851851851852 0.11527777777777772 0.09629629629629634
5 0.14652777777777778 0.9555555555555556 0.11527777777777778 0.08888888888888885
5 0.3659722222222222 0.4345679012345679 0.10972222222222225 0.13333333333333328
5 0.13194444444444448 0.1469135802469136 0.11666666666666668 0.145679012345679
73 0.5916666666666667 0.15679012345679014 0.11388888888888893 0.14074074074074075
73 0.14097222222222222 0.42962962962962964 0.11805555555555555 0.13333333333333328
73 0.8166666666666665 0.4308641975308642 0.11944444444444442 0.14074074074074075
10 0.8138888888888889 0.7012345679012345 0.11111111111111115 0.13827160493827165
10 0.8173611111111111 0.29259259259259257 0.11805555555555557 0.14074074074074075
10 0.3652777777777778 0.15679012345679014 0.11944444444444442 0.145679012345679
10 0.25277777777777777 0.29506172839506173 0.11111111111111115 0.14567901234567907
10 0.14652777777777778 0.7074074074074075 0.11250000000000002 0.14074074074074075
11 0.5486111111111112 0.2962962962962963 0.3333333333333334 0.1382716049382716
45 0.8125 0.8333333333333333 0.11666666666666657 0.13580246913580254
45 0.70625 0.15432098765432098 0.10972222222222229 0.13580246913580246
45 0.2527777777777777 0.14814814814814814 0.11666666666666663 0.12839506172839507
45 0.14375 0.5654320987654321 0.11527777777777778 0.12839506172839507
46 0.7034722222222223 0.43209876543209874 0.10972222222222214 0.13333333333333336
46 0.5923611111111111 0.038271604938271614 0.10972222222222229 0.07654320987654323
46 0.9326388888888889 0.7037037037037038 0.1125 0.13333333333333328
46 0.25833333333333336 0.4333333333333333 0.11388888888888889 0.13580246913580246
46 0.13194444444444445 0.040740740740740744 0.11388888888888889 0.08148148148148149
46 0.04375 0.708641975308642 0.0875 0.13827160493827165
66 0.2625 0.708641975308642 0.11388888888888889 0.12345679012345684
66 0.04583333333333333 0.9555555555555556 0.09166666666666666 0.08888888888888885
66 0.9277777777777777 0.954320987654321 0.11944444444444442 0.09135802469135797
66 0.9354166666666666 0.4283950617283951 0.11805555555555557 0.13086419753086417
66 0.8263888888888888 0.037037037037037035 0.11944444444444442 0.07407407407407407
66 0.36180555555555555 0.03950617283950618 0.11250000000000003 0.07901234567901236
66 0.04097222222222222 0.4333333333333333 0.08194444444444444 0.1407407407407407
23 0.8152777777777778 0.5666666666666667 0.11111111111111115 0.12592592592592594
23 0.9416666666666665 0.145679012345679 0.11666666666666671 0.13333333333333336
23 0.03611111111111111 0.1493827160493827 0.06944444444444443 0.14074074074074072
