81 0.20277777777777778 0.13333333333333336 0.1305555555555555 0.15802469135802472
81 0.20625 0.7617283950617284 0.12638888888888888 0.14567901234567912
81 0.9534722222222223 0.7592592592592592 0.09305555555555557 0.16049382716049365
81 0.9506944444444444 0.44074074074074077 0.09861111111111115 0.16049382716049393
81 0.9541666666666666 0.1259259259259259 0.09166666666666672 0.15308641975308643
81 0.7104166666666667 0.13827160493827162 0.12916666666666657 0.14814814814814817
5 0.3347222222222222 0.6024691358024691 0.12777777777777782 0.1481481481481483
5 0.06944444444444446 0.2888888888888889 0.13611111111111113 0.1530864197530864
5 0.8381944444444446 0.2901234567901235 0.12638888888888872 0.15555555555555559
73 0.8361111111111111 0.5950617283950618 0.1277777777777777 0.14814814814814808
73 0.07291666666666667 0.6049382716049384 0.13194444444444445 0.14320987654320994
73 0.5819444444444444 0.291358024691358 0.12499999999999993 0.15308641975308646
10 0.8381944444444446 0.9111111111111111 0.13194444444444442 0.16790123456790113
10 0.5833333333333334 0.5987654320987655 0.11666666666666671 0.15555555555555556
10 0.8361111111111111 0.44320987654320987 0.125 0.15555555555555564
10 0.3326388888888889 0.2950617283950618 0.12638888888888883 0.15061728395061738
10 0.07291666666666667 0.9172839506172837 0.13194444444444445 0.15555555555555556
10 0.20555555555555555 0.4481481481481481 0.12499999999999999 0.16049382716049373
71 0.5819444444444444 0.137037037037037 0.12222222222222222 0.14567901234567898
71 0.20416666666666664 0.29259259259259257 0.13055555555555554 0.15061728395061733
11 0.5215277777777778 0.44691358024691363 0.3902777777777777 0.15308641975308646
35 0.7076388888888888 0.29259259259259257 0.12083333333333329 0.15061728395061733
35 0.20555555555555555 0.6074074074074075 0.12499999999999999 0.14814814814814817
8 0.07500000000000001 0.7654320987654322 0.13055555555555556 0.1580246913580247
8 0.06805555555555555 0.13209876543209875 0.1361111111111111 0.15061728395061727
8 0.7090277777777778 0.5975308641975309 0.12361111111111114 0.15802469135802483
4 0.21041666666666667 0.917283950617284 0.1375 0.15061728395061721
4 0.9513888888888888 0.9185185185185185 0.09722222222222214 0.15802469135802483
4 0.9527777777777777 0.2876543209876543 0.09444444444444443 0.15061728395061727
67 0.8381944444444446 0.7518518518518519 0.1291666666666667 0.16049382716049393
67 0.8402777777777777 0.1345679012345679 0.12777777777777785 0.15555555555555556
53 0.9513888888888888 0.6012345679012346 0.09722222222222214 0.15555555555555556
53 0.3326388888888889 0.13456790123456788 0.12638888888888886 0.15061728395061724
81 0.7090277777777778 0.760493827160494 0.12361111111111114 0.14814814814814825
