81 0.2138888888888889 0.7518518518518519 0.1277777777777778 0.14567901234567898
81 0.20763888888888885 0.13209876543209875 0.12638888888888888 0.15555555555555553
81 0.46388888888888885 0.137037037037037 0.12222222222222222 0.14567901234567898
81 0.9583333333333333 0.12098765432098765 0.08333333333333343 0.1530864197530864
81 0.9555555555555556 0.4345679012345679 0.08888888888888885 0.1580246913580247
81 0.9548611111111112 0.754320987654321 0.09027777777777786 0.16049382716049393
81 0.46805555555555556 0.7444444444444445 0.1277777777777778 0.16049382716049393
5 0.075 0.28395061728395066 0.13888888888888887 0.16296296296296295
5 0.8430555555555556 0.2851851851851852 0.13055555555555542 0.15555555555555556
73 0.08263888888888889 0.5987654320987654 0.13472222222222222 0.15061728395061721
73 0.5930555555555556 0.2888888888888889 0.13333333333333322 0.1530864197530864
10 0.34375 0.9061728395061729 0.13194444444444442 0.1580246913580247
10 0.08055555555555555 0.9135802469135803 0.13333333333333333 0.15308641975308646
10 0.2111111111111111 0.4493827160493826 0.12222222222222222 0.1580246913580246
10 0.8409722222222222 0.44074074074074077 0.13194444444444442 0.1555555555555555
10 0.8472222222222221 0.9148148148148142 0.11666666666666657 0.16049382716049354
10 0.5909722222222225 0.5962962962962965 0.11527777777777795 0.16049382716049398
71 0.5895833333333332 0.12962962962962962 0.12361111111111107 0.15061728395061727
71 0.20972222222222223 0.2975308641975309 0.12499999999999999 0.1555555555555556
11 0.5013888888888889 0.437037037037037 0.38333333333333336 0.1629629629629629
10 0.3423611111111111 0.2888888888888889 0.12638888888888888 0.14814814814814817
35 0.21458333333333335 0.5987654320987655 0.13194444444444448 0.15555555555555556
8 0.08263888888888889 0.7580246913580246 0.13194444444444445 0.14320987654320988
8 0.075 0.12962962962962962 0.13888888888888887 0.1604938271604938
4 0.2125 0.9074074074074073 0.12222222222222227 0.15555555555555556
4 0.46388888888888885 0.5987654320987655 0.1277777777777778 0.15555555555555556
4 0.9555555555555556 0.9135802469135803 0.08888888888888885 0.16790123456790126
4 0.9548611111111112 0.28271604938271605 0.09027777777777786 0.15061728395061727
67 0.8472222222222223 0.12716049382716052 0.12777777777777785 0.1506172839506173
67 0.8506944444444444 0.7580246913580249 0.12361111111111114 0.15308641975308646
53 0.34166666666666673 0.7469135802469136 0.12222222222222222 0.15061728395061721
53 0.3375 0.13456790123456788 0.12499999999999996 0.15061728395061724
53 0.9555555555555556 0.5950617283950618 0.08888888888888885 0.14814814814814808
81 0.7180555555555557 0.1308641975308642 0.1277777777777776 0.14814814814814814
