81 0.1840277777777778 0.3098765432098765 0.1236111111111111 0.14074074074074072
81 0.059722222222222204 0.15925925925925924 0.11944444444444441 0.14074074074074075
81 0.6694444444444444 0.31234567901234567 0.13333333333333341 0.1407407407407407
81 0.059722222222222225 0.7358024691358024 0.11666666666666665 0.13827160493827165
81 0.17777777777777778 0.8864197530864197 0.11944444444444445 0.13827160493827165
81 0.936111111111111 0.6197530864197529 0.1277777777777779 0.13827160493827162
5 0.423611111111111 0.3197530864197531 0.11666666666666664 0.13580246913580252
73 0.9395833333333334 0.15185185185185182 0.12083333333333329 0.15555555555555556
10 0.9333333333333335 0.928395061728395 0.13333333333333328 0.14320987654320988
10 0.8069444444444445 0.4641975308641975 0.13611111111111115 0.14814814814814825
10 0.9381944444444444 0.30740740740740746 0.12361111111111114 0.16049382716049387
10 0.8083333333333332 0.15555555555555556 0.125 0.15308641975308643
10 0.3034722222222222 0.16666666666666669 0.11527777777777776 0.145679012345679
10 0.3937499999999999 0.044444444444444446 0.14861111111111092 0.08888888888888889
10 0.1798611111111111 0.44814814814814824 0.11527777777777778 0.14567901234567907
10 0.2979166666666667 0.7432098765432099 0.11250000000000003 0.13333333333333328
10 0.05763888888888889 0.9765432098765432 0.11527777777777778 0.04691358024691368
10 0.8027777777777778 0.7679012345679013 0.125 0.1382716049382715
71 0.8083333333333335 0.31851851851851853 0.13333333333333328 0.14814814814814817
71 0.3069444444444444 0.31234567901234567 0.12222222222222225 0.1407407407407407
71 0.9326388888888889 0.7777777777777777 0.13472222222222213 0.15308641975308646
11 0.49583333333333335 0.45679012345679015 0.4305555555555556 0.14814814814814825
73 0.9402777777777778 0.145679012345679 0.11944444444444442 0.1382716049382716
73 0.18125 0.6024691358024691 0.11805555555555557 0.1432098765432098
8 0.05486111111111111 0.8765432098765433 0.10972222222222222 0.13333333333333328
8 0.4305555555555556 0.16543209876543208 0.1277777777777778 0.14814814814814814
8 0.8027777777777777 0.617283950617284 0.12777777777777785 0.15308641975308646
8 0.30069444444444443 0.6037037037037039 0.12083333333333329 0.14567901234567907
83 0.29930555555555555 0.8839506172839506 0.11527777777777776 0.14320987654320988
83 0.6777777777777777 0.16296296296296298 0.13333333333333328 0.15308641975308643
83 0.18125 0.15679012345679014 0.12638888888888888 0.15061728395061727
83 0.06041666666666666 0.5938271604938272 0.12083333333333332 0.1407407407407407
28 0.06041666666666667 0.3024691358024691 0.12083333333333333 0.13580246913580252
28 0.17916666666666667 0.7382716049382716 0.11944444444444445 0.12839506172839507
