81 0.52697868653063 0.6080863043843715 0.05605539722061806 0.08278950974122075
81 0.5274098818938655 0.43944100676336645 0.055193006494147025 0.08892206601834815
81 0.5265474911673944 0.2799945435580526 0.05346822504120496 0.06745811904840203
81 0.6559061001380517 0.2830608216966163 0.06726647666474178 0.07972323160265687
81 0.9232472253440769 0.2868936693698209 0.0672664766647415 0.08125637067193871
81 0.9223848346176057 0.6088528739190124 0.06726647666474178 0.07512381439481146
81 0.6580620769542294 0.6057865957804487 0.06985364884415496 0.07819009253337506
62 0.5265474911673944 0.6908758141255922 0.05346822504120496 0.07665695346409322
62 0.7244661628925002 0.2853605303005391 0.06640408593827075 0.07205753625624763
62 0.9797338179279305 0.2838273912312572 0.04053236414413902 0.07819009253337501
62 0.9219536392543702 0.5329624899895602 0.06812886739121268 0.08278950974122068
62 0.6580620769542292 0.5229970860392279 0.06640408593827075 0.08125637067193871
5 0.9793026225646949 0.3650837619031961 0.04139475487061034 0.07819009253337506
5 0.5899332095630165 0.3620174837646323 0.06812886739121282 0.07512381439481139
73 0.589502014199781 0.5268299337124327 0.06726647666474186 0.0797232316026568
73 0.8551183579528638 0.3673834705071188 0.06381691375885765 0.07359067532552949
73 0.9780090364749883 0.5314293509202783 0.04398192705002344 0.07665695346409336
81 0.7904390534675352 0.2876602389044619 0.06554169521179957 0.07359067532552949
10 0.9784402318382237 0.693175522729515 0.04311953632355241 0.08432264881050244
10 0.8546871625896284 0.5252967946431508 0.06640408593827075 0.07665695346409308
10 0.9780090364749883 0.4463401325751349 0.04398192705002344 0.08432264881050258
10 0.7240349675292646 0.3635506228339142 0.06209213230591544 0.08125637067193886
10 0.6580620769542292 0.44250728490193014 0.06640408593827075 0.08278950974122075
10 0.5890708188365454 0.6885761055216694 0.07157843029709703 0.08125637067193878
11 0.8301090268852036 0.44710670210977577 0.19662508563539915 0.08585578787978435
17 0.9185040763484861 0.6893426750563103 0.06640408593827062 0.08892206601834815
17 0.8555495533160995 0.2838273912312572 0.06640408593827062 0.07819009253337501
17 0.5882084281100745 0.2807611130926935 0.06812886739121282 0.06899125811768386
17 0.527841077257101 0.5252967946431508 0.052605834314734 0.07972323160265703
17 0.659355663043936 0.6908758141255922 0.06726647666474193 0.07972323160265687
82 0.9775778411117528 0.6088528739190124 0.044844317776494336 0.08125637067193886
82 0.5265474911673944 0.3574180665567867 0.05346822504120496 0.08125637067193882
87 0.589502014199781 0.6073197348497306 0.06726647666474186 0.0781900925333752
87 0.9228160299808411 0.3673834705071188 0.06812886739121282 0.0797232316026571
87 0.6571996862277584 0.3635506228339142 0.06640408593827075 0.07819009253337512
