81 0.5265474911673944 0.6073197348497306 0.051743443588263036 0.08125637067193886
81 0.5265474911673944 0.27692826541948884 0.051743443588263036 0.07972323160265696
81 0.6567684908645228 0.2815276826273344 0.06726647666474171 0.07359067532552946
81 0.9241096160705479 0.28229425216197535 0.06554169521179957 0.08125637067193875
81 0.7900078581042999 0.28382739123125716 0.06640408593827046 0.0873889269490662
81 0.9206600531646637 0.6065531653150896 0.06554169521179957 0.08278950974122061
81 0.6597868584071714 0.6050200262458076 0.0733032117500391 0.0797232316026568
62 0.5265474911673944 0.6893426750563103 0.05346822504120496 0.0858557878797842
62 0.9788714272014594 0.2815276826273344 0.042257145597081235 0.08278950974122065
62 0.7227413814395579 0.28459396076589816 0.06295452303238648 0.07359067532552949
62 0.6589244676807005 0.5222305165045872 0.06985364884415489 0.08585578787978441
5 0.978440231838223 0.36431719236855514 0.043119536323552386 0.08278950974122053
5 0.589502014199781 0.3551183579528639 0.07071603957062593 0.08585578787978446
73 0.5890708188365454 0.523763655573869 0.06640408593827075 0.08278950974122068
73 0.8555495533160995 0.36661690097247784 0.06467930448532883 0.07819009253337512
73 0.9780090364749883 0.5252967946431508 0.04398192705002344 0.07972323160265703
10 0.9784402318382237 0.6924089531948736 0.043119536323552345 0.0858557878797843
10 0.5877772327468389 0.6885761055216694 0.06726647666474171 0.07819009253337483
10 0.6571996862277584 0.4409741458326482 0.06295452303238662 0.07972323160265696
10 0.9780090364749883 0.44710670210977566 0.04398192705002344 0.08278950974122061
10 0.8542559672263924 0.5252967946431514 0.06554169521179956 0.07972323160265725
11 0.8257970732528483 0.44250728490193014 0.20869855580599364 0.08278950974122075
10 0.7244661628925002 0.3604843446953504 0.06640408593827075 0.07819009253337506
17 0.9215224438911346 0.6870429664523874 0.06899125811768386 0.0812563706719385
17 0.8572743347690416 0.28076111309269347 0.06812886739121296 0.07512381439481132
17 0.5877772327468388 0.2838273912312572 0.070716039570626 0.07512381439481132
17 0.527841077257101 0.522997086039228 0.05433061576767607 0.07819009253337499
17 0.6559061001380516 0.6862763969177464 0.06209213230591544 0.07665695346409322
82 0.9784402318382237 0.6088528739190124 0.04311953632355241 0.07512381439481146
82 0.526116295804159 0.3551183579528639 0.05433061576767599 0.08585578787978446
87 0.9219536392543702 0.3643171923685551 0.0664040859382709 0.08278950974122068
87 0.6567684908645228 0.3627840532992732 0.06554169521179971 0.07972323160265703
87 0.5873460373836034 0.6034868871765258 0.06812886739121282 0.07972323160265687
62 0.921091248527899 0.5275965032470736 0.06467930448532869 0.08125637067193871
81 0.52697868653063 0.44020757629800733 0.05605539722061806 0.07819009253337512
