81 0.5342200504960264 0.6752647101168903 0.05871175834083701 0.06610509087264603
81 0.5341877024198057 0.5395968784466588 0.059843941008566756 0.06757153699465768
81 0.649023373003812 0.5395968784466588 0.05660913338648186 0.06469615244169354
81 0.532974649561524 0.40157841990437904 0.060652642914087666 0.07044692154762203
81 0.5301441928921998 0.26643534591506346 0.06146134481960899 0.06469615244169365
81 0.6486190220510514 0.26931073046802756 0.05741783529200305 0.06182076788872951
81 0.7594111831074517 0.2721861150209917 0.05580043148096067 0.06757153699465775
81 0.867372887494528 0.2721861150209917 0.05499172957543976 0.06757153699465775
81 0.9753345918816043 0.2736238072974739 0.04933081623679143 0.06182076788872944
81 0.973717188070562 0.4094857274250305 0.05256562385887619 0.0690092292711399
81 0.9725041352122801 0.5395968784466588 0.05499172957543962 0.07044692154762196
81 0.9716954333067589 0.668989183330046 0.056609133386482144 0.07044692154762196
81 0.8641380798724433 0.5417534168613819 0.05337432576439724 0.06038307561224741
81 0.6498320749093331 0.6733022601594922 0.053374325764397386 0.06182076788872948
62 0.649023373003812 0.47274418759024206 0.05499172957543962 0.06613384471817582
62 0.7040151025792514 0.2721861150209917 0.05337432576439724 0.06757153699465775
62 0.9235776699282493 0.27074842274450966 0.05741783529200291 0.07044692154762192
62 0.8645424308252038 0.4734630337284831 0.05256562385887619 0.06469615244169369
62 0.5354007552780875 0.6107626461325217 0.0590352391030455 0.06900922927113981
5 0.5928185905700907 0.7351230280482218 0.05741783529200305 0.047443845123908514
5 0.9175124056368407 0.7329664896334986 0.05337432576439724 0.054632306506319
5 0.9219602661172069 0.3397576520156496 0.05418302766991829 0.06469615244169365
5 0.5916055377118088 0.33328803677148017 0.059843941008566756 0.07475999837706819
5 0.7036107516264909 0.4756195721432062 0.05256562385887605 0.0632584601652117
62 0.9729084861650408 0.6086061077177988 0.05418302766991843 0.06469615244169376
73 0.9183211075423617 0.47705726441968827 0.05337432576439724 0.06325846016521154
73 0.5916055377118088 0.4734630337284831 0.056609133386482 0.06757153699465789
10 0.9179167565896011 0.6050118770265935 0.05256562385887605 0.06613384471817575
10 0.9187254584951222 0.40876688128678945 0.050948220047833816 0.06757153699465789
10 0.649023373003812 0.4037349583191021 0.0533743257643971 0.06900922927113996
10 0.7040151025792514 0.3397576520156496 0.051756921953354865 0.06469615244169365
10 0.5936272924756117 0.6078872615795577 0.05580043148096081 0.06613384471817582
11 0.7832678893203263 0.40876688128678945 0.16982740015944586 0.06757153699465789
17 0.9729084861650408 0.7329664896334986 0.05418302766991843 0.04888153740039072
17 0.9733128371178013 0.4749007260049652 0.053374325764397386 0.061820767888729616
17 0.6498320749093317 0.607887261579557 0.05499172957543931 0.06613384471817697
17 0.5349964043253269 0.47274418759024206 0.05984394100856669 0.06325846016521154
17 0.5907968358062876 0.27002957660626864 0.056609133386482 0.06038307561224745
17 0.8131898598246096 0.27074842274450966 0.05499172957543948 0.07044692154762192
82 0.9179167565896011 0.5388780323084178 0.05580043148096081 0.06325846016521147
82 0.9753345918816043 0.34191419043037263 0.04933081623679143 0.06613384471817568
82 0.7586024812019306 0.33975765201564956 0.054183027669918574 0.07044692154762192
82 0.5313572457504816 0.3340068829097212 0.05903523910304557 0.06469615244169362
82 0.5932229415228513 0.6754587985742154 0.05660913338648193 0.06325846016521154
87 0.5341877024198056 0.7358418741864629 0.058226537197524235 0.048881537400390584
87 0.9162993527785588 0.6725834140212512 0.05418302766991829 0.06613384471817568
87 0.5936272924756117 0.5403157245848998 0.05580043148096081 0.06613384471817561
87 0.649023373003812 0.3368822674626854 0.058226537197524235 0.07044692154762203
87 0.8653511327307251 0.34263303656861366 0.05256562385887605 0.06469615244169362
