81 0.6050250472762599 0.3114238944783309 0.06554169521179964 0.08125637067193865
81 0.8620174837646323 0.31372360308225355 0.06209213230591544 0.07359067532552949
81 0.9814585993808725 0.31065732494368986 0.03708280123825503 0.07972323160265692
81 0.9793026225646949 0.4739366358222084 0.04139475487061034 0.07512381439481125
81 0.6097681962718506 0.6295502513543176 0.06812886739121289 0.07665695346409322
81 0.9797338179279305 0.6287836818196767 0.04053236414413902 0.07512381439481132
5 0.6722915239410017 0.5490604502170197 0.06381691375885765 0.07819009253337506
5 0.5390521567012246 0.39268026515026966 0.06985364884415489 0.08125637067193878
5 0.9266967882499609 0.39038055654634696 0.0655416952117996 0.07665695346409336
73 0.9254032021602544 0.5505935892863016 0.06467930448532869 0.07512381439481132
73 0.5412081335174023 0.5498270197516607 0.06726647666474171 0.07359067532552942
73 0.7977693746425394 0.3926802651502696 0.06295452303238662 0.07819009253337506
10 0.928421569702903 0.7054406352837697 0.06726647666474178 0.08125637067193878
10 0.5407769381541668 0.7077403438876927 0.06640408593827075 0.07972323160265687
10 0.6718603285777661 0.39191369561562867 0.061229741579444476 0.07665695346409322
10 0.6084746101821441 0.4724034967529265 0.06381691375885751 0.07819009253337506
10 0.9254032021602544 0.46933721861436284 0.06467930448532869 0.08125637067193878
71 0.607612219455673 0.3934468346849105 0.06554169521179971 0.07972323160265687
71 0.7969069839160682 0.3121904640129717 0.06467930448532883 0.07359067532552953
11 0.7662921131263459 0.47317006628756764 0.2035242114471673 0.08278950974122083
35 0.6067498287292019 0.5521267283555836 0.06209213230591544 0.07512381439481133
35 0.8620174837646323 0.39191369561562867 0.0638169137588578 0.07665695346409315
8 0.5416393288806378 0.6280171122850358 0.06640408593827075 0.07665695346409322
8 0.5381897659747535 0.31065732494369014 0.06812886739121281 0.07972323160265732
8 0.861586288401397 0.5490604502170197 0.06467930448532869 0.07819009253337506
4 0.9797338179279305 0.7077403438876925 0.04053236414413902 0.08585578787978462
4 0.9801650132911659 0.38884741747706497 0.03966997341766813 0.07972323160265696
67 0.927559178976432 0.3098907554090489 0.06554169521179971 0.07512381439481143
67 0.9266967882499612 0.6272505427503948 0.06554169521179971 0.07819009253337506
53 0.670135547124824 0.31525674215153543 0.06122974157944434 0.07359067532552942
53 0.9797338179279305 0.5482938806823787 0.04053236414413902 0.07665695346409315
