81 0.6087882068099517 0.6254386511230615 0.06585529183960731 0.07386942788358063
81 0.6052602447471155 0.3132357861056638 0.06350331713104986 0.08501953020563058
81 0.8628014753341514 0.31253890471053575 0.0627193255615309 0.08083824183486187
81 0.9815761981163001 0.30905449773489513 0.03684760376739959 0.07944447904460564
81 0.9788322276229833 0.6282261767035738 0.04233554475403338 0.07665695346409301
81 0.9796162191925025 0.47282162559000335 0.040767561614995035 0.07526319067383697
5 0.6711155365867227 0.5494785790540965 0.06193533399201172 0.07805071625434934
5 0.5409729360465465 0.3919833837551414 0.06820726654816475 0.07526319067383697
5 0.9259127966804412 0.3912865023600131 0.06507130027008842 0.0794444790446056
73 0.5413649318313061 0.5501754604492244 0.06585529183960738 0.07386942788358088
73 0.7981221708488226 0.39058962096488514 0.06350331713104979 0.07805071625434948
73 0.9259127966804417 0.5473879348687121 0.06350331713104979 0.07665695346409322
10 0.9266967882499608 0.7055800115627953 0.06820726654816482 0.08362576741537453
10 0.9259127966804417 0.47212474419487516 0.06507130027008813 0.07108190230306832
10 0.6715075323714825 0.39337714654539757 0.06585529183960723 0.07526319067383697
10 0.6083962110251921 0.4707309814046188 0.06507130027008813 0.07665695346409315
10 0.5409729360465465 0.7090644185384357 0.0713432328262413 0.07386942788358056
71 0.6076122194556729 0.3947709093356538 0.06507130027008813 0.07526319067383688
71 0.7985141666335821 0.30905449773489513 0.061151342422492545 0.0682943767225558
11 0.7714664574851718 0.47003410000949075 0.20305381650545612 0.0752631906738368
35 0.6080042152404325 0.5459941720784559 0.06271932556153076 0.07665695346409315
35 0.8600575048408342 0.3912865023600132 0.06193533399201172 0.07108190230306825
8 0.5421489234008251 0.6268324139133177 0.07055924125672206 0.08223200462511805
8 0.5397969486922678 0.3118420233154076 0.07055924125672214 0.0794444790446056
8 0.8604495006255938 0.5459941720784558 0.06271932556153076 0.08223200462511819
4 0.6087882068099516 0.7090644185384359 0.0674232749786455 0.0794444790446056
4 0.9792242234077428 0.7062768929579235 0.041551553184514346 0.08223200462511812
4 0.9804002107620216 0.38640833259411633 0.03919957847595683 0.08083824183486193
67 0.9278727756042394 0.3111451419202795 0.06585529183960731 0.08083824183486187
67 0.9270887840347203 0.6275292953084458 0.06742327497864566 0.0808382418348618
53 0.6703315450172037 0.31393266750079196 0.06193533399201165 0.07526319067383688
53 0.9796162191925025 0.5473879348687121 0.040767561614995035 0.07665695346409322
