81 0.5214102123125711 0.6016476770996255 0.04447860480366437 0.08065453671064482
81 0.6472846639069414 0.604019869355821 0.06493876301335 0.07591015219825394
81 0.6468398778589048 0.2798202610091116 0.06582833510942336 0.07274722918999334
81 0.5218549983606078 0.2758666072487859 0.04180988851544456 0.07116576768586307
81 0.7807204783179346 0.2798202610091116 0.06493876301335007 0.07274722918999334
81 0.911487576440708 0.27902953025704647 0.0684970513976431 0.08065453671064471
81 0.5218549983606078 0.43401275766181485 0.043589032707591145 0.08381745971890531
62 0.5209654262645346 0.6886280598267913 0.04536817689973766 0.0838174597189051
62 0.7144473571604746 0.27428514574465557 0.06582833510942336 0.08065453671064475
62 0.9733128371178015 0.2750758764967208 0.0533743257643971 0.07907307520651446
62 0.6472846639069416 0.5209931403889808 0.06671790720549658 0.07749161370238426
5 0.5783428264612617 0.35414895170323524 0.06938662349371655 0.0822359982147751
5 0.7148921432085114 0.5202024096369157 0.06493876301335007 0.0790730752065145
73 0.5787876125092982 0.521783871141046 0.06671790720549665 0.0822359982147752
5 0.9733128371178015 0.358102605463561 0.0533743257643971 0.08065453671064478
10 0.9733128371178015 0.4435015266865966 0.0533743257643971 0.08381745971890531
10 0.972423265021728 0.6783485600499445 0.05515346995654383 0.09805061325607795
10 0.714002571112438 0.6838836753144005 0.0684970513976431 0.08381745971890538
10 0.577898040413225 0.6846744060664658 0.07027619558978984 0.07907307520651444
10 0.7131129990163646 0.35731187471149584 0.06671790720549652 0.0853989212230357
10 0.6468398778589048 0.43796641142214054 0.06760747930156981 0.08223599821477513
11 0.8163033621608663 0.4411293344304012 0.20904944257722216 0.07591015219825392
17 0.6481742360030147 0.6838836753144005 0.06493876301335 0.08065453671064489
17 0.5231893565047178 0.521783871141046 0.04447860480366437 0.07907307520651435
17 0.5770084683171517 0.27428514574465557 0.06849705139764317 0.08065453671064475
82 0.5209654262645346 0.35019529794290954 0.041809888515444635 0.08381745971890538
82 0.7162265013526212 0.6008569463475604 0.06938662349371626 0.0790730752065145
82 0.7816100504140079 0.36126552847182153 0.0684970513976431 0.07749161370238426
87 0.577898040413225 0.6000662155954952 0.06671790720549652 0.08065453671064475
87 0.6477294499549779 0.3557304132073655 0.06760747930156995 0.082235998214775
17 0.8461040273793213 0.2829831840173722 0.06227004672513019 0.07591015219825391
