81 0.09813753581661892 0.8494110156001272 0.11604584527220631 0.1197070996497932
81 0.09813753581661891 0.5845272206303724 0.11031518624641834 0.12989493791786053
81 0.32163323782234954 0.5819802610633557 0.10458452722063036 0.1349888570518943
81 0.09025787965616047 0.04711875198981216 0.11174785100286534 0.09423750397962433
81 0.31948424068767906 0.05603311047437123 0.11174785100286538 0.11206622094874245
81 0.5372492836676218 0.05603311047437123 0.10601719197707737 0.11206622094874245
81 0.7521489971346704 0.05858007004138809 0.11174785100286541 0.11716014008277618
81 0.9591690544412609 0.05603311047437123 0.0816618911174784 0.11206622094874245
81 0.9570200573065902 0.3221903852276345 0.0859598853868195 0.12989493791786055
81 0.9555873925501434 0.5845272206303724 0.08882521489971353 0.1451766953199617
81 0.9541547277936963 0.8519579751671442 0.09169054441260754 0.1298949379178606
81 0.7471346704871061 0.5883476599808979 0.10458452722063029 0.12734797835084366
81 0.745702005730659 0.8404966571155683 0.10458452722063029 0.12734797835084366
81 0.09455587392550142 0.3107290671760586 0.12320916905444125 0.13244189748487745
62 0.09885386819484239 0.7131486787647247 0.12034383954154727 0.13244189748487742
62 0.3216332378223496 0.4508118433619866 0.10744985673352435 0.12225405921680994
62 0.7464183381088825 0.4571792422795288 0.10888252148997139 0.12989493791786053
62 0.9548710601719198 0.7246099968163006 0.09025787965616047 0.13498885705189437
62 0.8660458452722064 0.05985354982489653 0.11318051575931236 0.11970709964979306
62 0.4297994269340974 0.05858007004138809 0.1060171919770773 0.11716014008277618
5 0.2163323782234957 0.9584527220630372 0.12034383954154729 0.08309455587392549
5 0.01862464183381089 0.8532314549506527 0.03724928366762178 0.1273479783508438
5 0.20845272206303725 0.17828716969118116 0.11318051575931234 0.13753581661891118
5 0.8588825214899712 0.18847500795924865 0.11318051575931236 0.12734797835084366
5 0.8517191977077363 0.954632282712512 0.11031518624641834 0.09073543457497607
73 0.8560171919770773 0.4571792422795288 0.11031518624641834 0.12989493791786053
73 0.6439828080229227 0.19102196752626552 0.11031518624641834 0.1324418974848774
73 0.015759312320916905 0.16809933142311365 0.03151862464183381 0.13244189748487742
73 0.018624641833810886 0.9622731614135626 0.03724928366762177 0.0754536771728749
73 0.21203438395415475 0.4482648837949698 0.10888252148997137 0.12734797835084372
10 0.8545845272206303 0.7182425978987584 0.11318051575931236 0.13244189748487742
10 0.8581661891117477 0.3247373447946514 0.10888252148997125 0.13498885705189434
10 0.4297994269340974 0.1897484877427571 0.1060171919770773 0.12989493791786055
10 0.3202005730659026 0.3209169054441261 0.10458452722063033 0.1426297357529449
10 0.21275071633237821 0.7118751989812162 0.10744985673352439 0.12480101878382684
5 0.4297994269340974 0.4469914040114613 0.1060171919770773 0.1298949379178606
10 0.0164756446991404 0.4482648837949697 0.0329512893982808 0.13753581661891118
10 0.01790830945558739 0.7156956383317414 0.03581661891117478 0.12225405921680987
11 0.6002865329512893 0.31964342566061765 0.34383954154727797 0.14008277618592804
17 0.9555873925501434 0.9597262018465458 0.08882521489971353 0.08054759630690868
17 0.7449856733524355 0.7156956383317415 0.10315186246418336 0.12734797835084366
17 0.9563037249283667 0.4559057624960204 0.08739255014326659 0.12734797835084366
17 0.6454154727793697 0.061127029608404965 0.10458452722063044 0.12225405921680993
17 0.20773638968481375 0.05603311047437123 0.11174785100286529 0.11206622094874245
82 0.9606017191977076 0.18210760904170648 0.07879656160458452 0.1349888570518943
82 0.8553008595988538 0.5870741801973893 0.10601719197707737 0.1298949379178606
82 0.21346704871060174 0.845590576249602 0.11747851002865332 0.1273479783508438
82 0.09025787965616047 0.17446673034065582 0.12320916905444128 0.1451766953199618
82 0.02005730659025788 0.583253740846864 0.04011461318051576 0.12734797835084372
87 0.75 0.18974848774275707 0.10458452722063015 0.13498885705189428
87 0.3187679083094556 0.1833810888252149 0.10744985673352431 0.13753581661891118
87 0.21131805157593125 0.5807067812798472 0.11031518624641835 0.13244189748487747
87 0.09742120343839542 0.9622731614135626 0.11747851002865328 0.0754536771728749
87 0.8538681948424067 0.8506844953836358 0.11174785100286541 0.13244189748487742
10 0.6396848137535817 0.4571792422795288 0.10171919770773627 0.12480101878382684
17 0.09598853868194843 0.4457179242279528 0.12034383954154727 0.13244189748487747
