81 0.5419806480548278 0.6749177034810668 0.05881468403790322 0.07057762084548394
81 0.6551989148277917 0.5389904337045791 0.054403582735060636 0.06534964893100366
81 0.5408778727291172 0.537683440725959 0.058079500487429596 0.06796363488824383
81 0.5360991796510376 0.2684428871302239 0.05881468403790336 0.06012167701652338
81 0.6522581806258967 0.271645019927843 0.05499172957543962 0.06325846016521147
81 0.7642633945405788 0.270926173789602 0.05741783529200305 0.06469615244169358
81 0.8722250989276549 0.270926173789602 0.058226537197524235 0.06757153699465779
81 0.9777606975981677 0.2730827122043251 0.04447860480366444 0.06325846016521154
81 0.9769519956926466 0.40750694005539967 0.04609600861470682 0.07044692154762196
81 0.9753345918816043 0.5404934756299922 0.04933081623679143 0.06325846016521154
81 0.9753345918816043 0.6706046266516205 0.04933081623679143 0.06469615244169369
62 0.6550886372952207 0.4750784770500575 0.05580043148096088 0.06757153699465775
62 0.8702033441638519 0.47507847705005746 0.05256562385887619 0.06469615244169362
62 0.9280255304086157 0.27380155834256614 0.05660913338648186 0.06469615244169369
62 0.7100803668706603 0.270926173789602 0.05418302766991829 0.06182076788872944
62 0.5410616686167357 0.6066273203481678 0.059035239103045284 0.06613384471817561
5 0.5992882058142599 0.7317065484021085 0.05418302766991828 0.05175692195335484
5 0.9215559151644465 0.733863086816832 0.053374325764396956 0.05319461422983693
5 0.9268124775503339 0.34137309533722393 0.05418302766991843 0.06757153699465779
5 0.5976708020032175 0.3341846339548135 0.05903523910304543 0.06469615244169369
5 0.7096760159178999 0.47507847705005746 0.05337432576439724 0.06182076788872948
73 0.9243863718337704 0.47435963091181643 0.054183027669918574 0.06325846016521154
73 0.5996925567670205 0.4714842463588522 0.05660913338648193 0.06613384471817575
62 0.974525889976083 0.6059084742099268 0.050948220047833816 0.06757153699465768
10 0.9215559151644465 0.6073461664864089 0.053374325764396956 0.07044692154762203
10 0.9255994246920523 0.40822578619364064 0.05337432576439724 0.0690092292711399
10 0.7096760159178999 0.3384977107842597 0.05337432576439724 0.06757153699465782
10 0.59928820581426 0.6059084742099269 0.05418302766991843 0.06469615244169369
11 0.7873113988479321 0.4089446323318818 0.17144480397048809 0.06182076788872948
17 0.9749302409288438 0.7309877022638679 0.05013951814231248 0.053194614229837074
17 0.9761432937871254 0.47435963091181643 0.047713412425749196 0.06325846016521154
17 0.8184464222104971 0.27380155834256614 0.05418302766991843 0.06182076788872948
17 0.5976708020032176 0.2687696353748789 0.05741783529200319 0.06038307561224737
17 0.5406573176639751 0.4707654002206112 0.058226537197524235 0.06469615244169362
17 0.6563016901535025 0.6059084742099268 0.056609133386482 0.06757153699465768
82 0.9227689680227283 0.5404934756299922 0.054183027669918574 0.06613384471817575
82 0.7654764473988603 0.34352963375194706 0.05499172957543976 0.06325846016521151
82 0.5988838548614993 0.6720423189281025 0.056609133386482 0.06757153699465782
82 0.5370181590891298 0.3298715571253673 0.06227004672513012 0.0733223061005862
82 0.9773563466454073 0.3399354030607419 0.045287306709185626 0.06469615244169365
87 0.5406573176639751 0.7295500099873857 0.058226537197524235 0.038817691465016256
87 0.9219602661172069 0.6727611650663436 0.05418302766991829 0.06038307561224741
87 0.8726294498804156 0.34352963375194706 0.05418302766991843 0.06038307561224741
87 0.6546842863424601 0.3363411723695367 0.053374325764397386 0.0690092292711399
87 0.6005012586725417 0.5412123217682332 0.05822653719752438 0.06469615244169362
