81 0.522157138378087 0.2714229023979762 0.04311953632355221 0.05435674881999323
81 0.5252931046561639 0.5480848162638401 0.047823485740667165 0.06411308835178708
81 0.5260770962256829 0.6832798069186956 0.05252743515778206 0.06690061393229954
81 0.6381878906669193 0.6797953999430547 0.05409541829682027 0.06550685114204313
81 0.6377958948821596 0.5466910534735839 0.058015376144415924 0.06411308835178688
81 0.6323079538955256 0.2707260210028485 0.05958335928345427 0.05853803719076204
81 0.8620174837646322 0.2742104279784891 0.06115134242249241 0.05993179998101827
81 0.9753042655601473 0.26933225821259227 0.04939146887970551 0.05296298602973714
81 0.973736282421109 0.4059210116577037 0.05252743515778206 0.07526319067383704
81 0.9741282782058684 0.5452972906833277 0.051743443588263036 0.06690061393229954
81 0.9729522908515897 0.6846735697089517 0.054095418296820415 0.06968813951281191
81 0.8608414964103533 0.6825829255235673 0.05409541829682013 0.0627193255615309
81 0.8604495006255939 0.5446004092881995 0.058015376144415993 0.06550685114204334
5 0.5825244892310606 0.7348490301581763 0.05879936771393524 0.036237832546662074
5 0.916504897846212 0.7348490301581763 0.058799367713935166 0.036237832546662074
5 0.9212088472633269 0.3362328721448917 0.055663401435858614 0.0669006139322995
5 0.5742925777511098 0.3362328721448917 0.058015376144415993 0.0669006139322995
5 0.6942432878875374 0.4797904395412841 0.05958335928345436 0.06968813951281207
73 0.8032181160506972 0.33902039772540427 0.05801537614441614 0.06690061393229954
73 0.91846487677001 0.4749122697753876 0.0595833592834542 0.0655068511420432
73 0.578604531383465 0.4776997953559 0.058799367713935166 0.06829437672255566
10 0.9172888894157312 0.617076074381524 0.05723138457489682 0.07108190230306817
10 0.5797805187377436 0.6149854301961396 0.05801537614441607 0.06411308835178715
10 0.689147342685663 0.33832351633027613 0.05723138457489682 0.0682943767225558
10 0.91846487677001 0.4059210116577037 0.0595833592834542 0.07526319067383704
10 0.6334839412498044 0.4080116558430881 0.05879936771393524 0.07386942788358063
11 0.7781303858260843 0.4087085372382157 0.1803180609894008 0.06968813951281182
45 0.9176808852004907 0.6860673324992078 0.059583359283454485 0.06690061393229954
45 0.8628014753341513 0.3362328721448917 0.05958335928345406 0.06968813951281203
45 0.6330919454650445 0.3355359907497628 0.05644739300537694 0.07386942788358053
45 0.5789965271682246 0.5459941720784558 0.058015376144415993 0.06550685114204327
46 0.9729522908515897 0.6170760743815239 0.054095418296820415 0.0682943767225558
46 0.8608414964103536 0.4776997953559001 0.05723138457489682 0.06550685114204341
46 0.8043941034049757 0.2742104279784891 0.054095418296820415 0.05714427440050582
46 0.5735085861815905 0.2714229023979766 0.05801537614441607 0.05993179998101827
46 0.6362279117431214 0.4776997953559 0.05644739300537765 0.06829437672255566
46 0.5252931046561637 0.6156823115912677 0.05252743515778214 0.06550685114204341
46 0.6385798864516787 0.7334552673679201 0.0548794098663393 0.036237832546662074
46 0.8596655090560748 0.7341521487630481 0.05801537614441614 0.040419120917430856
66 0.5252931046561637 0.4804873209364125 0.046255502601629035 0.07108190230306817
66 0.6358359159583619 0.6135916674058832 0.05723138457489693 0.064113088351787
66 0.9741282782058684 0.4749122697753876 0.051743443588263036 0.0655068511420432
66 0.9227768304023649 0.27072602100284854 0.06193533399201172 0.055750511610249624
66 0.6903233300399417 0.27351354658336097 0.058015376144415993 0.05017546044922469
23 0.5809565060920224 0.6825829255235674 0.05723138457489689 0.06550685114204327
23 0.9172888894157312 0.5466910534735839 0.055663401435858476 0.06968813951281205
23 0.9760882571296656 0.3341422279595072 0.04782348574066677 0.07108190230306813
23 0.523333125732366 0.3369297535400195 0.0454715110321096 0.07108190230306857
81 0.7475547146148384 0.26933225821259166 0.05644739300537735 0.05017546044922477
66 0.8596655090560748 0.6142885488010116 0.05644739300537751 0.06550685114204327
81 0.5245091130866446 0.40661789305283186 0.04939146887970551 0.06829437672255566
