81 0.5402529667112145 0.6752575216555079 0.05903523910304543 0.07332230610058608
81 0.5426790724277779 0.5401144476661923 0.05741783529200305 0.06469615244169354
81 0.5390399138529327 0.40569021981511766 0.06307874863065116 0.0690092292711399
81 0.5366138081363693 0.267671761272838 0.061461344819608923 0.05750769105928327
81 0.6522581806258967 0.2705471458258022 0.056609133386482 0.05750769105928317
81 0.7646677454933392 0.27198483810228424 0.053374325764397386 0.06038307561224734
81 0.8738425027386972 0.27126599196404316 0.05660913338648186 0.07044692154762196
81 0.9785693995036888 0.27198483810228424 0.0428612009926222 0.06900922927113985
81 0.9769519956926466 0.40856560436808187 0.04609600861470682 0.06325846016521154
81 0.9753345918816043 0.5408332938044333 0.04933081623679143 0.06613384471817561
81 0.9761432937871254 0.6731009832407848 0.047713412425749196 0.0690092292711399
81 0.869394642258331 0.5372390631132282 0.05256562385887619 0.06469615244169369
81 0.6558973392007418 0.5386767553897103 0.05741783529200312 0.06182076788872948
62 0.5422747214750173 0.6076859846608501 0.058226537197524235 0.06757153699465789
62 0.6550886372952206 0.4725429106715345 0.054183027669918574 0.06469615244169369
62 0.7100803668706602 0.27198483810228424 0.055800431480960526 0.06038307561224734
62 0.9288342323141369 0.2734225303787663 0.058226537197524235 0.0690092292711399
62 0.8706076951166127 0.47541829522449874 0.051756921953354865 0.06182076788872955
62 0.9757389428343649 0.6069671385226091 0.048522114331270245 0.06613384471817582
5 0.6000969077197811 0.7349217511295142 0.05741783529200319 0.04888153740039087
5 0.9227689680227283 0.7327652127147911 0.054183027669918574 0.05606999878280121
5 0.9272168285030936 0.3409940673734241 0.056609133386481957 0.06613384471817578
5 0.5968621000976959 0.3352432982674957 0.05903523910304553 0.06900922927113977
73 0.8176377203049761 0.3417129135116651 0.05418302766991843 0.06757153699465772
73 0.5996925567670206 0.4739806029480167 0.05499172957543948 0.06469615244169369
73 0.9243863718337704 0.47757483363922176 0.05256562385887619 0.06325846016521161
10 0.9231733189754888 0.6062482923843681 0.053374325764397386 0.06469615244169369
10 0.9243863718337706 0.4092844505063229 0.050948220047833954 0.07044692154762196
10 0.7104847178234209 0.33883752895870095 0.0533743257643971 0.06757153699465786
10 0.6550886372952206 0.4064090659533588 0.054183027669918574 0.06757153699465775
10 0.6005012586725417 0.604810600107886 0.05337432576439724 0.06757153699465775
11 0.788524451706214 0.4071279120915999 0.16740129444288243 0.07188461382410416
17 0.9749302409288438 0.7313275204383091 0.05013951814231248 0.04744384512390866
17 0.9765476447398861 0.47757483363922176 0.04690471052022786 0.06613384471817568
17 0.8184464222104972 0.2755790687934894 0.05256562385887619 0.06469615244169365
17 0.5968621000976964 0.27054714582580214 0.05741783529200312 0.06038307561224741
17 0.5406573176639751 0.4703863722568114 0.061461344819608923 0.0690092292711399
82 0.9235776699282493 0.5408332938044333 0.05256562385887634 0.06325846016521147
82 0.9785693995036888 0.34099406737342414 0.0428612009926222 0.06613384471817571
82 0.5382312119474116 0.33236791371453167 0.061461344819608923 0.06900922927113985
82 0.601309960578063 0.673819829379026 0.058226537197524235 0.06469615244169362
87 0.9227689680227283 0.6723821371025437 0.054183027669918574 0.06182076788872948
87 0.8722250989276549 0.3424317596499062 0.051756921953354865 0.06038307561224745
87 0.6550886372952207 0.3381186828204599 0.05580043148096088 0.07188461382410406
87 0.6000969077197812 0.5379579092514691 0.055800431480960595 0.06613384471817575
87 0.5422747214750173 0.7349217511295143 0.058226537197524235 0.051756921953355
5 0.7121021216344633 0.4746994490862577 0.05660913338648186 0.06325846016521154
10 0.8164246674466942 0.4768559875009808 0.05175692195335472 0.06469615244169369
