81 0.23819444444444443 0.5271604938271605 0.13472222222222224 0.14074074074074075
81 0.7388888888888888 0.5172839506172839 0.13055555555555556 0.14567901234567907
81 0.9708333333333334 0.5222222222222223 0.058333333333333286 0.16049382716049387
81 0.9694444444444444 0.8345679012345678 0.061111111111111144 0.15308641975308646
81 0.9694444444444444 0.20370370370370366 0.061111111111111144 0.1703703703703703
81 0.7444444444444445 0.8345679012345678 0.1277777777777777 0.15308641975308646
81 0.025 0.8345679012345678 0.05 0.15308641975308646
81 0.025694444444444443 0.5160493827160494 0.05138888888888889 0.14814814814814817
81 0.02291666666666666 0.2074074074074074 0.04583333333333332 0.15308641975308637
5 0.10625 0.06666666666666668 0.13194444444444442 0.13333333333333336
5 0.11388888888888889 0.954320987654321 0.125 0.09135802469135797
5 0.8736111111111111 0.9580246913580247 0.1277777777777777 0.08395061728395063
5 0.8756944444444446 0.06296296296296296 0.13194444444444442 0.1259259259259259
73 0.6145833333333335 0.06913580246913582 0.12638888888888894 0.13827160493827165
73 0.8715277777777777 0.36419753086419754 0.13472222222222213 0.15555555555555556
73 0.10972222222222225 0.3641975308641976 0.12500000000000003 0.15555555555555559
10 0.8729166666666666 0.6827160493827161 0.13194444444444442 0.15061728395061727
10 0.86875 0.2049382716049383 0.12361111111111114 0.16296296296296298
10 0.2361111111111111 0.21358024691358024 0.125 0.16543209876543205
10 0.11319444444444443 0.6802469135802469 0.12083333333333332 0.1555555555555555
10 0.6159722222222223 0.36790123456790125 0.12361111111111114 0.16296296296296298
11 0.5493055555555556 0.2160493827160494 0.4041666666666666 0.1703703703703704
44 0.9694444444444444 0.9567901234567902 0.061111111111111144 0.08641975308641975
44 0.8722222222222222 0.8382716049382717 0.12777777777777785 0.1604938271604938
44 0.7409722222222223 0.6740740740740742 0.12638888888888886 0.15308641975308646
44 0.6152777777777778 0.5246913580246914 0.12222222222222215 0.15555555555555556
44 0.9694444444444444 0.3604938271604938 0.061111111111111144 0.14814814814814817
44 0.7423611111111111 0.06296296296296296 0.12638888888888886 0.1259259259259259
44 0.11319444444444444 0.5197530864197532 0.12638888888888888 0.15555555555555556
44 0.24444444444444444 0.6790123456790123 0.13055555555555554 0.1382716049382716
44 0.023611111111111117 0.954320987654321 0.047222222222222235 0.09135802469135797
44 0.025000000000000005 0.36666666666666664 0.05000000000000001 0.15555555555555556
86 0.2354166666666667 0.9530864197530865 0.11805555555555557 0.09382716049382708
86 0.9708333333333334 0.6740740740740742 0.058333333333333286 0.1580246913580247
86 0.7416666666666667 0.3604938271604938 0.125 0.15802469135802466
86 0.3659722222222222 0.5234567901234568 0.13194444444444442 0.16296296296296298
32 0.2361111111111111 0.3654320987654321 0.12222222222222222 0.14814814814814814
32 0.8715277777777777 0.5259259259259259 0.13194444444444442 0.14814814814814817
16 0.9694444444444444 0.05925925925925926 0.061111111111111144 0.11851851851851852
