81 0.05229226361031518 0.8379496975485514 0.10458452722063036 0.16809933142311365
81 0.7464183381088825 0.32473734479465144 0.13753581661891118 0.15027061445399556
81 0.6053008595988539 0.1566380133715377 0.14183381088825214 0.1553645335880293
81 0.17406876790830947 0.32601082457815983 0.14756446991404013 0.16300541228907992
81 0.04799426934097421 0.14899713467048714 0.09598853868194843 0.17064629099013057
73 0.18194842406876788 0.6685768863419292 0.14899713467048709 0.16045845272206308
10 0.8911174785100286 0.8290353390639925 0.14899713467048697 0.17064629099013062
10 0.8968481375358166 0.14645017510347022 0.14326647564469908 0.16045845272206305
10 0.3209169054441261 0.15791149315504616 0.14326647564469913 0.17319325055714743
10 0.17693409742120342 0.4979305953517988 0.15329512893982808 0.17574021012416424
10 0.8911174785100286 0.48774275708373127 0.14326647564469908 0.17064629099013054
11 0.5300859598853868 0.4915631964342566 0.48424068767908307 0.1630054122890799
80 0.04871060171919771 0.3298312639286851 0.09742120343839542 0.1655523718560968
74 0.16977077363896848 0.14772365488697867 0.1504297994269341 0.16809933142311365
74 0.8925501432664756 0.6596625278573702 0.1461318051575931 0.15791149315504613
34 0.4634670487106017 0.16045845272206305 0.1389684813753582 0.17319325055714743
34 0.8954154727793696 0.3209169054441261 0.1461318051575931 0.1630054122890799
74 0.603868194842407 0.31964342566061765 0.13610315186246416 0.16045845272206308
18 0.3223495702005731 0.3298312639286851 0.14326647564469913 0.17064629099013057
48 0.05300859598853868 0.6749442852594715 0.10601719197707736 0.17319325055714743
48 0.7485673352435529 0.1553645335880293 0.14183381088825214 0.16809933142311365
