81 0.083810888252149 0.5768863419293219 0.1189111747851003 0.1248010187838269
81 0.30945558739255014 0.5819802610633557 0.11174785100286531 0.12480101878382677
81 0.083810888252149 0.8557784145176695 0.11318051575931232 0.13753581661891118
81 0.07306590257879657 0.04966571155682904 0.12034383954154729 0.09933142311365808
81 0.30587392550143266 0.05221267112384591 0.10744985673352439 0.10442534224769182
81 0.5229226361031519 0.05603311047437123 0.1060171919770773 0.11206622094874245
81 0.7385386819484239 0.059853549824896525 0.11031518624641834 0.11970709964979305
81 0.9541547277936963 0.05985354982489653 0.09169054441260754 0.11970709964979306
81 0.9512893982808024 0.31964342566061765 0.09742120343839546 0.14008277618592804
81 0.9477077363896848 0.5819802610633557 0.10458452722063044 0.1349888570518943
81 0.9469914040114614 0.8519579751671442 0.10601719197707737 0.1298949379178606
81 0.080945558739255 0.30308818847500796 0.1275071633237822 0.1426297357529449
62 0.9469914040114614 0.7182425978987584 0.10601719197707737 0.13244189748487742
62 0.7349570200573067 0.45845272206303733 0.10601719197707737 0.13244189748487747
62 0.8524355300859598 0.05985354982489653 0.11174785100286527 0.11970709964979306
62 0.414756446991404 0.05603311047437123 0.10458452722063036 0.11206622094874245
62 0.3080229226361031 0.4508118433619866 0.10601719197707733 0.12225405921680994
62 0.085243553008596 0.7118751989812162 0.11604584527220631 0.140082776185928
5 0.19842406876790833 0.954632282712512 0.11318051575931232 0.09073543457497607
5 0.4154727793696275 0.4482648837949697 0.10028653295128948 0.13753581661891118
5 0.1955587392550143 0.17319325055714743 0.11318051575931232 0.13244189748487745
5 0.8345272206303724 0.9571792422795289 0.11031518624641834 0.0856415154409423
5 0.8481375358166189 0.18210760904170648 0.10888252148997139 0.1349888570518943
73 0.1991404011461318 0.4469914040114613 0.11174785100286533 0.12480101878382684
73 0.8431232091690544 0.4508118433619866 0.10744985673352446 0.12734797835084366
73 0.6296561604584526 0.1833810888252149 0.10458452722063036 0.13753581661891118
10 0.8409742120343838 0.7169691181152499 0.10888252148997125 0.12480101878382684
10 0.414756446991404 0.1833810888252149 0.10458452722063036 0.1273479783508437
10 0.1991404011461318 0.7131486787647244 0.10601719197707733 0.12734797835084366
10 0.30873925501432664 0.31200254695956703 0.10458452722063036 0.12989493791786055
10 0.8459885386819483 0.31709646609360076 0.10744985673352431 0.13498885705189426
11 0.5716332378223495 0.31964342566061765 0.3467048710601719 0.12989493791786053
17 0.9469914040114614 0.9571792422795289 0.10601719197707737 0.0856415154409423
17 0.9498567335243553 0.4559057624960204 0.10028653295128948 0.12225405921680994
17 0.6310888252148996 0.06749442852594716 0.10458452722063036 0.1248010187838268
17 0.19484240687679083 0.05603311047437123 0.11461318051575929 0.11206622094874245
17 0.08237822349570202 0.4444444444444444 0.11604584527220631 0.1349888570518943
82 0.8416905444126074 0.5858007004138809 0.10744985673352431 0.12734797835084366
82 0.9520057306590257 0.18592804839223176 0.09598853868194851 0.1273479783508437
82 0.07736389684813753 0.1693728112066221 0.12320916905444125 0.14008277618592804
82 0.1969914040114613 0.8430436166825851 0.1131805157593123 0.13244189748487756
87 0.83810888252149 0.848137535816619 0.11174785100286527 0.12225405921681003
87 0.739971346704871 0.1872015281757402 0.10744985673352431 0.12989493791786055
87 0.30659025787965616 0.18592804839223176 0.10601719197707742 0.13244189748487742
87 0.1984240687679083 0.5819802610633557 0.11031518624641831 0.11461318051575929
87 0.08309455587392549 0.9584527220630372 0.11461318051575929 0.08309455587392549
