81 0.6058874380027309 0.3129570335476127 0.06726647666474186 0.08125637067193882
81 0.8620174837646323 0.31525674215153543 0.0638169137588578 0.07359067532552942
81 0.9805962086544013 0.30912418587440804 0.0388075826911971 0.07665695346409325
81 0.9793026225646949 0.46933721861436273 0.04139475487061034 0.07819009253337512
81 0.9793026225646949 0.6280171122850358 0.04139475487061034 0.07665695346409322
81 0.6071810240924376 0.6280171122850357 0.06640408593827068 0.0797232316026571
5 0.5412081335174023 0.3934468346849105 0.0655416952117998 0.07972323160265687
5 0.9271279836131964 0.39114712608098773 0.06812886739121282 0.07205753625624758
5 0.6727227193042371 0.5498270197516605 0.061229741579444406 0.07665695346409315
73 0.5412081335174023 0.5505935892863015 0.06899125811768386 0.07512381439481118
73 0.7986317653690103 0.39268026515026955 0.06467930448532869 0.08125637067193878
73 0.92583439752349 0.5475273111477378 0.06554169521179957 0.07205753625624772
10 0.9271279836131966 0.7062072048184109 0.06467930448532883 0.08278950974122054
10 0.92583439752349 0.4708703576836446 0.06381691375885751 0.08125637067193878
10 0.670135547124824 0.39344683468491054 0.05950496012650234 0.07665695346409315
10 0.6080434148189086 0.47163692721828554 0.06812886739121275 0.08585578787978428
10 0.5403457427909313 0.7108066220262563 0.06726647666474178 0.07972323160265687
71 0.6071810240924376 0.39268026515026966 0.06640408593827068 0.0781900925333747
71 0.7977693746425394 0.31525674215153543 0.0646793044853284 0.07665695346409322
11 0.7667233084895816 0.4724034967529265 0.1992122578148121 0.07512381439481139
35 0.608474610182144 0.5498270197516605 0.06554169521179964 0.07665695346409315
35 0.8620174837646323 0.39114712608098773 0.0638169137588578 0.07819009253337506
8 0.5420705242438733 0.6303168208889585 0.06554169521179964 0.07819009253337499
8 0.5399145474276957 0.3137236030822536 0.07157843029709703 0.08278950974122072
8 0.8602927023116902 0.5421613244052513 0.06381691375885765 0.0797232316026568
4 0.6106305869983217 0.7092734829569747 0.06812886739121282 0.07972323160265675
4 0.9788714272014594 0.7062072048184109 0.042257145597081235 0.08278950974122054
4 0.9797338179279305 0.388080847942424 0.04053236414413902 0.07512381439481132
67 0.9279903743396676 0.31065732494368986 0.06640408593827075 0.07972323160265692
67 0.9254032021602544 0.6280171122850358 0.06640408593827062 0.07665695346409322
53 0.670997937851295 0.3129570335476126 0.06467930448532855 0.07819009253337506
53 0.9797338179279305 0.545227602543815 0.04053236414413902 0.07665695346409336
