81 0.02083333333333333 0.20246913580246914 0.04166666666666666 0.12839506172839507
81 0.20972222222222223 0.2 0.10833333333333334 0.12345679012345682
81 0.41805555555555557 0.20370370370370366 0.1 0.12098765432098763
81 0.6215277777777778 0.2049382716049383 0.1125 0.12345679012345681
81 0.8375 0.20370370370370366 0.10555555555555557 0.12098765432098763
81 0.026388888888888885 0.4580246913580247 0.05277777777777777 0.13086419753086426
81 0.02638888888888889 0.7148148148148148 0.05277777777777778 0.11604938271604937
81 0.026388888888888885 0.9580246913580247 0.05277777777777777 0.08395061728395063
81 0.21458333333333335 0.9493827160493826 0.10138888888888889 0.10123456790123452
81 0.8277777777777777 0.951851851851852 0.111111111111111 0.09629629629629634
81 0.6277777777777779 0.9530864197530865 0.08888888888888893 0.09382716049382708
81 0.83125 0.7111111111111111 0.10416666666666657 0.12345679012345684
81 0.8305555555555554 0.4580246913580247 0.10833333333333328 0.12098765432098758
5 0.10486111111111111 0.3296296296296296 0.10416666666666669 0.12098765432098758
5 0.7263888888888892 0.3308641975308643 0.10833333333333327 0.12345679012345664
5 0.9361111111111111 0.5864197530864197 0.10833333333333343 0.11604938271604943
73 0.10694444444444447 0.5839506172839506 0.1027777777777778 0.13086419753086426
73 0.9368055555555556 0.954320987654321 0.10694444444444456 0.09135802469135797
73 0.7270833333333334 0.5864197530864197 0.101388888888889 0.11604938271604943
10 0.9368055555555556 0.8407407407407408 0.10972222222222229 0.1259259259259258
10 0.94375 0.3345679012345679 0.10972222222222229 0.12098765432098763
10 0.7270833333333334 0.46296296296296297 0.101388888888889 0.12098765432098774
10 0.2138888888888889 0.4580246913580247 0.10277777777777779 0.12592592592592602
10 0.10833333333333332 0.8345679012345678 0.10833333333333332 0.1234567901234567
51 0.10555555555555554 0.951851851851852 0.10833333333333332 0.09629629629629634
51 0.3145833333333334 0.2012345679012346 0.10138888888888889 0.12098765432098768
11 0.48194444444444445 0.46172839506172836 0.3555555555555555 0.1382716049382716
30 0.10138888888888889 0.19876543209876543 0.1111111111111111 0.12592592592592594
30 0.8277777777777777 0.8419753086419752 0.10555555555555557 0.11851851851851862
47 0.21319444444444444 0.32839506172839505 0.10416666666666669 0.1283950617283951
47 0.6208333333333332 0.5888888888888889 0.10833333333333335 0.13086419753086417
47 0.02638888888888889 0.8432098765432099 0.05277777777777778 0.12098765432098774
26 0.945138888888889 0.2037037037037036 0.10972222222222211 0.12098765432098758
26 0.023611111111111117 0.32592592592592595 0.047222222222222235 0.11851851851851851
26 0.7229166666666668 0.9530864197530865 0.09861111111111115 0.09382716049382708
20 0.7291666666666667 0.2037037037037037 0.1 0.13086419753086423
63 0.6208333333333332 0.33086419753086416 0.09999999999999998 0.12839506172839496
57 0.8305555555555556 0.5864197530864197 0.10277777777777772 0.1259259259259258
57 0.2125 0.8432098765432098 0.1 0.10617283950617291
22 0.8319444444444444 0.33333333333333326 0.10277777777777772 0.12345679012345677
72 0.9388888888888889 0.7222222222222223 0.11111111111111115 0.12592592592592594
72 0.31180555555555556 0.9469135802469136 0.09305555555555557 0.10617283950617278
72 0.025 0.5876543209876544 0.05 0.11851851851851855
