81 0.2625 0.5802469135802469 0.11666666666666668 0.12345679012345684
81 0.04513888888888888 0.5814814814814815 0.09027777777777776 0.1358024691358024
81 0.04722222222222222 0.8493827160493826 0.09444444444444444 0.13333333333333341
81 0.2513888888888889 0.04197530864197531 0.11111111111111115 0.08395061728395062
81 0.03888888888888889 0.043209876543209874 0.07777777777777778 0.08641975308641975
81 0.47916666666666663 0.044444444444444446 0.11111111111111115 0.08888888888888889
81 0.7111111111111111 0.044444444444444446 0.11666666666666657 0.08888888888888889
81 0.9451388888888889 0.03950617283950617 0.10972222222222229 0.07901234567901234
81 0.9395833333333334 0.29259259259259257 0.12083333333333329 0.14074074074074075
81 0.9381944444444444 0.5753086419753086 0.12361111111111114 0.1382716049382716
81 0.9333333333333335 0.8481481481481481 0.11666666666666671 0.1308641975308643
81 0.7048611111111112 0.5728395061728395 0.10972222222222214 0.13333333333333336
5 0.8159722222222221 0.9555555555555556 0.11805555555555552 0.08888888888888875
5 0.8256944444444444 0.15679012345679014 0.11527777777777772 0.13580246913580246
5 0.1375 0.16543209876543208 0.11388888888888891 0.1382716049382716
5 0.37222222222222223 0.44320987654320987 0.11388888888888886 0.1358024691358024
5 0.15416666666666665 0.9567901234567903 0.11388888888888885 0.08641975308641965
73 0.8222222222222223 0.43580246913580245 0.113888888888889 0.1358024691358024
73 0.1451388888888889 0.4395061728395062 0.11527777777777778 0.13333333333333336
73 0.59375 0.16172839506172842 0.1125 0.1308641975308642
10 0.15 0.7135802469135802 0.11944444444444445 0.13333333333333328
10 0.25625 0.30370370370370375 0.1125 0.1432098765432099
10 0.3673611111111111 0.16790123456790124 0.11249999999999996 0.13827160493827162
10 0.8215277777777777 0.3 0.12361111111111114 0.13580246913580252
10 0.8166666666666665 0.7123456790123456 0.113888888888889 0.1358024691358024
11 0.5513888888888889 0.30370370370370375 0.3166666666666667 0.1432098765432099
45 0.81875 0.8432098765432099 0.1125 0.1259259259259261
45 0.7111111111111111 0.16296296296296298 0.11388888888888886 0.12839506172839507
45 0.25416666666666665 0.16049382716049382 0.11666666666666668 0.1382716049382716
45 0.14652777777777776 0.5753086419753086 0.11805555555555554 0.1382716049382716
46 0.9354166666666666 0.7111111111111111 0.11805555555555557 0.14320987654320974
46 0.7069444444444444 0.437037037037037 0.11388888888888886 0.13333333333333328
46 0.5979166666666667 0.04814814814814815 0.11527777777777785 0.0962962962962963
46 0.13541666666666669 0.040740740740740744 0.11527777777777778 0.08148148148148149
46 0.26041666666666663 0.4444444444444444 0.11249999999999996 0.13333333333333328
46 0.04583333333333333 0.7172839506172839 0.09166666666666666 0.13086419753086403
66 0.9409722222222223 0.4370370370370371 0.11805555555555557 0.1382716049382716
66 0.9319444444444446 0.9555555555555556 0.11666666666666671 0.08888888888888885
66 0.8298611111111112 0.039506172839506165 0.11805555555555543 0.07901234567901233
66 0.37013888888888885 0.04814814814814815 0.11527777777777778 0.0962962962962963
66 0.04236111111111111 0.4419753086419753 0.08472222222222223 0.1382716049382716
66 0.26805555555555555 0.7098765432098765 0.11666666666666668 0.12592592592592594
66 0.04652777777777778 0.9604938271604938 0.09305555555555556 0.07901234567901241
23 0.81875 0.5753086419753086 0.1125 0.12839506172839513
23 0.9444444444444444 0.15185185185185185 0.11111111111111115 0.14074074074074072
23 0.03888888888888888 0.15555555555555556 0.07777777777777777 0.14320987654320988
