81 0.1111111111111111 0.6975308641975309 0.13611111111111113 0.15061728395061727
81 0.10833333333333334 0.35802469135802467 0.14444444444444446 0.1580246913580247
81 0.3916666666666667 0.36419753086419754 0.14166666666666664 0.16049382716049382
81 0.6597222222222223 0.3592592592592592 0.13055555555555556 0.1604938271604938
81 0.9326388888888889 0.3518518518518519 0.13472222222222213 0.16543209876543208
81 0.9312499999999995 0.04567901234567898 0.13749999999999987 0.09135802469135797
5 0.2465277777777778 0.19382716049382714 0.14027777777777778 0.1703703703703704
5 0.7888888888888889 0.8567901234567902 0.13888888888888887 0.16296296296296275
73 0.7979166666666664 0.1901234567901235 0.13472222222222227 0.17283950617283947
73 0.01527777777777778 0.1864197530864198 0.03055555555555556 0.16049382716049387
10 0.7923611111111112 0.5259259259259259 0.1375 0.1679012345679012
10 0.7930555555555554 0.049382716049382706 0.13055555555555556 0.09876543209876541
10 0.25 0.5259259259259259 0.13333333333333333 0.16296296296296298
10 0.24930555555555553 0.8679012345679012 0.1375 0.15555555555555556
10 0.10208333333333329 0.05432098765432098 0.14583333333333331 0.10864197530864196
11 0.4395833333333335 0.054320987654321 0.4597222222222222 0.108641975308642
44 0.9305555555555556 0.8629629629629629 0.13888888888888887 0.16543209876543216
44 0.7944444444444444 0.6938271604938272 0.13888888888888887 0.16296296296296306
44 0.65625 0.5271604938271605 0.1375 0.15061728395061735
44 0.9340277777777775 0.18271604938271602 0.13194444444444442 0.17283950617283947
44 0.3875 0.19876543209876543 0.14166666666666664 0.16543209876543208
44 0.25 0.6987654320987653 0.1388888888888889 0.1629629629629629
44 0.10902777777777778 0.5320987654320988 0.1375 0.1703703703703703
44 0.016666666666666666 0.3604938271604938 0.03333333333333333 0.16296296296296298
86 0.2513888888888889 0.36419753086419754 0.13888888888888892 0.17530864197530863
86 0.6555555555555556 0.19753086419753085 0.14166666666666658 0.1728395061728395
86 0.9333333333333335 0.5246913580246914 0.13333333333333328 0.16543209876543208
86 0.1125 0.8691358024691358 0.1361111111111111 0.16296296296296306
32 0.7958333333333334 0.35802469135802467 0.138888888888889 0.16790123456790124
32 0.10347222222222222 0.19135802469135804 0.1375 0.16049382716049382
16 0.3965277777777778 0.537037037037037 0.15138888888888885 0.1703703703703704
16 0.02083333333333333 0.7 0.04166666666666666 0.16543209876543202
81 0.9326388888888889 0.6950617283950618 0.13472222222222213 0.16049382716049393
