81 0.17083333333333336 0.6777777777777777 0.1111111111111111 0.12098765432098774
81 0.2791666666666667 0.8222222222222223 0.10277777777777779 0.13827160493827165
81 0.7743055555555556 0.8691358024691357 0.11527777777777772 0.1382716049382715
81 0.2868055555555556 0.2617283950617284 0.1125 0.13827160493827165
81 0.16666666666666669 0.11234567901234566 0.11666666666666665 0.14074074074074072
81 0.6465277777777777 0.11728395061728396 0.12083333333333329 0.14074074074074075
81 0.7729166666666667 0.2691358024691358 0.12916666666666657 0.1432098765432099
5 0.7666666666666667 0.571604938271605 0.125 0.14567901234567898
73 0.2847222222222222 0.5419753086419753 0.11666666666666668 0.13086419753086426
10 0.9048611111111111 0.7296296296296296 0.14027777777777772 0.15061728395061721
10 0.9090277777777778 0.41358024691358025 0.13472222222222213 0.16049382716049387
10 0.9194444444444442 0.10740740740740741 0.13888888888888884 0.15061728395061727
10 0.4 0.12098765432098765 0.11666666666666664 0.14814814814814814
10 0.28680555555555554 0.39753086419753086 0.11527777777777778 0.16296296296296298
10 0.1673611111111111 0.9395061728395061 0.10972222222222222 0.12098765432098774
71 0.9152777777777777 0.26049382716049385 0.138888888888889 0.15061728395061727
71 0.40416666666666673 0.2691358024691358 0.11666666666666664 0.1432098765432099
71 0.2791666666666667 0.9432098765432099 0.10277777777777779 0.11358024691358025
11 0.6027777777777779 0.41851851851851846 0.4305555555555557 0.15061728395061733
8 0.9076388888888889 0.5753086419753086 0.14027777777777772 0.15308641975308646
8 0.17222222222222222 0.8123456790123456 0.11388888888888886 0.12839506172839507
83 0.9041666666666667 0.8814814814814815 0.13888888888888887 0.1629629629629629
83 0.779861111111111 0.10864197530864196 0.13194444444444453 0.15308641975308637
83 0.2888888888888889 0.11604938271604938 0.11666666666666664 0.14320987654320988
83 0.16944444444444443 0.5407407407407407 0.11666666666666668 0.12839506172839513
28 0.7715277777777777 0.7234567901234567 0.12083333333333329 0.13333333333333328
28 0.2895833333333333 0.6827160493827161 0.12083333333333336 0.13580246913580254
28 0.16875 0.2555555555555556 0.11805555555555557 0.145679012345679
28 0.6423611111111112 0.26913580246913577 0.12638888888888886 0.14814814814814817
