81 0.5209654262645346 0.6071827923640816 0.040030744323298034 0.07591015219825394
81 0.6441711615706849 0.6032291386037558 0.06582833510942329 0.07432869069412376
81 0.7758278317895315 0.6032291386037558 0.06404919091727677 0.07749161370238418
81 0.907484502008378 0.6056013308599513 0.06760747930156981 0.07907307520651458
81 0.9097084322485612 0.2821924532653071 0.07027619558978984 0.07432869069412362
81 0.775383045741495 0.2821924532653071 0.06493876301334979 0.08381745971890538
81 0.6419472313305016 0.2790295302570465 0.06671790720549658 0.08065453671064478
81 0.5188223662149034 0.27543529956584123 0.03558288384293149 0.07188461382410406
81 0.5204397700259458 0.43717568067007534 0.04205249908710087 0.08769922886540699
62 0.519226717167664 0.6916472136074038 0.0396263933705373 0.0819484597594787
62 0.6457885653817272 0.5248749095354823 0.06631355625273606 0.07907307520651435
62 0.9074036318178258 0.5270314479502054 0.06873966196929943 0.07763538293003236
62 0.7759895721706357 0.6858964445014751 0.06469615244169376 0.0819484597594787
62 0.7096760159178995 0.2790295302570464 0.06793096006377837 0.08194845975947856
62 0.9729084861650408 0.2790295302570464 0.05418302766991843 0.08194845975947856
5 0.7108890687761815 0.5234372172590002 0.06388745053617242 0.07619769065355016
5 0.8410900755650899 0.7426852894225174 0.06712225815825718 0.03162923008260577
5 0.9708867314012377 0.36025914387828395 0.05822653719752438 0.08051076748299657
5 0.5754314996013854 0.3573837593253198 0.06954836387482068 0.07475999837706823
73 0.9712910823539983 0.5263126018119643 0.05741783529200333 0.0790730752065145
73 0.8418987774706111 0.36457222070773027 0.06712225815825718 0.07763538293003229
73 0.575835850554146 0.5241560633972412 0.0671222581582571 0.07763538293003229
10 0.8398770227068081 0.6858964445014754 0.0646961524416939 0.07907307520651444
10 0.9704823804484772 0.6916472136074036 0.05741783529200305 0.08769922886540683
10 0.7096760159178997 0.6837399060867522 0.06307874863065138 0.07763538293003251
10 0.5746227976958642 0.6880529829161983 0.0679309600637783 0.0805107674829965
10 0.84109007556509 0.5248749095354822 0.0655048543472148 0.07619769065355037
10 0.9712910823539983 0.4450829881907268 0.05741783529200333 0.08051076748299664
10 0.7100803668706602 0.36097799001652503 0.06388745053617242 0.08194845975947863
10 0.6441711615706849 0.4422076036377626 0.0679309600637783 0.08626153658892491
11 0.8083376483914825 0.4422076036377626 0.21511470686863135 0.08338615203596071
17 0.9061905789595441 0.6873341367779574 0.06631355625273586 0.07907307520651444
17 0.7759895721706357 0.5241560633972412 0.061461344819608854 0.07475999837706823
17 0.8423031284233715 0.27974837639528743 0.06469615244169362 0.0805107674829965
17 0.573814095790343 0.2768729918423233 0.07116576768586298 0.07188461382410406
17 0.5208441209787064 0.523437217259 0.039626393370537374 0.08194845975947863
17 0.6425537577596425 0.6858964445014751 0.06631355625273593 0.0819484597594787
17 0.9078079827705865 0.6880529829161983 0.06631355625273613 0.0805107674829965
82 0.9704823804484772 0.608261061571443 0.05903523910304543 0.08194845975947863
82 0.7100803668706603 0.6032291386037556 0.06550485434721494 0.08051076748299657
82 0.519226717167664 0.35738375932531985 0.0396263933705373 0.0776353829300324
82 0.7759895721706351 0.363853374569489 0.06631355625273581 0.08194845975947863
87 0.8402813736595689 0.6068233692949608 0.06388745053617256 0.07619769065355016
87 0.575835850554146 0.6053856770184788 0.0687396619692995 0.08194845975947863
87 0.6429581087124032 0.359540297740043 0.06712225815825726 0.08482384431244278
87 0.9090210356288683 0.36457222070773027 0.0655048543472148 0.07763538293003229
