81 0.5107353471596917 0.6815833676720291 0.024261057165635123 0.0819484597594787
81 0.5564270048216379 0.4364568345318343 0.07359187340242648 0.07475999837706823
81 0.8204681769743002 0.4393322190847984 0.06631355625273627 0.06900922927113996
81 0.9514778856687296 0.5938841388066222 0.06631355625273586 0.07332230610058624
73 0.5588531105382014 0.6010726001890325 0.07197446959138418 0.07332230610058608
73 0.9522865875742508 0.36169683615476605 0.06307874863065138 0.07475999837706823
10 0.9526909385270114 0.7311837512106608 0.06550485434721494 0.051756921953355
10 0.8879947860853179 0.6664875987689672 0.05903523910304557 0.07763538293003229
10 0.886781733227036 0.5148110636001076 0.06146134481960914 0.0848238443124427
10 0.9518822366214903 0.43789452680831636 0.06065264291408795 0.07475999837706823
10 0.8871860841797965 0.36169683615476605 0.06227004672513019 0.07475999837706823
10 0.6255710177436979 0.36241568229300714 0.0679309600637783 0.08194845975947856
10 0.6761148868387701 0.279029530257046 0.07844408483555321 0.08482384431244255
10 0.6292101763185433 0.677989136980824 0.06873966196929956 0.07188461382410409
80 0.6296145272713033 0.5989160617743089 0.06793096006377895 0.07475999837706757
11 0.7238282992645202 0.5162487558765898 0.2353322545066606 0.0819484597594785
74 0.5535965481523138 0.3559460670488378 0.07440057530794761 0.08051076748299653
74 0.8827382236994302 0.591727600391899 0.06793096006377837 0.07763538293003236
34 0.5584487595854407 0.6815833676720287 0.07116576768586295 0.07619769065355064
34 0.8871860841797965 0.4386133729465574 0.06227004672513019 0.07044692154762203
34 0.6943106797129974 0.36097799001652503 0.06793096006377823 0.07907307520651444
18 0.9514778856687296 0.6686441371836903 0.06631355625273586 0.08194845975947879
18 0.6267840706019797 0.4407699113612806 0.0687396619692995 0.07763538293003243
48 0.822489931738103 0.3638533745694892 0.06550485434721494 0.07907307520651444
80 0.5091179433486493 0.4414887574995215 0.019408845732508038 0.07907307520651448
48 0.5103309962069311 0.6032291386037556 0.021834951449071553 0.07763538293003243
