81 0.043055555555555555 0.9469135802469136 0.08611111111111111 0.10617283950617278
81 0.23402777777777778 0.9444444444444444 0.09305555555555557 0.11111111111111115
81 0.04375 0.7185185185185184 0.0875 0.10864197530864203
81 0.04166666666666666 0.48641975308641977 0.08333333333333331 0.12345679012345677
81 0.039583333333333325 0.2555555555555556 0.07916666666666665 0.1111111111111111
81 0.22916666666666663 0.25925925925925924 0.09722222222222225 0.11358024691358022
81 0.41805555555555557 0.2592592592592593 0.09166666666666672 0.10864197530864203
81 0.7909722222222223 0.26049382716049385 0.09305555555555557 0.10617283950617289
81 0.9708333333333334 0.2592592592592593 0.058333333333333286 0.10864197530864203
81 0.9666666666666666 0.49135802469135803 0.06666666666666671 0.11358024691358025
81 0.788888888888889 0.4925925925925925 0.09722222222222218 0.11111111111111115
81 0.7861111111111111 0.7197530864197532 0.09444444444444457 0.11604938271604937
81 0.9659722222222222 0.7234567901234567 0.06805555555555558 0.11358024691358025
81 0.7888888888888889 0.9432098765432099 0.09444444444444443 0.11358024691358025
81 0.9666666666666666 0.9469135802469136 0.06666666666666671 0.10617283950617278
5 0.13333333333333333 0.37037037037037046 0.1 0.11851851851851852
5 0.6958333333333334 0.37407407407407406 0.09722222222222214 0.11111111111111108
5 0.8854166666666667 0.6061728395061728 0.0986111111111111 0.1111111111111112
73 0.8840277777777777 0.9469135802469136 0.09583333333333328 0.10617283950617278
73 0.6923611111111111 0.6074074074074074 0.09305555555555543 0.10370370370370367
73 0.13333333333333333 0.6086419753086418 0.0972222222222222 0.1160493827160493
10 0.3729166666666666 0.07407407407407407 0.16249999999999998 0.14814814814814814
10 0.32291666666666674 0.3753086419753086 0.09583333333333333 0.10864197530864196
10 0.23263888888888887 0.491358024691358 0.09861111111111111 0.11851851851851855
10 0.32708333333333334 0.8234567901234567 0.09583333333333333 0.111111111111111
10 0.13541666666666666 0.8320987654320987 0.09861111111111111 0.11358024691358011
10 0.8875 0.37160493827160496 0.09444444444444443 0.11111111111111115
10 0.6909722222222223 0.4888888888888889 0.09583333333333328 0.11358024691358032
10 0.8840277777777779 0.8345679012345681 0.10138888888888883 0.11358024691357961
51 0.13402777777777777 0.9469135802469136 0.09583333333333333 0.10617283950617278
51 0.32430555555555557 0.2617283950617284 0.09305555555555557 0.11358024691358029
51 0.6930555555555555 0.7185185185185187 0.09166666666666658 0.11358024691358025
30 0.12916666666666665 0.25432098765432104 0.10277777777777775 0.11851851851851858
30 0.9694444444444444 0.37160493827160496 0.061111111111111144 0.11604938271604932
30 0.7875 0.8296296296296296 0.09444444444444443 0.1283950617283952
47 0.043055555555555555 0.8370370370370371 0.08611111111111111 0.1234567901234567
47 0.2284722222222223 0.3728395061728395 0.09861111111111111 0.11358024691358028
26 0.04097222222222222 0.3703703703703704 0.08194444444444444 0.10864197530864203
26 0.6916666666666665 0.9432098765432099 0.09444444444444443 0.11358024691358025
26 0.8902777777777777 0.26049382716049385 0.09722222222222214 0.12098765432098765
20 0.23125 0.6037037037037036 0.09027777777777779 0.10617283950617284
20 0.6951388888888889 0.2641975308641975 0.09305555555555557 0.11358024691358025
63 0.9666666666666666 0.6086419753086418 0.06666666666666671 0.1160493827160493
63 0.9659722222222222 0.8358024691358026 0.06805555555555558 0.12592592592592594
63 0.1361111111111111 0.7185185185185187 0.1 0.11358024691358025
57 0.42083333333333334 0.3790123456790123 0.1 0.11111111111111115
57 0.7868055555555555 0.6037037037037039 0.09583333333333342 0.11604938271604943
22 0.7909722222222223 0.3790123456790123 0.09583333333333328 0.11111111111111115
72 0.8840277777777777 0.7209876543209875 0.098611111111111 0.10864197530864217
72 0.32708333333333334 0.9407407407407408 0.09583333333333333 0.11358024691358025
72 0.04166666666666666 0.6074074074074073 0.08333333333333331 0.11358024691358018
72 0.5097222222222223 0.2654320987654321 0.09166666666666665 0.11604938271604937
