81 0.605652240531875 0.628923058098702 0.06899125811768378 0.07805071625434941
81 0.602124278469039 0.31462954889592004 0.06663928340912655 0.0794444790446056
81 0.857705530132277 0.31462954889592004 0.06193533399201158 0.07665695346409322
81 0.9792242234077428 0.3097513791300232 0.041551553184514346 0.08362576741537442
81 0.9768722486991854 0.4728216255900032 0.046255502601629105 0.08083824183486187
81 0.9784402318382237 0.6261355325181895 0.04311953632355241 0.0808382418348618
81 0.8569215385627578 0.6282261767035738 0.06350331713104992 0.07944447904460553
5 0.5358769908446722 0.39198338375514136 0.06899125811768378 0.08083824183486187
5 0.6703315450172037 0.5487816976589683 0.06350331713104986 0.07944447904460575
5 0.9212088472633269 0.39268026515026944 0.06350331713104992 0.0738694278835807
73 0.9227768304023652 0.5501754604492245 0.06663928340912648 0.07386942788358077
73 0.7934182214317079 0.39268026515026944 0.06350331713104979 0.0794444790446056
73 0.5374449739837104 0.5522661046346089 0.06899125811768386 0.07247566509332451
10 0.9227768304023652 0.7062768929579235 0.06663928340912648 0.08223200462511798
10 0.7942022130012271 0.5501754604492245 0.06193533399201172 0.07944447904460546
10 0.9216008430480865 0.4728216255900033 0.06271932556153076 0.08362576741537453
10 0.6671955787391272 0.3968615535210382 0.06193533399201158 0.07665695346409322
10 0.6044762531775963 0.47073098140461894 0.06507130027008813 0.07944447904460582
10 0.5366609824141912 0.7104581813286921 0.06742327497864559 0.08223200462511826
71 0.7942022130012271 0.31602331168617626 0.06350331713104979 0.07665695346409315
71 0.6044762531775965 0.3940740279405257 0.0666392834091264 0.07665695346409315
11 0.7648025291442586 0.47351850698513076 0.19756587551882052 0.07386942788357967
35 0.604868248962356 0.5522661046346089 0.06271932556153083 0.07526319067383674
35 0.8569215385627578 0.3947709093356538 0.060367350852973234 0.07247566509332444
8 0.53783696976847 0.6317105836792145 0.06820726654816461 0.07805071625434934
8 0.5358769908446721 0.3111451419202794 0.06585529183960731 0.08641329299588688
8 0.8573135343475172 0.5473879348687121 0.0627193255615309 0.07665695346409322
4 0.6040842573928369 0.709761299933564 0.0642873087005691 0.07805071625434948
4 0.9784402318382237 0.7076706557481797 0.04311953632355241 0.07944447904460575
4 0.9776562402687046 0.39198338375514136 0.04468751946259076 0.07805071625434934
67 0.9227768304023652 0.6275292953084458 0.06507130027008813 0.07526319067383717
67 0.9231688261871247 0.3125389047105357 0.0642873087005691 0.07526319067383688
53 0.6671955787391272 0.31602331168617626 0.06350331713104986 0.07665695346409315
53 0.9780482360534642 0.5494785790540965 0.04390352789307159 0.07805071625434934
