81 0.5578287547912079 0.6010478022935772 0.07055924125672206 0.080838241834862
81 0.8302658251991072 0.4317056232774442 0.06820726654816468 0.07665695346409315
81 0.969032333003994 0.4289180976969317 0.06193533399201158 0.08223200462511812
81 0.9666803582954366 0.5968665139228087 0.06507130027008799 0.07526319067383688
81 0.9678563456497153 0.2714229023979766 0.0595833592834542 0.05156922323948088
81 0.555084784297891 0.4296149790920598 0.07291121596527944 0.08362576741537438
5 0.6252520297698535 0.34877673725719793 0.06899125811768393 0.0808382418348619
73 0.901217062240589 0.3466860930718136 0.06899125811768371 0.07944447904460564
73 0.5096132732657811 0.34320168609617296 0.014895839820863656 0.08920081857639929
10 0.8996490791015507 0.5139376279025624 0.06585529183960716 0.08501953020563058
10 0.7628425502204615 0.3466860930718136 0.06507130027008813 0.08223200462511812
10 0.5535168011588527 0.2707260210028485 0.06820726654816475 0.05853803719076204
10 0.9020010538101075 0.27281666518823267 0.065855291839607 0.06550685114204324
11 0.7299149043006579 0.2735135465833609 0.21089373220064705 0.06411308835178703
44 0.9662883625106771 0.6784016371527986 0.0674232749786458 0.08780705578614295
44 0.8996490791015507 0.5968665139228085 0.06742327497864566 0.07805071625434934
44 0.8310498167686262 0.5139376279025624 0.06820726654816482 0.08223200462511819
44 0.968248341434475 0.34250480470104483 0.06350331713105006 0.08501953020563065
44 0.695419275241816 0.34877673725719793 0.06977524968720289 0.0808382418348619
44 0.5554767800826506 0.5125438651123061 0.07055924125672206 0.08780705578614302
44 0.5103972648353002 0.43031186048718795 0.01646382295990193 0.0794444790446056
86 0.5590047421454867 0.6825829255235673 0.06977524968720296 0.08223200462511798
86 0.6264280171241322 0.4337962674628285 0.0713432328262413 0.08641329299588683
86 0.8326177999076646 0.35017050004745415 0.06663928340912634 0.08083824183486193
86 0.9670723540801959 0.5111501023220492 0.06585529183960781 0.07944447904460551
32 0.8996490791015505 0.43240250467257235 0.06899125811768395 0.07805071625434942
32 0.5554767800826506 0.3452923302815573 0.07212722439576033 0.09059458136665562
16 0.5111812564048195 0.5982602767130648 0.021167772377016617 0.08083824183486193
