81 0.03888888888888889 0.2580246913580247 0.07777777777777778 0.11604938271604937
81 0.22777777777777777 0.25679012345679014 0.09722222222222221 0.10864197530864196
81 0.04166666666666667 0.4913580246913578 0.08333333333333334 0.10864197530864207
81 0.04166666666666666 0.7197530864197532 0.08333333333333331 0.11111111111111129
81 0.23472222222222222 0.719753086419753 0.10277777777777779 0.10617283950617291
81 0.04236111111111111 0.9407407407407408 0.08472222222222223 0.09382716049382708
81 0.23472222222222222 0.945679012345679 0.10277777777777779 0.10864197530864189
81 0.6013888888888889 0.26296296296296295 0.09722222222222221 0.11111111111111115
81 0.7916666666666667 0.2592592592592593 0.09722222222222228 0.10864197530864203
81 0.9715277777777778 0.254320987654321 0.05694444444444443 0.11358024691358025
81 0.9673611111111111 0.49135802469135803 0.06527777777777771 0.10864197530864203
81 0.7888888888888889 0.4901234567901234 0.1 0.12098765432098765
81 0.9673611111111111 0.719753086419753 0.06527777777777771 0.12098765432098758
81 0.7868055555555555 0.7185185185185184 0.09583333333333342 0.11851851851851862
81 0.7888888888888889 0.9432098765432099 0.09722222222222214 0.10864197530864203
81 0.9666666666666666 0.9469135802469136 0.06666666666666671 0.10617283950617278
5 0.13055555555555554 0.3703703703703704 0.09999999999999998 0.11358024691358022
5 0.6958333333333334 0.38148148148148153 0.09444444444444443 0.11111111111111108
5 0.8840277777777777 0.6061728395061728 0.09861111111111129 0.11604938271604932
73 0.1361111111111111 0.6024691358024691 0.1 0.11358024691358018
73 0.6902777777777778 0.6049382716049384 0.09444444444444443 0.11358024691358032
73 0.8875 0.9469135802469136 0.1 0.10617283950617278
10 0.3694444444444446 0.07037037037037036 0.15277777777777785 0.14074074074074072
10 0.32291666666666674 0.37407407407407406 0.09583333333333333 0.11111111111111108
10 0.2298611111111111 0.48641975308641977 0.09861111111111115 0.11851851851851855
10 0.13402777777777775 0.8370370370370372 0.09583333333333334 0.11358024691357974
10 0.8881944444444444 0.3753086419753086 0.09861111111111115 0.11851851851851855
10 0.8826388888888889 0.8320987654320987 0.09583333333333328 0.11851851851851862
10 0.6923611111111111 0.8333333333333335 0.09027777777777772 0.11604938271604937
10 0.6951388888888889 0.4888888888888889 0.09305555555555557 0.11851851851851855
51 0.3222222222222223 0.25925925925925924 0.09722222222222221 0.11358024691358022
51 0.13541666666666666 0.9481481481481481 0.09305555555555553 0.10370370370370381
51 0.6930555555555555 0.7185185185185184 0.09166666666666658 0.10864197530864203
11 0.4715277777777777 0.4925925925925926 0.30416666666666653 0.12592592592592577
30 0.13055555555555554 0.254320987654321 0.09999999999999998 0.11358024691358025
30 0.9701388888888889 0.37407407407407406 0.05972222222222229 0.11111111111111108
30 0.7854166666666665 0.8320987654320987 0.09305555555555557 0.11358024691358011
47 0.22847222222222222 0.37160493827160496 0.09583333333333335 0.12098765432098763
47 0.04236111111111111 0.839506172839506 0.08472222222222223 0.11851851851851862
26 0.04027777777777777 0.3728395061728395 0.08055555555555555 0.11851851851851844
26 0.8916666666666666 0.2580246913580247 0.09722222222222214 0.11111111111111115
26 0.6930555555555555 0.9444444444444444 0.09166666666666658 0.11111111111111115
20 0.23055555555555557 0.6049382716049384 0.09444444444444447 0.11358024691358032
20 0.6965277777777777 0.2617283950617284 0.09305555555555557 0.11358024691358029
63 0.9673611111111111 0.6037037037037036 0.06527777777777771 0.11111111111111108
63 0.9659722222222222 0.8358024691358026 0.06805555555555558 0.12098765432098744
63 0.6020833333333333 0.37654320987654316 0.09027777777777785 0.1111111111111112
63 0.13402777777777777 0.7209876543209875 0.0986111111111111 0.10864197530864217
57 0.2375 0.8320987654320987 0.10833333333333335 0.10864197530864189
57 0.7895833333333334 0.6086419753086418 0.09583333333333328 0.1160493827160493
22 0.7909722222222223 0.37160493827160496 0.09861111111111115 0.11604938271604932
72 0.8819444444444445 0.7172839506172841 0.09722222222222214 0.111111111111111
72 0.043055555555555555 0.6061728395061727 0.08611111111111111 0.1160493827160493
