81 0.09813753581661892 0.5819802610633557 0.11604584527220631 0.1298949379178606
81 0.31948424068767906 0.5807067812798472 0.10601719197707733 0.12225405921680994
81 0.9541547277936963 0.585800700413881 0.09169054441260754 0.13244189748487747
81 0.9541547277936963 0.8494110156001272 0.09169054441260754 0.13498885705189437
81 0.9606017191977076 0.05603311047437123 0.07879656160458452 0.11206622094874245
81 0.7521489971346704 0.06494746895893028 0.10888252148997125 0.12989493791786055
81 0.5365329512893983 0.05858007004138809 0.11031518624641841 0.11716014008277618
81 0.3187679083094556 0.05603311047437123 0.10458452722063033 0.11206622094874245
81 0.08882521489971346 0.05221267112384591 0.1174785100286533 0.10442534224769182
81 0.31948424068767906 0.8392231773320598 0.11174785100286538 0.12989493791786047
62 0.09813753581661892 0.7169691181152499 0.11318051575931232 0.12989493791786047
62 0.42836676217765046 0.05858007004138809 0.10888252148997132 0.11716014008277618
62 0.8646131805157594 0.06112702960840496 0.11318051575931222 0.12225405921680992
62 0.9527220630372492 0.7207895574657752 0.08882521489971353 0.12225405921680987
62 0.3187679083094556 0.4533588029290035 0.10744985673352431 0.13244189748487742
62 0.3216332378223496 0.9533588029290035 0.11031518624641837 0.09328239414199302
5 0.8510028653295129 0.9584527220630372 0.11174785100286527 0.08309455587392549
5 0.8603151862464183 0.1872015281757402 0.11604584527220652 0.12989493791786055
5 0.42836676217765046 0.4495383635784782 0.1002865329512894 0.12989493791786053
5 0.20630372492836677 0.1782871696911812 0.11461318051575933 0.13244189748487745
5 0.20845272206303725 0.9571792422795289 0.10744985673352435 0.0856415154409423
5 0.02005730659025788 0.8519579751671442 0.04011461318051576 0.13498885705189423
73 0.8560171919770773 0.4571792422795288 0.11031518624641834 0.12989493791786053
73 0.014326647564469915 0.17319325055714738 0.02865329512893983 0.13753581661891118
73 0.20773638968481375 0.4508118433619866 0.11174785100286529 0.13753581661891118
73 0.01790830945558739 0.9622731614135626 0.03581661891117478 0.0754536771728749
10 0.8502865329512894 0.7182425978987584 0.11031518624641834 0.12734797835084366
10 0.8553008595988538 0.3209169054441261 0.10601719197707737 0.13244189748487742
10 0.4247851002865329 0.18465456860872337 0.10744985673352439 0.12989493791786055
10 0.3202005730659026 0.31709646609360076 0.10744985673352435 0.1451766953199618
10 0.21203438395415475 0.7131486787647244 0.11174785100286537 0.12734797835084366
10 0.019340974212034387 0.7195160776822667 0.038681948424068774 0.12480101878382684
10 0.01790830945558739 0.4482648837949697 0.03581661891117478 0.13244189748487742
11 0.5830945558739254 0.3209169054441261 0.326647564469914 0.1273479783508437
17 0.9541547277936963 0.9597262018465458 0.09169054441260754 0.08054759630690868
17 0.9563037249283667 0.454632282712512 0.08739255014326659 0.12480101878382677
17 0.5343839541547278 0.4559057624960204 0.10601719197707744 0.12225405921680994
17 0.32163323782234954 0.714422158548233 0.10171919770773634 0.11970709964979306
17 0.09527220630372492 0.4482648837949697 0.1160458452722063 0.13244189748487742
17 0.20630372492836674 0.052212671123845894 0.11461318051575928 0.10442534224769179
17 0.6446991404011462 0.061127029608404965 0.10888252148997139 0.12225405921680993
82 0.8524355300859598 0.5896211397644062 0.10888252148997139 0.12989493791786047
82 0.9584527220630372 0.1833810888252149 0.08309455587392549 0.13244189748487745
82 0.5336676217765043 0.19102196752626552 0.10458452722063044 0.12225405921680993
82 0.09240687679083096 0.17446673034065582 0.11318051575931232 0.12989493791786055
82 0.019340974212034387 0.583253740846864 0.038681948424068774 0.13244189748487742
82 0.4276504297994269 0.5819802610633557 0.10458452722063036 0.11970709964979306
87 0.8531518624641834 0.8519579751671442 0.10744985673352431 0.12480101878382698
87 0.7514326647564471 0.1872015281757402 0.10744985673352417 0.12989493791786055
87 0.31948424068767906 0.18210760904170648 0.10601719197707733 0.12989493791786055
87 0.21131805157593125 0.5845272206303725 0.11031518624641835 0.13498885705189437
87 0.0967048710601719 0.9609996816300541 0.11604584527220631 0.07800063673989172
81 0.09312320916905442 0.3069086278255332 0.13467048710601717 0.1298949379178607
81 0.7435530085959886 0.5845272206303724 0.1031518624641835 0.12989493791786053
81 0.9570200573065902 0.3183699458771092 0.0859598853868195 0.1426297357529449
