81 0.5244832795535517 0.6729572140131365 0.048522114331270176 0.08482384431244284
81 0.5819011148455548 0.41201606583163886 0.07601797911898998 0.0805107674829965
81 0.5216528228842275 0.32359799082799073 0.03962639337053738 0.08482384431244272
81 0.8685859403528098 0.41057837355515686 0.07035706578034194 0.08051076748299657
81 0.7953984179031438 0.32862991379567824 0.07440057530794747 0.08051076748299653
81 0.5867533262786817 0.7383722125930712 0.0727831714969053 0.04888153740039087
5 0.869394642258331 0.5802260621800424 0.07197446959138418 0.08338615203596063
73 0.5855402734204 0.5852579851477295 0.07520927721346879 0.08194845975947863
10 0.9409647608969545 0.6657687526307262 0.07440057530794761 0.08482384431244255
10 0.9417734628024756 0.49180798717639435 0.07116576768586298 0.0876992288654069
10 0.9441995685190392 0.3235979908279909 0.06954836387482047 0.07619769065355025
10 0.6546842863424601 0.3271922215191962 0.07440057530794747 0.08338615203596067
11 0.7598155340602122 0.49827760242056374 0.23775836022322422 0.08338615203596078
80 0.869394642258331 0.663612214216003 0.0703570657803418 0.07763538293003251
80 0.5224615247897488 0.414172604246362 0.04447860480366444 0.0848238443124427
74 0.5810924129400337 0.324316836966232 0.07601797911898998 0.08913692114188905
74 0.9409647608969545 0.5787883699035602 0.07116576768586298 0.08051076748299643
34 0.5863489753259212 0.6693629833219313 0.07359187340242648 0.08051076748299657
34 0.725850054028323 0.33006760607216024 0.0695483638748206 0.08626153658892484
34 0.9417734628024756 0.41129721969339783 0.07278317149690537 0.0790730752065145
18 0.6571103920590236 0.414172604246362 0.07278317149690522 0.08194845975947863
18 0.9878694714171823 0.6650499064924853 0.024261057165635265 0.08338615203596063
48 0.524078928600791 0.5881333697006937 0.046096008614706745 0.08194845975947863
48 0.8710120460693733 0.3271922215191962 0.07035706578034166 0.08338615203596067
48 0.941369111849715 0.7311837512106608 0.07197446959138418 0.051756921953355
