81 0.6080434148189086 0.6264839732157538 0.06467930448532862 0.07052439718696575
81 0.6054562426394954 0.31142389447833074 0.06467930448532855 0.07512381439481132
81 0.8615862884013967 0.31525674215153543 0.059504960126502485 0.07665695346409322
81 0.9801650132911659 0.3068244772704852 0.03966997341766813 0.07819009253337506
81 0.9797338179279305 0.6280171122850358 0.04053236414413902 0.07665695346409322
81 0.9797338179279305 0.4701037881490036 0.04053236414413902 0.08278950974122068
5 0.5399145474276957 0.39038055654634674 0.06812886739121282 0.08278950974122068
5 0.6709979378512952 0.5498270197516606 0.06122974157944455 0.07972323160265703
5 0.9249720067970187 0.39114712608098773 0.06381691375885751 0.07512381439481125
73 0.9254032021602545 0.5475273111477378 0.06812886739121296 0.08125637067193878
73 0.5425017196071089 0.5513601588209425 0.06640408593827075 0.07972323160265687
73 0.7982005700057746 0.3942134042195514 0.058642569400031305 0.08125637067193878
10 0.9266967882499612 0.7062072048184106 0.06554169521179971 0.07972323160265674
10 0.9254032021602544 0.4685706490797218 0.06467930448532869 0.07972323160265703
10 0.670135547124824 0.39191369561562867 0.06122974157944434 0.07665695346409315
10 0.6076122194556731 0.4708703576836446 0.06209213230591544 0.07512381439481139
71 0.6071810240924376 0.39574654328883324 0.06295452303238655 0.07819009253337512
71 0.7973381792793038 0.31602331168617626 0.06381691375885813 0.07512381439481139
11 0.7645673316734038 0.4701037881490037 0.20179942999422537 0.07665695346409322
35 0.6071810240924376 0.5475273111477378 0.06295452303238655 0.07512381439481139
35 0.861586288401397 0.3934468346849105 0.06467930448532869 0.07665695346409322
8 0.5386209613379891 0.30912418587440793 0.06726647666474178 0.07972323160265696
8 0.5412081335174023 0.6318499599582403 0.06726647666474171 0.07512381439481139
8 0.8607238976749259 0.5482938806823787 0.06467930448532869 0.07359067532552949
4 0.6080434148189086 0.7054406352837697 0.06467930448532862 0.08125637067193878
4 0.9801650132911659 0.7077403438876927 0.03966997341766813 0.07972323160265687
4 0.9805962086544013 0.39038055654634674 0.0388075826911971 0.07972323160265687
67 0.9262655928867255 0.6264839732157539 0.0664040859382709 0.07972323160265696
67 0.9271279836131966 0.3129570335476126 0.06467930448532883 0.07512381439481139
53 0.9797338179279305 0.5475273111477378 0.04053236414413902 0.08125637067193878
53 0.670997937851295 0.3167898812208173 0.06295452303238641 0.08278950974122075
