81 0.22291666666666668 0.7567901234567901 0.1430555555555556 0.15555555555555556
81 0.2076388888888889 0.1308641975308642 0.12916666666666665 0.16296296296296298
81 0.7145833333333335 0.1308641975308642 0.12083333333333329 0.14320987654320988
81 0.9583333333333333 0.12098765432098765 0.08333333333333343 0.14814814814814814
81 0.9555555555555556 0.44320987654320987 0.08888888888888885 0.14567901234567898
81 0.9548611111111112 0.7555555555555558 0.09027777777777786 0.1580246913580247
5 0.07708333333333334 0.2851851851851852 0.13472222222222222 0.15555555555555556
5 0.84375 0.282716049382716 0.12638888888888886 0.14567901234567898
73 0.8444444444444444 0.591358024691358 0.125 0.15555555555555556
73 0.08194444444444444 0.6 0.13055555555555556 0.14814814814814817
10 0.8423611111111111 0.4419753086419753 0.12916666666666657 0.1530864197530864
10 0.3388888888888889 0.2938271604938272 0.12500000000000003 0.1481481481481482
10 0.21458333333333335 0.44320987654320987 0.12916666666666668 0.15555555555555564
10 0.08055555555555555 0.9209876543209876 0.13333333333333333 0.15308641975308646
71 0.5888888888888889 0.13209876543209875 0.12499999999999993 0.15061728395061727
71 0.21041666666666667 0.2876543209876543 0.1291666666666667 0.15061728395061727
35 0.7159722222222222 0.2876543209876543 0.12361111111111114 0.14567901234567898
35 0.2138888888888889 0.5975308641975309 0.1277777777777778 0.15308641975308632
8 0.07986111111111112 0.7592592592592592 0.13472222222222224 0.15061728395061735
8 0.07569444444444444 0.12345679012345677 0.13472222222222222 0.16296296296296295
4 0.95625 0.9160493827160494 0.0875 0.16790123456790113
4 0.9555555555555556 0.27901234567901234 0.08888888888888885 0.1580246913580247
67 0.84375 0.7518518518518519 0.12916666666666657 0.16049382716049393
67 0.8486111111111111 0.12716049382716052 0.13055555555555556 0.16049382716049382
53 0.3347222222222222 0.12716049382716052 0.12222222222222215 0.145679012345679
53 0.9548611111111112 0.5975308641975309 0.09027777777777786 0.15308641975308632
81 0.4631944444444444 0.13580246913580246 0.12638888888888894 0.1580246913580247
