81 0.020138888888888887 0.19135802469135804 0.04027777777777777 0.1259259259259259
81 0.20694444444444446 0.2 0.10555555555555557 0.12839506172839502
81 0.41805555555555557 0.2074074074074074 0.10277777777777779 0.12345679012345682
81 0.620138888888889 0.20370370370370366 0.10972222222222229 0.12098765432098758
81 0.8333333333333335 0.2074074074074074 0.10555555555555557 0.12345679012345682
81 0.8277777777777777 0.7123456790123457 0.10833333333333328 0.12098765432098758
81 0.829861111111111 0.4592592592592596 0.10972222222222212 0.12839506172839546
81 0.20972222222222223 0.7012345679012345 0.10277777777777782 0.13333333333333341
81 0.02430555555555556 0.7135802469135802 0.04861111111111112 0.11851851851851848
81 0.02430555555555556 0.9530864197530865 0.04861111111111112 0.09382716049382708
81 0.21875 0.951851851851852 0.12361111111111113 0.09629629629629634
81 0.8270833333333334 0.9481481481481481 0.10416666666666671 0.10370370370370381
5 0.10069444444444445 0.32592592592592595 0.10972222222222226 0.13333333333333336
5 0.3145833333333334 0.5839506172839507 0.10694444444444443 0.12592592592592594
5 0.9368055555555556 0.5901234567901235 0.10972222222222229 0.13333333333333328
5 0.725 0.33333333333333326 0.10277777777777772 0.12345679012345677
73 0.9361111111111111 0.951851851851852 0.11111111111111115 0.09629629629629634
73 0.7236111111111111 0.5851851851851851 0.1 0.11851851851851855
73 0.10208333333333335 0.5888888888888889 0.10416666666666669 0.13086419753086417
10 0.3104166666666666 0.3296296296296296 0.10138888888888882 0.12098765432098758
10 0.9395833333333334 0.32839506172839505 0.10416666666666671 0.13333333333333328
10 0.2111111111111111 0.46172839506172836 0.10277777777777779 0.13333333333333328
10 0.7236111111111113 0.46049382716049364 0.0999999999999997 0.1259259259259259
10 0.1076388888888889 0.8407407407407408 0.10416666666666666 0.13580246913580254
10 0.7229166666666665 0.8345679012345678 0.09305555555555557 0.1234567901234567
10 0.9340277777777777 0.8382716049382717 0.10694444444444443 0.13086419753086417
51 0.7222222222222223 0.7049382716049383 0.1 0.11604938271604937
51 0.10694444444444445 0.9506172839506171 0.10555555555555556 0.09876543209876543
51 0.3138888888888889 0.20123456790123456 0.1055555555555555 0.1308641975308642
11 0.4645833333333333 0.45925925925925926 0.35416666666666674 0.12839506172839513
30 0.09861111111111111 0.19629629629629633 0.11388888888888889 0.1308641975308642
30 0.8270833333333334 0.8370370370370369 0.10416666666666671 0.12839506172839507
47 0.025 0.8419753086419752 0.05 0.12345679012345684
47 0.20972222222222223 0.3271604938271605 0.10555555555555556 0.13580246913580246
26 0.02083333333333333 0.32592592592592595 0.04166666666666666 0.12345679012345688
26 0.9451388888888889 0.2 0.10972222222222229 0.12839506172839502
26 0.722222222222222 0.9456790123456791 0.1083333333333334 0.1086419753086419
20 0.21180555555555558 0.582716049382716 0.10416666666666669 0.11851851851851848
20 0.725 0.2024691358024691 0.10277777777777772 0.12345679012345676
63 0.10555555555555554 0.7123456790123457 0.10555555555555554 0.1259259259259261
63 0.6145833333333333 0.33086419753086416 0.11527777777777776 0.12345679012345677
57 0.8263888888888888 0.5864197530864197 0.10555555555555557 0.12098765432098765
22 0.83125 0.32839506172839505 0.10416666666666657 0.12345679012345673
72 0.934722222222222 0.7148148148148148 0.10833333333333327 0.12592592592592577
72 0.022916666666666665 0.5888888888888889 0.04583333333333333 0.12592592592592602
81 0.025 0.4580246913580247 0.05 0.12098765432098758
