81 0.9577363896848138 0.5921680993314231 0.08452722063037257 0.13498885705189423
81 0.9548710601719198 0.8506844953836358 0.09025787965616047 0.12225405921681003
81 0.9591690544412609 0.3158229863100923 0.0816618911174784 0.13753581661891115
81 0.9620343839541547 0.05603311047437123 0.0759312320916905 0.11206622094874245
81 0.7557306590257881 0.061127029608404965 0.10171919770773641 0.12225405921680993
81 0.5386819484240688 0.05858007004138809 0.10601719197707744 0.11716014008277618
81 0.3223495702005731 0.06112702960840497 0.10601719197707737 0.12225405921680994
81 0.09312320916905444 0.05475963069086278 0.12034383954154727 0.10951926138172556
81 0.0967048710601719 0.31200254695956703 0.12177650429799426 0.14517669531996177
81 0.10171919770773638 0.5845272206303724 0.11461318051575929 0.12989493791786053
81 0.32449856733524357 0.5858007004138809 0.10744985673352431 0.12734797835084366
62 0.10315186246418338 0.7156956383317414 0.11747851002865332 0.12225405921680987
62 0.9555873925501434 0.7207895574657752 0.08882521489971353 0.12225405921680987
62 0.75 0.4584527220630373 0.10744985673352431 0.12225405921680987
62 0.8674785100286533 0.061127029608404965 0.11318051575931236 0.12225405921680993
62 0.4312320916905444 0.06240050939191342 0.10601719197707737 0.12480101878382684
62 0.325214899713467 0.4533588029290035 0.10601719197707733 0.13244189748487742
5 0.4312320916905444 0.4571792422795288 0.10315186246418336 0.12480101878382684
5 0.21060171919770773 0.18210760904170648 0.11174785100286534 0.12989493791786055
5 0.8646131805157594 0.18847500795924865 0.10458452722063029 0.12734797835084366
5 0.8538681948424067 0.954632282712512 0.10601719197707737 0.09073543457497607
5 0.21489971346704873 0.9597262018465458 0.10601719197707736 0.08054759630690868
5 0.022922636103151862 0.854504934734161 0.045845272206303724 0.1298949379178606
73 0.8595988538681948 0.4571792422795288 0.10888252148997139 0.12480101878382684
73 0.017191977077363897 0.1757402101241643 0.034383954154727794 0.1273479783508437
73 0.020773638968481375 0.9635466411970711 0.04154727793696275 0.07290671760585794
73 0.2163323782234957 0.452085323145495 0.11461318051575933 0.12989493791786053
10 0.8567335243553008 0.7169691181152499 0.10315186246418336 0.12480101878382684
10 0.8610315186246419 0.3247373447946514 0.10888252148997125 0.140082776185928
10 0.4290830945558739 0.18974848774275707 0.10744985673352431 0.1248010187838268
10 0.32449856733524357 0.31836994587710915 0.10458452722063044 0.14262973575294488
10 0.2148997134670487 0.7169691181152499 0.10888252148997137 0.12989493791786047
10 0.02005730659025788 0.7195160776822667 0.04011461318051576 0.140082776185928
10 0.020057306590257885 0.4533588029290035 0.04011461318051577 0.12225405921680987
11 0.5924068767908309 0.32728430436166833 0.339541547277937 0.12989493791786053
17 0.9570200573065902 0.9609996816300541 0.0859598853868195 0.07800063673989172
17 0.9577363896848134 0.454632282712512 0.0845272206303722 0.12989493791786053
17 0.6489971346704871 0.061127029608404965 0.10601719197707744 0.12225405921680993
17 0.21060171919770773 0.05475963069086278 0.11174785100286534 0.10951926138172556
17 0.10100286532951291 0.4469914040114613 0.11318051575931232 0.1298949379178606
17 0.32593123209169056 0.7106017191977076 0.10744985673352435 0.13244189748487742
82 0.8567335243553008 0.5883476599808979 0.10888252148997139 0.12734797835084366
82 0.9620343839541547 0.18592804839223176 0.0759312320916905 0.13753581661891118
82 0.5393982808022924 0.19229544730977394 0.10458452722063036 0.12989493791786053
82 0.09598853868194843 0.17191977077363899 0.11747851002865328 0.14517669531996177
82 0.020773638968481375 0.5845272206303724 0.04154727793696275 0.14008277618592807
87 0.8553008595988538 0.8506844953836358 0.11174785100286527 0.13753581661891118
87 0.7550143266475646 0.18465456860872334 0.10601719197707737 0.1349888570518943
87 0.32306590257879664 0.18210760904170648 0.10744985673352439 0.1349888570518943
87 0.21418338108882523 0.583253740846864 0.10744985673352439 0.13244189748487742
87 0.1002865329512894 0.9648201209805793 0.11461318051575932 0.07035975803884113
81 0.745702005730659 0.585800700413881 0.10744985673352446 0.13244189748487747
