81 0.21180555555555558 0.13209876543209878 0.13194444444444445 0.16049382716049387
81 0.46458333333333335 0.137037037037037 0.12361111111111114 0.14567901234567898
81 0.7166666666666666 0.13333333333333333 0.13055555555555556 0.14320987654320988
81 0.9597222222222223 0.11851851851851851 0.08055555555555557 0.14320987654320988
81 0.21319444444444446 0.7506172839506173 0.12361111111111116 0.14814814814814808
81 0.4673611111111111 0.7506172839506173 0.12083333333333336 0.14814814814814808
5 0.07777777777777777 0.2827160493827161 0.13333333333333333 0.16049382716049382
5 0.33958333333333335 0.5938271604938271 0.12083333333333332 0.15061728395061735
73 0.08125 0.6049382716049384 0.12916666666666668 0.14320987654320994
73 0.5888888888888889 0.29012345679012347 0.12222222222222222 0.15061728395061727
73 0.8430555555555556 0.6012345679012346 0.13055555555555542 0.1604938271604938
10 0.5902777777777779 0.9024691358024691 0.12500000000000008 0.15555555555555556
10 0.5902777777777777 0.5987654320987654 0.12222222222222222 0.15061728395061721
10 0.3402777777777778 0.9049382716049382 0.125 0.14567901234567884
10 0.08125 0.9148148148148149 0.13194444444444448 0.14567901234567898
10 0.33888888888888885 0.2876543209876543 0.12222222222222222 0.15555555555555556
10 0.21180555555555558 0.44320987654320987 0.12916666666666665 0.16049382716049387
71 0.21111111111111114 0.29012345679012347 0.1277777777777778 0.15061728395061727
71 0.5888888888888889 0.1345679012345679 0.12222222222222222 0.145679012345679
71 0.5895833333333332 0.7555555555555558 0.12083333333333336 0.15308641975308646
11 0.5298611111111111 0.4456790123456791 0.40416666666666656 0.15555555555555567
35 0.21319444444444444 0.5975308641975309 0.12638888888888888 0.14320987654320994
35 0.71875 0.28271604938271605 0.12916666666666657 0.15061728395061727
8 0.08125 0.7617283950617284 0.1375 0.15061728395061721
8 0.07569444444444444 0.12469135802469136 0.13749999999999998 0.16543209876543208
8 0.7152777777777777 0.5975308641975309 0.12222222222222215 0.15308641975308632
4 0.21319444444444446 0.9135802469135803 0.13194444444444445 0.14814814814814825
4 0.4666666666666666 0.6024691358024691 0.125 0.1481481481481483
4 0.95625 0.2814814814814815 0.0875 0.14814814814814817
67 0.4673611111111111 0.9 0.12361111111111107 0.14567901234567898
67 0.4645833333333333 0.28888888888888886 0.12916666666666665 0.14320987654320982
53 0.3381944444444444 0.7481481481481481 0.12083333333333336 0.14320987654320974
53 0.3368055555555556 0.1345679012345679 0.1236111111111111 0.16049382716049382
81 0.7222222222222223 0.7481481481481481 0.13888888888888873 0.14814814814814808
