81 0.6089058055453797 0.6241842646118309 0.06295452303238648 0.07512381439481139
81 0.6058874380027309 0.3152567421515354 0.06381691375885751 0.08278950974122061
81 0.8620174837646323 0.31295703354761256 0.06554169521179957 0.07512381439481132
81 0.9805962086544013 0.30759104680512606 0.0388075826911971 0.08278950974122065
81 0.9788714272014594 0.46933721861436273 0.042257145597081235 0.07819009253337512
81 0.9797338179279305 0.6295502513543175 0.04053236414413902 0.07359067532552956
5 0.5399145474276957 0.39268026515026955 0.06640408593827075 0.07512381439481132
5 0.6718603285777662 0.5475273111477378 0.06467930448532862 0.0781900925333749
5 0.9254032021602544 0.3919136956156286 0.06640408593827062 0.08278950974122068
73 0.542070524243873 0.5513601588209425 0.0672664766647417 0.07972323160265689
73 0.9266967882499608 0.5475273111477378 0.06381691375885751 0.08125637067193878
73 0.7973381792793037 0.3949799737541923 0.06381691375885751 0.07665695346409318
10 0.9262655928867255 0.7054406352837697 0.0664040859382709 0.08125637067193878
10 0.9262655928867253 0.4685706490797219 0.06467930448532838 0.07665695346409304
10 0.6714291332145305 0.39114712608098773 0.06209213230591544 0.08125637067193886
10 0.6084746101821442 0.4708703576836446 0.06209213230591551 0.08432264881050251
10 0.5412081335174023 0.7092734829569745 0.06899125811768386 0.07359067532552942
71 0.6071810240924376 0.3949799737541923 0.06467930448532876 0.07052439718696575
71 0.7969069839160682 0.31295703354761256 0.06467930448532883 0.07512381439481132
11 0.7649985270366395 0.4708703576836446 0.2078361650795226 0.07512381439481139
35 0.8620174837646323 0.3896139870117058 0.0638169137588578 0.07819009253337506
35 0.6080434148189086 0.5467607416130967 0.06467930448532862 0.07359067532552942
8 0.5416393288806378 0.6280171122850358 0.06985364884415496 0.07665695346409322
8 0.5390521567012247 0.3091241858744079 0.0733032117500391 0.08278950974122065
8 0.8602927023116902 0.5459941720784559 0.06381691375885765 0.07512381439481118
4 0.6067498287292019 0.7077403438876925 0.06209213230591544 0.07972323160265703
4 0.9801650132911659 0.7062072048184106 0.03966997341766813 0.07972323160265674
4 0.9805962086544013 0.39038055654634674 0.0388075826911971 0.07972323160265696
67 0.9266967882499612 0.6241842646118311 0.06554169521179971 0.07819009253337506
67 0.9279903743396676 0.30989075540904887 0.06467930448532869 0.07512381439481128
53 0.6705667424880596 0.31372360308225355 0.06209213230591551 0.07359067532552946
53 0.9801650132911659 0.5467607416130968 0.03966997341766813 0.07665695346409315
