81 0.20208333333333336 0.13333333333333333 0.12916666666666665 0.16296296296296298
81 0.7097222222222223 0.13456790123456788 0.125 0.15061728395061724
81 0.9541666666666666 0.1259259259259259 0.09166666666666672 0.15308641975308643
81 0.9506944444444444 0.44320987654320987 0.09861111111111115 0.15555555555555564
81 0.9506944444444444 0.754320987654321 0.09861111111111115 0.15555555555555556
81 0.7020833333333333 0.7555555555555558 0.13472222222222222 0.1580246913580247
81 0.20763888888888893 0.7567901234567901 0.13472222222222224 0.15555555555555556
5 0.8354166666666667 0.29012345679012347 0.12916666666666657 0.15061728395061727
5 0.07083333333333333 0.2876543209876543 0.14166666666666666 0.15555555555555556
73 0.8375000000000001 0.6024691358024696 0.13055555555555515 0.14814814814814833
73 0.58125 0.29259259259259257 0.12361111111111107 0.15061728395061733
73 0.07291666666666667 0.606172839506173 0.13472222222222224 0.14567901234567907
10 0.8375 0.9111111111111111 0.13055555555555556 0.15802469135802455
10 0.07430555555555556 0.9246913580246914 0.14027777777777778 0.15061728395061721
10 0.8340277777777778 0.44320987654320987 0.12638888888888886 0.15061728395061721
10 0.2041666666666667 0.44074074074074077 0.12500000000000003 0.1703703703703703
10 0.575 0.591358024691358 0.1194444444444445 0.15061728395061721
71 0.20625 0.29259259259259257 0.12916666666666665 0.15555555555555556
71 0.5819444444444445 0.13456790123456788 0.11944444444444442 0.14074074074074072
11 0.5243055555555552 0.44814814814814796 0.38194444444444436 0.16049382716049354
35 0.20694444444444443 0.6012345679012345 0.125 0.1506172839506174
35 0.7083333333333335 0.2962962962962963 0.12222222222222215 0.15308641975308643
8 0.07430555555555556 0.7580246913580246 0.1375 0.15802469135802455
8 0.06736111111111111 0.13333333333333333 0.13472222222222222 0.14814814814814814
8 0.7069444444444444 0.6012345679012346 0.125 0.15555555555555556
4 0.9534722222222223 0.9172839506172841 0.09305555555555557 0.16543209876543202
4 0.9513888888888888 0.2876543209876543 0.09444444444444443 0.15555555555555556
67 0.8375 0.7518518518518519 0.13333333333333328 0.15555555555555556
67 0.8409722222222222 0.13209876543209875 0.13194444444444442 0.15555555555555553
53 0.3326388888888889 0.13580246913580246 0.12916666666666668 0.14814814814814814
53 0.9506944444444444 0.5950617283950617 0.09861111111111115 0.15308641975308646
