81 0.23472222222222222 0.5222222222222223 0.1277777777777778 0.14567901234567907
81 0.24236111111111108 0.839506172839506 0.1236111111111111 0.15308641975308646
81 0.025 0.8308641975308642 0.05 0.14567901234567898
81 0.025694444444444443 0.5271604938271605 0.05138888888888889 0.15555555555555556
81 0.021527777777777778 0.2123456790123457 0.043055555555555555 0.16296296296296298
81 0.7395833333333335 0.5209876543209877 0.123611111111111 0.15308641975308646
81 0.9680555555555556 0.5148148148148148 0.06388888888888886 0.1555555555555555
81 0.9694444444444444 0.8382716049382717 0.061111111111111144 0.1604938271604938
81 0.9694444444444441 0.20246913580246917 0.061111111111111144 0.1629629629629629
5 0.8729166666666666 0.9592592592592593 0.1291666666666667 0.08148148148148153
5 0.8756944444444441 0.061728395061728406 0.1319444444444444 0.12345679012345681
5 0.36458333333333326 0.3728395061728395 0.1236111111111111 0.14814814814814817
5 0.1125 0.9567901234567902 0.125 0.08641975308641975
5 0.10555555555555554 0.06419753086419754 0.13055555555555554 0.12839506172839507
73 0.8736111111111111 0.36419753086419754 0.13055555555555556 0.14074074074074072
73 0.6152777777777778 0.06419753086419754 0.12500000000000008 0.12839506172839507
73 0.1111111111111111 0.3691358024691358 0.125 0.14567901234567907
10 0.8722222222222222 0.6753086419753086 0.13055555555555556 0.16543209876543216
10 0.2375 0.21728395061728395 0.12222222222222222 0.16296296296296298
10 0.11666666666666664 0.6777777777777777 0.12777777777777774 0.15555555555555556
10 0.8722222222222222 0.2074074074074074 0.125 0.16296296296296295
11 0.5569444444444445 0.2111111111111111 0.4222222222222222 0.15555555555555553
44 0.8701388888888889 0.8308641975308643 0.13194444444444442 0.15061728395061735
44 0.9701388888888889 0.3592592592592592 0.05972222222222229 0.15061728395061733
44 0.11458333333333331 0.5209876543209876 0.1236111111111111 0.1432098765432098
44 0.24097222222222223 0.6802469135802469 0.12361111111111107 0.1555555555555555
44 0.024305555555555552 0.9580246913580247 0.048611111111111105 0.08395061728395063
44 0.02430555555555556 0.36296296296296293 0.04861111111111112 0.14814814814814817
44 0.96875 0.9567901234567902 0.0625 0.08641975308641975
86 0.7402777777777777 0.3666666666666667 0.12777777777777785 0.16049382716049387
86 0.4902777777777778 0.06790123456790123 0.125 0.13580246913580246
86 0.36597222222222214 0.5259259259259261 0.12638888888888894 0.15308641975308648
86 0.025694444444444443 0.6876543209876543 0.05138888888888889 0.14074074074074075
86 0.23472222222222222 0.9567901234567902 0.11666666666666668 0.08641975308641975
86 0.9701388888888889 0.6814814814814816 0.05972222222222229 0.14814814814814817
32 0.8708333333333335 0.5234567901234568 0.136111111111111 0.14814814814814817
32 0.23888888888888885 0.37160493827160496 0.13055555555555554 0.15061728395061735
16 0.1125 0.8308641975308642 0.11944444444444442 0.14074074074074075
16 0.9715277777777778 0.05925925925925926 0.05694444444444443 0.11851851851851852
44 0.7465277777777777 0.06296296296296297 0.13194444444444442 0.12592592592592594
