81 0.5698918915485653 0.674394906289619 0.05604304205261698 0.06483992166934201
81 0.6810847276399741 0.6740942979045363 0.05513876628553433 0.06273566297376348
81 0.6803495440895003 0.5401275175959787 0.05219803208363899 0.06927062786686392
81 0.5693368279679577 0.5381670281280485 0.056609133386482 0.06534964893100373
81 0.5674988690917732 0.4035467513301809 0.061755418239798486 0.07057762084548386
81 0.5645581348898782 0.27219395697886356 0.05734431693695576 0.05881468403790336
81 0.6785115852133156 0.2728474534681737 0.05440358273506065 0.06273566297376346
81 0.790259484885332 0.27219395697886356 0.055873949836008026 0.06665664190962374
81 0.9009046092316376 0.27219395697886356 0.05513876628553433 0.06665664190962374
81 0.9915453891695515 0.6793222698190163 0.016909221660897204 0.06796363488824383
81 0.9919129809447882 0.5440484965318388 0.01617403811042351 0.06665664190962367
81 0.9919129809447882 0.40550724079811107 0.01617403811042351 0.06927062786686378
62 0.6798275637686637 0.47412437217566483 0.052198032083639274 0.06534964893100366
62 0.5177195908891927 0.2695799710216234 0.03381844332179433 0.05358671212342305
62 0.5684472558718844 0.6074376559949124 0.057344316936955624 0.06273566297376362
62 0.7345987382789613 0.2774219288933438 0.0544035827350605 0.0614286699951435
62 0.9588297211734675 0.2735009499574836 0.05734431693695555 0.05881468403790329
62 0.67909238021819 0.7296414994958893 0.05366839918458695 0.05097272616618284
5 0.735333921829435 0.475431365154285 0.05293321563411297 0.06534964893100373
5 0.6235860221574187 0.3375436059098672 0.05734431693695569 0.06927062786686398
5 0.957726945847757 0.34015759186710737 0.05660913338648186 0.06404265595238363
5 0.953683436320151 0.7381369538569197 0.05734431693695569 0.05227971914480292
5 0.6250563892583663 0.7322554854531294 0.0544035827350605 0.048358740208942805
5 0.5202927333158509 0.6747477943938454 0.040435095276058416 0.06665664190962349
73 0.6254239810336033 0.4715103862184247 0.05513876628553447 0.07057762084548394
73 0.9547862116458617 0.47477786866497484 0.058079500487429526 0.07188461382410402
73 0.8441410872995562 0.34146458484572734 0.0544035827350605 0.06404265595238363
73 0.5177195908891927 0.334276123463317 0.035288810422742144 0.06534964893100369
73 0.5199251415406141 0.7368299608782997 0.041170278826532396 0.04705174723032272
10 0.953315844544914 0.6120121314200826 0.05660913338648186 0.06665664190962374
10 0.9547862116458617 0.4081212267553511 0.059549867588377055 0.06927062786686392
10 0.7349663300541981 0.34211808133503735 0.0536683991845868 0.06534964893100373
10 0.6805627473191376 0.4074677302660411 0.055138766285534185 0.06796363488824383
10 0.6250563892583664 0.6067841595056024 0.05587394983600831 0.0640426559523835
10 0.520292733315851 0.6087446489735324 0.04043509527605863 0.06534964893100366
10 0.5195575497653774 0.4708568897291147 0.03749436107416337 0.06665664190962367
11 0.8242911314367638 0.40942821973397125 0.17203295081086709 0.06665664190962374
17 0.6805627473191376 0.6067841595056024 0.0536683991845868 0.0640426559523835
17 0.5688148476471213 0.47151038621842467 0.05807950048742946 0.0679636348882437
17 0.6243212057078925 0.2708869640002434 0.055873949836008095 0.06665664190962374
17 0.8452438626252669 0.27742192889334377 0.0536683991845868 0.05881468403790329
17 0.9919129809447882 0.4754313651542849 0.01617403811042351 0.06796363488824383
17 0.7915754634406801 0.4760848616435949 0.056609133386482 0.0640426559523835
82 0.953315844544914 0.5420880070639086 0.05660913338648186 0.0679636348882439
82 0.7890023210140217 0.3388505988884873 0.0544035827350605 0.06665664190962381
82 0.5666092969957 0.334276123463317 0.059549867588377124 0.06796363488824386
82 0.6250563892583663 0.6721338084366059 0.0544035827350605 0.061428669995143396
82 0.7338635547284875 0.5401275175959787 0.052933215634112823 0.06665664190962381
82 0.9937509398209727 0.3368901094205572 0.01249812035805462 0.07057762084548404
87 0.5684472558718844 0.7329089819424394 0.055873949836008095 0.04705174723032258
87 0.953683436320151 0.6812827592869465 0.05734431693695569 0.06665664190962374
87 0.8996474453603273 0.3408110883564174 0.052198032083639274 0.06534964893100366
87 0.6801951555439006 0.3388505988884873 0.0544035827350605 0.06404265595238363
87 0.6257915728088402 0.5414345105745987 0.05440358273506071 0.06665664190962389
