81 0.019444444444444445 0.2 0.03888888888888889 0.12839506172839502
81 0.20694444444444446 0.2012345679012346 0.1027777777777778 0.12098765432098768
81 0.4131944444444444 0.20617283950617285 0.09861111111111115 0.12592592592592594
81 0.6208333333333333 0.2049382716049383 0.10555555555555557 0.12345679012345681
81 0.8326388888888888 0.2049382716049383 0.10138888888888886 0.12345679012345681
81 0.8298611111111112 0.46172839506172836 0.1125 0.128395061728395
81 0.025 0.4580246913580247 0.05 0.13580246913580246
81 0.026388888888888892 0.7148148148148148 0.052777777777777785 0.11604938271604937
81 0.21319444444444444 0.7098765432098765 0.10972222222222222 0.12592592592592594
81 0.024305555555555552 0.954320987654321 0.048611111111111105 0.09135802469135797
81 0.21319444444444444 0.9493827160493828 0.10972222222222222 0.10123456790123456
81 0.8277777777777777 0.9506172839506172 0.10555555555555557 0.09876543209876544
81 0.8263888888888888 0.7111111111111111 0.10555555555555557 0.12345679012345684
5 0.09861111111111111 0.32716049382716045 0.11111111111111112 0.1259259259259259
5 0.7236111111111111 0.3345679012345679 0.10555555555555557 0.12098765432098763
5 0.31319444444444444 0.5839506172839506 0.10416666666666664 0.11604938271604943
5 0.9347222222222222 0.5876543209876544 0.10555555555555557 0.11358024691358018
73 0.10486111111111111 0.5851851851851851 0.10972222222222222 0.11358024691358032
73 0.7229166666666668 0.582716049382716 0.10138888888888886 0.1234567901234567
73 0.9354166666666667 0.9555555555555556 0.10972222222222229 0.08888888888888885
51 0.3111111111111111 0.20370370370370364 0.1027777777777778 0.12592592592592589
51 0.7215277777777783 0.7135802469135802 0.09861111111111115 0.11358024691358004
51 0.10347222222222222 0.9555555555555556 0.10416666666666669 0.08888888888888885
10 0.9395833333333334 0.3358024691358025 0.10694444444444443 0.13333333333333328
10 0.7222222222222223 0.4641975308641976 0.10277777777777786 0.11851851851851855
10 0.9326388888888889 0.8419753086419752 0.10694444444444443 0.12345679012345684
10 0.7222222222222223 0.8358024691358026 0.10277777777777786 0.13086419753086417
10 0.31319444444444444 0.33086419753086416 0.10138888888888886 0.12345679012345677
10 0.10555555555555554 0.8407407407407408 0.10555555555555554 0.1259259259259258
10 0.21041666666666664 0.45679012345679015 0.10416666666666669 0.12345679012345677
11 0.4701388888888889 0.4629629629629629 0.32361111111111107 0.1308641975308641
30 0.10069444444444443 0.19382716049382714 0.11249999999999999 0.1259259259259259
30 0.8270833333333334 0.8395061728395062 0.10416666666666671 0.1234567901234567
47 0.20625 0.32592592592592595 0.10416666666666669 0.128395061728395
47 0.02430555555555556 0.8432098765432099 0.04861111111111112 0.12098765432098774
26 0.021527777777777778 0.32839506172839505 0.043055555555555555 0.12345679012345673
26 0.9444444444444444 0.1987654320987654 0.10833333333333343 0.12098765432098764
26 0.7222222222222223 0.9506172839506172 0.10277777777777786 0.09876543209876544
20 0.20972222222222223 0.5814814814814815 0.10555555555555556 0.12098765432098758
20 0.7256944444444444 0.20493827160493827 0.10138888888888886 0.1185185185185185
63 0.10555555555555556 0.708641975308642 0.1111111111111111 0.12839506172839507
63 0.6222222222222222 0.337037037037037 0.10277777777777786 0.1209876543209877
57 0.826388888888889 0.5864197530864197 0.10555555555555546 0.12098765432098765
57 0.2145833333333332 0.8382716049382719 0.10694444444444441 0.12592592592592586
22 0.8291666666666663 0.33333333333333326 0.10555555555555554 0.12345679012345695
72 0.9340277777777777 0.7111111111111111 0.10972222222222214 0.1283950617283952
72 0.023611111111111107 0.5925925925925926 0.047222222222222214 0.12839506172839513
