81 0.5726010429320614 0.6700818294601725 0.05741783529200305 0.06182076788872934
81 0.5717923410265402 0.538532986162062 0.05580043148096067 0.06613384471817575
81 0.6825845020829405 0.5406895245767852 0.05418302766991829 0.06469615244169369
81 0.6825845020829405 0.2768729918423233 0.05580043148096067 0.06613384471817571
81 0.5681531824516949 0.27184106887463605 0.05660913338648186 0.06757153699465782
81 0.991104279039267 0.5435649091297493 0.017791441921465746 0.06469615244169354
81 0.9898912261809852 0.6808645215337878 0.020217547638029458 0.06613384471817554
62 0.6825845020829405 0.4752745259968503 0.05256562385887605 0.06325846016521147
62 0.5726010429320614 0.6082610615714429 0.05741783529200305 0.06469615244169362
62 0.9587562028184203 0.271841068874636 0.05660913338648181 0.06469615244169362
5 0.6271884215547403 0.7326214434871429 0.05499172957543962 0.05463230650631914
5 0.5216528228842275 0.6751137524278598 0.04124379718157975 0.06613384471817568
5 0.9494561309049265 0.7383722125930713 0.05903523910304543 0.05463230650631914
5 0.9567344480546172 0.3430068365604991 0.05580043148096067 0.06613384471817582
5 0.6263797196492191 0.34013145200753486 0.056609133386482 0.06900922927113981
62 0.8976992089515717 0.4759933721350916 0.05418302766991843 0.06757153699465782
62 0.519226717167664 0.2682468381834308 0.036391585748452686 0.06038307561224741
73 0.5216528228842275 0.734777981901866 0.042861200992622056 0.04744384512390866
73 0.6275927725075009 0.47455567985860947 0.05418302766991843 0.06757153699465775
73 0.9539039913852931 0.4781499105498146 0.05499172957543976 0.06325846016521161
73 0.8451335850926958 0.3444445288369811 0.05580043148096067 0.06613384471817571
73 0.519226717167664 0.33581837517808866 0.036391585748452686 0.06613384471817575
81 0.7921636102810585 0.2747164534276001 0.05660913338648196 0.061820767888729485
81 0.9009340165736566 0.2768729918423233 0.05580043148096067 0.06038307561224737
62 0.7359588278473378 0.27759183798056436 0.050948220047833954 0.06182076788872948
10 0.9522865875742508 0.609698753847925 0.05822653719752438 0.07044692154762182
10 0.6275927725075009 0.6046668308802378 0.05580043148096081 0.06613384471817568
10 0.521248471931467 0.6068233692949608 0.04366990289814325 0.06757153699465768
10 0.5208441209787064 0.47168029530564526 0.04124379718157968 0.06757153699465782
10 0.7359588278473378 0.3415691442840169 0.050948220047833954 0.06325846016521161
10 0.9547126932908142 0.40770298900219276 0.056609133386482 0.0690092292711399
10 0.680158396366377 0.4062652967257106 0.05580043148096081 0.06900922927113996
10 0.8414944265178502 0.4731179875821268 0.05175692195335446 0.07044692154762192
11 0.8188507731632577 0.40770298900219265 0.16982740015944586 0.06613384471817582
17 0.990295577133746 0.7311837512106609 0.019408845732508128 0.043130768294462454
17 0.991104279039267 0.4759933721350916 0.017791441921465746 0.06757153699465782
17 0.8459422869982169 0.27759183798056436 0.05256562385887634 0.06469615244169362
17 0.6251666667909374 0.2768729918423233 0.05580043148096067 0.0517569219533549
17 0.5717923410265402 0.47455567985860936 0.05418302766991829 0.06469615244169347
17 0.6833932039884616 0.6053856770184787 0.05256562385887605 0.07044692154762203
82 0.9534996404325327 0.5421272168532671 0.05580043148096081 0.06757153699465775
82 0.9943390866613518 0.33941260586929384 0.011321826677296514 0.07044692154762192
82 0.568961884357216 0.33581837517808855 0.05984394100856662 0.07188461382410406
82 0.6275927725075009 0.6736760601513777 0.05580043148096081 0.06613384471817582
82 0.5216528228842275 0.5414083707150261 0.042861200992622056 0.06613384471817575
87 0.5726010429320614 0.734059135763625 0.05741783529200305 0.051756921953354865
87 0.9526909385270114 0.6772702908425827 0.05418302766991829 0.06182076788872948
87 0.8997209637153748 0.342287990422258 0.056609133386482 0.06757153699465786
87 0.6809670982718982 0.3415691442840169 0.05580043148096081 0.07188461382410402
87 0.6279971234602615 0.5378141400238209 0.05337432576439724 0.06469615244169354
5 0.7363631788000983 0.4759933721350916 0.051756921953355 0.06757153699465782
