81 0.69375 0.5049382716049382 0.12361111111111114 0.14567901234567898
81 0.9444444444444444 0.5037037037037037 0.11111111111111115 0.1580246913580246
81 0.94375 0.1901234567901235 0.1125 0.15802469135802472
81 0.44375 0.5098765432098765 0.12361111111111114 0.15061728395061721
5 0.8208333333333333 0.9493827160493828 0.1277777777777777 0.10123456790123456
5 0.8236111111111112 0.056790123456790124 0.13055555555555556 0.11358024691358025
5 0.06180555555555555 0.05679012345679012 0.1236111111111111 0.11358024691358024
73 0.8222222222222223 0.35061728395061725 0.12777777777777785 0.1481481481481482
73 0.5708333333333333 0.056790123456790124 0.125 0.11358024691358025
73 0.0625 0.34567901234567905 0.125 0.15802469135802472
10 0.5673611111111112 0.6617283950617285 0.12361111111111113 0.1481481481481482
10 0.56875 0.3567901234567901 0.12083333333333336 0.15061728395061724
10 0.8243055555555554 0.1925925925925926 0.12083333333333329 0.1580246913580247
10 0.8222222222222224 0.6567901234567902 0.12499999999999999 0.15802469135802466
10 0.1909722222222222 0.1962962962962963 0.13194444444444442 0.16543209876543208
11 0.5090277777777779 0.19753086419753088 0.41250000000000014 0.16296296296296298
44 0.9423611111111111 0.9481481481481481 0.11527777777777785 0.10370370370370381
44 0.8222222222222223 0.8148148148148148 0.12777777777777785 0.14814814814814808
44 0.5666666666666667 0.5074074074074073 0.125 0.15061728395061727
44 0.9451388888888889 0.34444444444444444 0.10972222222222229 0.1604938271604939
44 0.6972222222222223 0.05555555555555555 0.12777777777777785 0.1111111111111111
44 0.06458333333333333 0.5061728395061728 0.12638888888888888 0.1580246913580246
86 0.6944444444444444 0.35061728395061725 0.12222222222222229 0.1481481481481482
86 0.44375 0.05925925925925926 0.11805555555555557 0.11851851851851852
32 0.8208333333333333 0.5037037037037037 0.13611111111111115 0.14814814814814808
32 0.1923611111111111 0.3567901234567901 0.12916666666666665 0.15061728395061724
16 0.9451388888888889 0.05308641975308642 0.10972222222222229 0.10617283950617284
16 0.6979166666666667 0.9493827160493828 0.1125 0.10123456790123456
16 0.4409722222222222 0.6641975308641974 0.12638888888888886 0.14320987654321002
73 0.5777777777777776 0.9456790123456787 0.1277777777777776 0.10864197530864185
