81 0.21319444444444446 0.5246913580246914 0.13194444444444445 0.15555555555555556
81 0.9569444444444444 0.5185185185185186 0.08611111111111114 0.15308641975308646
81 0.9576388888888888 0.8370370370370369 0.08472222222222228 0.1629629629629629
81 0.9569444444444444 0.2024691358024691 0.08611111111111114 0.16296296296296295
81 0.011111111111111112 0.8382716049382717 0.022222222222222223 0.14567901234567912
81 0.013194444444444444 0.5246913580246914 0.02638888888888889 0.16049382716049387
5 0.08125 0.06172839506172839 0.13194444444444448 0.12345679012345678
5 0.8527777777777777 0.06172839506172838 0.12777777777777805 0.12345679012345676
5 0.0875 0.9567901234567902 0.13055555555555556 0.08641975308641975
5 0.34375 0.3728395061728395 0.12361111111111114 0.15802469135802466
73 0.59375 0.06419753086419754 0.12361111111111114 0.12839506172839507
73 0.8493055555555554 0.36666666666666664 0.1291666666666667 0.15061728395061733
73 0.08958333333333333 0.36666666666666664 0.12638888888888888 0.15061728395061733
10 0.8486111111111111 0.2074074074074074 0.125 0.1679012345679012
10 0.21458333333333335 0.20864197530864195 0.12916666666666668 0.16543209876543208
10 0.09027777777777776 0.6827160493827161 0.12222222222222222 0.1555555555555555
11 0.5291666666666667 0.2160493827160494 0.39444444444444443 0.15555555555555559
44 0.9576388888888888 0.3592592592592592 0.08472222222222228 0.1604938271604938
44 0.7243055555555554 0.0654320987654321 0.1291666666666667 0.1308641975308642
44 0.09097222222222222 0.5172839506172839 0.12638888888888888 0.15555555555555564
44 0.013194444444444443 0.37160493827160496 0.026388888888888885 0.14567901234567898
86 0.22013888888888888 0.954320987654321 0.13194444444444442 0.09135802469135797
86 0.013888888888888888 0.6802469135802469 0.027777777777777776 0.15061728395061727
86 0.4673611111111111 0.06666666666666667 0.12638888888888894 0.13333333333333333
86 0.7201388888888889 0.3679012345679012 0.12638888888888886 0.15308641975308643
86 0.9583333333333333 0.6753086419753086 0.08333333333333343 0.15061728395061735
32 0.8486111111111111 0.5222222222222223 0.12777777777777785 0.16049382716049387
32 0.2159722222222222 0.36790123456790125 0.1236111111111111 0.14814814814814814
16 0.9583333333333333 0.06049382716049383 0.08333333333333343 0.12098765432098765
