81 0.03888888888888889 0.254320987654321 0.07777777777777778 0.11358024691358025
81 0.22777777777777777 0.2580246913580247 0.1 0.11111111111111115
81 0.6034722222222223 0.2604938271604938 0.09027777777777779 0.1111111111111111
81 0.7923611111111112 0.2580246913580247 0.09305555555555557 0.11111111111111115
81 0.9715277777777778 0.26049382716049385 0.05694444444444443 0.1160493827160494
81 0.9666666666666666 0.4925925925925925 0.06666666666666671 0.12098765432098765
81 0.7888888888888889 0.4925925925925926 0.1 0.10617283950617291
81 0.7888888888888889 0.7148148148148148 0.09444444444444443 0.11111111111111115
81 0.7881944444444445 0.9432098765432099 0.09583333333333328 0.11358024691358025
81 0.9666666666666666 0.9493827160493828 0.06666666666666671 0.10123456790123456
81 0.9659722222222222 0.7222222222222221 0.06805555555555558 0.11604938271604937
81 0.042361111111111106 0.4925925925925926 0.08472222222222221 0.12592592592592594
81 0.043055555555555555 0.7197530864197532 0.08611111111111111 0.11604938271604937
81 0.23402777777777778 0.7160493827160493 0.09861111111111111 0.11358024691358025
81 0.2326388888888889 0.945679012345679 0.09583333333333335 0.10864197530864189
81 0.04236111111111111 0.945679012345679 0.08472222222222223 0.10864197530864189
5 0.13125 0.3753086419753086 0.09583333333333335 0.11358024691358018
5 0.6965277777777777 0.3790123456790123 0.09583333333333328 0.11111111111111115
5 0.8840277777777777 0.6049382716049382 0.09583333333333328 0.10864197530864196
73 0.1361111111111111 0.6074074074074073 0.09722222222222221 0.11851851851851841
73 0.6958333333333334 0.6049382716049382 0.09166666666666672 0.11851851851851841
73 0.8854166666666667 0.9469135802469136 0.09861111111111115 0.10617283950617278
10 0.8881944444444444 0.37407407407407406 0.10138888888888886 0.11111111111111108
10 0.6944444444444445 0.49135802469135803 0.09166666666666672 0.10864197530864203
10 0.376388888888889 0.07283950617283952 0.18055555555555552 0.14567901234567904
10 0.32638888888888895 0.3753086419753086 0.10277777777777775 0.11358024691358018
10 0.23263888888888887 0.49382716049382713 0.10416666666666669 0.11851851851851848
10 0.1361111111111111 0.8333333333333335 0.09722222222222224 0.11111111111111102
10 0.6965277777777777 0.8296296296296296 0.08194444444444443 0.11358024691358025
10 0.8833333333333334 0.8320987654320987 0.09722222222222214 0.11358024691358011
51 0.32916666666666666 0.26049382716049385 0.10555555555555554 0.1160493827160494
51 0.13472222222222222 0.9444444444444444 0.09444444444444443 0.11111111111111115
51 0.6958333333333334 0.7148148148148148 0.08333333333333329 0.11604938271604937
11 0.47083333333333305 0.491358024691358 0.28888888888888875 0.11358024691358025
30 0.12916666666666668 0.254320987654321 0.09722222222222224 0.11358024691358025
30 0.9680555555555556 0.3728395061728395 0.06388888888888886 0.12345679012345681
30 0.7868055555555555 0.8345679012345678 0.09583333333333342 0.10370370370370381
47 0.2298611111111111 0.37160493827160496 0.09583333333333335 0.12098765432098763
47 0.043055555555555555 0.8382716049382717 0.08611111111111111 0.12098765432098758
26 0.04027777777777777 0.3691358024691358 0.08055555555555555 0.1160493827160494
26 0.6944444444444445 0.9456790123456791 0.09444444444444432 0.10864197530864178
26 0.8916666666666666 0.25679012345679014 0.09722222222222214 0.11358024691358029
20 0.23125 0.6012345679012345 0.09305555555555557 0.11604938271604937
20 0.6965277777777777 0.26296296296296295 0.09305555555555557 0.1160493827160494
63 0.13541666666666666 0.7172839506172839 0.09861111111111111 0.10617283950617291
63 0.9659722222222222 0.6049382716049382 0.06805555555555558 0.11851851851851841
63 0.9666666666666666 0.8407407407407408 0.06666666666666671 0.1160493827160495
63 0.6027777777777777 0.37777777777777777 0.09166666666666672 0.10370370370370367
57 0.7881944444444445 0.6037037037037039 0.09583333333333328 0.11604938271604943
57 0.23263888888888887 0.8296296296296296 0.09861111111111111 0.10864197530864189
22 0.7909722222222223 0.37407407407407406 0.09583333333333328 0.11111111111111108
72 0.8833333333333334 0.7209876543209875 0.09722222222222214 0.10864197530864217
72 0.04236111111111111 0.6074074074074073 0.08472222222222223 0.11358024691358018
