81 0.05208333333333334 0.7098765432098766 0.10416666666666669 0.16543209876543208
81 0.3027777777777778 0.708641975308642 0.13333333333333333 0.16296296296296284
81 0.8277777777777777 0.7098765432098766 0.13333333333333328 0.16543209876543208
81 0.8354166666666666 0.0691358024691358 0.13194444444444442 0.1382716049382716
81 0.5701388888888889 0.07160493827160494 0.12638888888888886 0.14320987654320988
81 0.30763888888888885 0.07037037037037037 0.12916666666666668 0.14074074074074075
81 0.049305555555555554 0.06172839506172839 0.09861111111111111 0.12345679012345678
81 0.05416666666666667 0.3777777777777777 0.10833333333333334 0.16296296296296298
62 0.30972222222222223 0.545679012345679 0.13333333333333333 0.1629629629629629
62 0.05208333333333334 0.8716049382716051 0.10416666666666669 0.1580246913580247
62 0.8284722222222223 0.5518518518518518 0.1347222222222223 0.1604938271604938
62 0.9506944444444444 0.07160493827160494 0.09861111111111115 0.14320987654320988
62 0.4388888888888889 0.0691358024691358 0.1305555555555555 0.1382716049382716
5 0.17152777777777778 0.21234567901234566 0.13472222222222222 0.1679012345679012
5 0.95 0.22592592592592592 0.1 0.15555555555555556
73 0.9486111111111112 0.5493827160493826 0.10277777777777772 0.1703703703703703
73 0.6979166666666665 0.2271604938271605 0.13194444444444442 0.1530864197530864
73 0.175 0.5419753086419753 0.13333333333333333 0.15555555555555556
10 0.1708333333333333 0.8666666666666666 0.13055555555555556 0.15308641975308646
10 0.9486111111111112 0.8802469135802469 0.10277777777777772 0.16543209876543202
10 0.6923611111111111 0.5481481481481482 0.13472222222222213 0.14814814814814808
10 0.9486111111111112 0.3851851851851852 0.10277777777777772 0.16790123456790115
10 0.3055555555555556 0.380246913580247 0.13611111111111115 0.16296296296296298
10 0.4347222222222223 0.22345679012345676 0.1277777777777778 0.16049382716049382
11 0.65 0.3827160493827161 0.3833333333333334 0.16296296296296295
17 0.8291666666666667 0.8740740740740742 0.13333333333333341 0.1629629629629629
17 0.7020833333333333 0.07407407407407407 0.1291666666666668 0.14320987654320988
17 0.05208333333333334 0.5456790123456791 0.10416666666666669 0.16296296296296306
17 0.30972222222222223 0.8679012345679012 0.13888888888888887 0.15555555555555556
17 0.1701388888888889 0.06666666666666667 0.13472222222222224 0.13333333333333333
82 0.9486111111111112 0.7148148148148149 0.10277777777777772 0.15555555555555556
82 0.050694444444444445 0.2123456790123457 0.10138888888888889 0.16296296296296298
87 0.17222222222222222 0.7049382716049383 0.13333333333333333 0.15555555555555536
87 0.8319444444444446 0.22469135802469137 0.13055555555555556 0.15308641975308646
87 0.3069444444444444 0.22098765432098763 0.13055555555555554 0.15061728395061727
