81 0.5305485438449604 0.6682128295007458 0.06227004672513004 0.08051076748299643
81 0.6591321468228266 0.5107855252259579 0.05903523910304535 0.06757153699465782
81 0.9045731751485018 0.5093478329494758 0.05984394100856662 0.06469615244169362
81 0.9680562747319138 0.43961975754009486 0.06388745053617256 0.06613384471817561
81 0.9720997842595196 0.727158212836511 0.05580043148096081 0.05750769105928327
5 0.5964577491449359 0.5115043713641989 0.061461344819608923 0.06325846016521147
5 0.9029557713374595 0.43961975754009486 0.05984394100856662 0.0690092292711399
73 0.8427074793761323 0.5115043713641989 0.06227004672513019 0.06325846016521147
10 0.9090210356288683 0.584107831326544 0.06388745053617256 0.0761976906535503
10 0.9680562747319138 0.5122232175024399 0.06388745053617256 0.07044692154762196
10 0.5960533981921753 0.5869832158795082 0.06388745053617229 0.08194845975947863
10 0.6595364977755871 0.44249514209305907 0.061461344819608923 0.06900922927113981
10 0.7015889968626879 0.3303551445274568 0.08733980579628636 0.15239538130710062
71 0.5976708020032175 0.43961975754009486 0.06227004672513012 0.07188461382410409
35 0.8402813736595687 0.43961975754009486 0.05903523910304557 0.0690092292711399
35 0.5948403453338935 0.6631809065330585 0.06469615244169369 0.07044692154762196
8 0.9086166846761077 0.6588678297036122 0.06307874863065123 0.07044692154762203
8 0.5333790005142844 0.5136609097789221 0.06307874863065145 0.07044692154762203
4 0.5301441928921998 0.7293147512512342 0.056609133386482 0.05031922967687294
67 0.5940316434283723 0.7307524435277162 0.06954836387482068 0.05031922967687294
67 0.9700780294957166 0.6610243681183354 0.059843941008566756 0.07188461382410409
67 0.5341877024198057 0.441057449816577 0.06307874863065123 0.06900922927113981
53 0.9098297375343896 0.7257205205600289 0.06873966196929943 0.051756921953355
