81 0.8696275071633238 0.23941419929958613 0.12607449856733524 0.13753581661891115
81 0.7385386819484241 0.3922317733205985 0.12464183381088816 0.14772365488697864
81 0.35816618911174786 0.2343202801655524 0.13753581661891123 0.1579114931550462
81 0.7363896848137534 0.9711875198981216 0.13180515759312314 0.057624960203756785
81 0.21203438395415475 0.9724609996816301 0.12034383954154729 0.05507800063673983
5 0.0830945558739255 0.3744030563514804 0.14326647564469913 0.15791149315504616
5 0.07808022922636103 0.9737344794651385 0.14183381088825214 0.05253104106972302
5 0.7406876790830944 0.24196115886660302 0.12320916905444122 0.14262973575294496
10 0.8653295128939829 0.9686405603311047 0.12893982808022927 0.06271887933779055
10 0.8674785100286533 0.39223177332059855 0.1246418338108883 0.13753581661891118
10 0.21919770773638966 0.2254059216809933 0.12893982808022922 0.16555237185609678
10 0.08166189111747851 0.5425023877745941 0.13180515759312322 0.16809933142311373
10 0.32091690544412615 0.07513530722699777 0.16905444126074498 0.15027061445399553
44 0.8667621776504297 0.7042343202801655 0.1289398280802294 0.14008277618592807
44 0.6095988538681949 0.23941419929958613 0.1361031518624641 0.14772365488697872
32 0.08166189111747851 0.21903852276345112 0.14040114613180518 0.15791149315504616
