81 0.062320916905444126 0.8163005412289079 0.12464183381088825 0.14008277618592813
81 0.32163323782234954 0.5068449538363579 0.12177650429799428 0.13753581661891118
81 0.8166189111747851 0.5119388729703916 0.12607449856733524 0.13753581661891118
81 0.9398280802292264 0.37312957656797197 0.1203438395415472 0.1349888570518943
81 0.9455587392550143 0.9457179242279529 0.10888252148997139 0.10856415154409432
5 0.19627507163323785 0.5055714740528494 0.12320916905444125 0.1349888570518943
5 0.8144699140401147 0.37058261700095513 0.12177650429799428 0.1298949379178606
73 0.6898280802292264 0.5106653931868831 0.12177650429799435 0.12480101878382677
10 0.9398280802292264 0.5132123527539001 0.1203438395415472 0.14008277618592807
10 0.8166189111747851 0.6622094874243871 0.12607449856733524 0.15281757402101243
10 0.19412607449856734 0.6558420885068449 0.12464183381088825 0.16045845272206308
10 0.3209169054441261 0.3654886978669214 0.12034383954154734 0.1400827761859281
10 0.4040114613180518 0.14517669531996177 0.15759312320916916 0.2852594715058898
71 0.1955587392550143 0.3629417382999045 0.12177650429799425 0.13498885705189426
35 0.19269340974212035 0.8112066220948742 0.1275071633237822 0.1451766953199619
8 0.8180515759312321 0.8163005412289079 0.13180515759312328 0.14008277618592813
35 0.6898280802292264 0.37058261700095513 0.12177650429799435 0.14008277618592807
8 0.0651862464183381 0.5106653931868831 0.1303724928366762 0.1349888570518943
4 0.05945558739255015 0.9495383635784782 0.1189111747851003 0.1009232728430436
67 0.18982808022922634 0.9482648837949698 0.13896848137535817 0.10347023241006043
67 0.9434097421203438 0.8150270614453996 0.11318051575931236 0.13753581661891132
67 0.06590257879656161 0.3603947787328876 0.12607449856733524 0.14517669531996177
53 0.8209169054441261 0.9482648837949698 0.13467048710601717 0.10347023241006043
53 0.5587392550143266 0.5017510347023242 0.13180515759312314 0.13244189748487742
