81 0.24068767908309457 0.7373447946513849 0.11747851002865332 0.13498885705189423
81 0.23209169054441262 0.180834129258198 0.11747851002865328 0.1426297357529449
81 0.46060171919770776 0.1872015281757402 0.10744985673352431 0.12989493791786055
81 0.6869627507163324 0.18720152817574018 0.11031518624641834 0.14008277618592804
81 0.920487106017192 0.18083412925819803 0.11318051575931222 0.13753581661891118
81 0.9169054441260746 0.46482012098057934 0.11747851002865332 0.14008277618592807
81 0.9154727793696276 0.7335243553008596 0.11461318051575929 0.14262973575294496
81 0.032951289398280806 0.7398917542184017 0.06590257879656161 0.1451766953199619
81 0.03008595988538682 0.17828716969118116 0.06017191977077364 0.14262973575294494
81 0.6840974212034383 0.4571792422795288 0.11318051575931236 0.140082776185928
5 0.12177650429799426 0.5985354982489653 0.11747851002865328 0.13244189748487747
5 0.7994269340974212 0.5985354982489653 0.11174785100286527 0.13244189748487747
73 0.3517191977077364 0.3247373447946514 0.11604584527220627 0.12989493791786055
10 0.8015759312320917 0.32346386501114294 0.11318051575931236 0.13244189748487745
10 0.1189111747851003 0.32219038522763455 0.11747851002865332 0.1349888570518943
10 0.3502865329512894 0.6010824578159821 0.11031518624641834 0.14262973575294496
10 0.3531518624641834 0.8710601719197707 0.10744985673352435 0.13753581661891132
10 0.12464183381088823 0.8787010506208213 0.11747851002865328 0.13753581661891118
10 0.029369627507163324 0.46354664119707095 0.05873925501432665 0.15791149315504613
11 0.2979942693409742 0.4609996816300541 0.38968481375358166 0.14262973575294488
40 0.23997134670487108 0.8736071314867877 0.11318051575931232 0.13244189748487742
40 0.8022922636103152 0.18465456860872334 0.11461318051575929 0.14008277618592804
40 0.46418338108882523 0.3272843043616682 0.11461318051575922 0.13498885705189426
2 0.02936962750716332 0.32219038522763455 0.05873925501432664 0.1349888570518943
2 0.3467048710601719 0.18592804839223176 0.11174785100286531 0.13244189748487742
2 0.914756446991404 0.8761540910538045 0.1189111747851004 0.14262973575294496
45 0.12177650429799428 0.7386182744348935 0.12034383954154727 0.13753581661891118
52 0.6826647564469914 0.3272843043616682 0.11604584527220631 0.13498885705189426
52 0.98567335243553 0.7398917542184017 0.02865329512893993 0.1451766953199619
70 0.23710601719197708 0.32346386501114294 0.11604584527220631 0.13244189748487745
70 0.032234957020057305 0.6023559375994906 0.06446991404011461 0.14517669531996177
33 0.032234957020057305 0.883794969754855 0.06446991404011461 0.13244189748487742
33 0.3531518624641835 0.7373447946513855 0.10744985673352454 0.1400827761859282
33 0.11676217765042982 0.18592804839223176 0.12464183381088825 0.14772365488697864
33 0.9140401146131805 0.5998089780324737 0.11461318051575929 0.1349888570518943
2 0.12464183381088827 0.9775549188156637 0.12034383954154729 0.04489016236867244
81 0.24068767908309457 0.9724609996816301 0.11174785100286534 0.05507800063673983
81 0.9154727793696276 0.9750079592486469 0.11747851002865346 0.0499840815027062
42 0.9169054441260746 0.3247373447946514 0.12320916905444136 0.13498885705189434
