81 0.19412607449856736 0.6991404011461319 0.11318051575931232 0.12480101878382684
81 0.8796561604584529 0.43680356574339385 0.11747851002865317 0.12989493791786053
81 0.9727793696275071 0.3043616682585164 0.054441260744985696 0.14008277618592807
81 0.42191977077363896 0.4291626870423433 0.11318051575931236 0.12989493791786053
5 0.3108882521489971 0.4291626870423433 0.11174785100286531 0.12989493791786053
5 0.8818051575931233 0.3018147086914995 0.11891117478510026 0.12989493791786053
73 0.7621776504297995 0.43935052531041063 0.10888252148997139 0.11970709964979313
10 0.8739255014326648 0.5794333014963388 0.10315186246418336 0.140082776185928
10 0.9720630372492838 0.43935052531041063 0.055873925501432636 0.1349888570518943
10 0.9720630372492838 0.9622731614135626 0.055873925501432636 0.0754536771728749
10 0.30730659025787965 0.5666985036612544 0.11031518624641834 0.14517669531996183
10 0.4226361031518624 0.2967207895574658 0.10888252148997132 0.13498885705189434
10 0.5042979942693409 0.11333970073225086 0.17191977077363899 0.22667940146450172
44 0.6468481375358166 0.43807704552690224 0.11318051575931236 0.12734797835084366
44 0.7614613180515761 0.2992677491244827 0.11031518624641834 0.1298949379178606
86 0.650429799426934 0.30563514804202485 0.10888252148997132 0.13753581661891118
86 0.8789398280802293 0.7156956383317414 0.11318051575931236 0.14262973575294496
86 0.1969914040114613 0.4278892072588348 0.1131805157593123 0.12734797835084366
32 0.19412607449856734 0.8392231773320599 0.11891117478510026 0.13498885705189423
32 0.3116045845272206 0.291626870423432 0.11318051575931232 0.12989493791786055
16 0.1969914040114613 0.2954473097739574 0.1131805157593123 0.13244189748487745
16 0.30873925501432664 0.7029608404966572 0.11031518624641837 0.12734797835084366
