81 0.5949138636889408 0.6023795931676527 0.05734431693695569 0.061428669995143535
81 0.7114404564390369 0.47233379179495544 0.059549867588377194 0.06012167701652338
81 0.9378769899849644 0.4729872882842654 0.058079500487429526 0.061428669995143396
81 0.9841935536648134 0.4063306463746417 0.031612892670373045 0.06665664190962381
81 0.9841935536648134 0.6821061648634772 0.031612892670373045 0.0666566419096236
81 0.9371418064344909 0.7356928769869002 0.06102023468932472 0.045744754251702775
5 0.6515229970754228 0.4697198058377153 0.055873949836008165 0.06273566297376341
5 0.9371418064344907 0.40502365339602164 0.056609133386482144 0.06665664190962381
73 0.8779595306213506 0.47364078477357546 0.0544035827350605 0.0679636348882437
10 0.9360390311087801 0.5396439301938891 0.05881468403790336 0.07188461382410402
10 0.6537285477268441 0.5376834407259591 0.05881468403790322 0.07057762084548394
10 0.8816354483737194 0.608261061571443 0.04852211433126996 0.06012167701652338
10 0.9838259618895765 0.7363463734762102 0.03234807622084688 0.03659580340136216
10 0.9830907783391026 0.47233379179495544 0.033818443321794546 0.06273566297376341
44 0.936406622884017 0.679492178906237 0.058079500487429526 0.0666566419096236
44 0.9834583701143396 0.6147960264645433 0.03308325977132085 0.06273566297376355
44 0.8842085908003777 0.7330788910296601 0.044846196578901355 0.0431307682944626
44 0.8228207643358162 0.47168029530564537 0.04999248143221763 0.061428669995143396
44 0.8790623059470613 0.40502365339602164 0.05513876628553433 0.06927062786686398
44 0.5930759048127564 0.73177189805104 0.056609133386482 0.053586712123423155
86 0.5960166390146516 0.47102679881633536 0.05660913338648186 0.06534964893100359
86 0.8224531725605795 0.4043701569067116 0.052198032083639274 0.06012167701652338
86 0.9375093982097275 0.6121820405073032 0.05881468403790322 0.0679636348882439
32 0.6537285477268442 0.4017561709494714 0.055873949836008095 0.06534964893100366
16 0.5956490472394147 0.4017561709494714 0.055873949836008026 0.06534964893100366
32 0.5927083130375195 0.6696897315665865 0.055873949836008165 0.05750769105928327
10 0.7493024092884372 0.3102666624460662 0.07498872214832673 0.09933146637512551
