81 0.07163323782234957 0.6099968163005413 0.12893982808022922 0.14008277618592793
81 0.9226361031518624 0.7577204711875198 0.12320916905444136 0.14008277618592813
81 0.8030085959885386 0.9016236867239732 0.11891117478510026 0.13753581661891118
81 0.8030085959885386 0.3298312639286851 0.11891117478510026 0.1349888570518943
81 0.9240687679083095 0.19611588666029928 0.1203438395415472 0.13244189748487747
81 0.32449856733524357 0.32601082457815983 0.11604584527220627 0.14262973575294496
5 0.20128939828080228 0.3209169054441261 0.12177650429799426 0.1426297357529449
5 0.8030085959885386 0.19356892709328238 0.11891117478510026 0.12734797835084366
5 0.2027220630372493 0.9054441260744985 0.1332378223495702 0.140082776185928
73 0.6833810888252149 0.3298312639286852 0.11747851002865332 0.1349888570518943
10 0.8001432664756447 0.47882839859917226 0.11604584527220638 0.13753581661891112
10 0.9269340974212035 0.909264565425024 0.12607449856733524 0.14772365488697872
10 0.9240687679083095 0.3298312639286851 0.11461318051575944 0.12989493791786053
10 0.6840974212034383 0.6138172556510666 0.11604584527220624 0.12734797835084366
10 0.32521489971346695 0.180834129258198 0.11747851002865335 0.14262973575294485
10 0.40830945558739257 0.04966571155682904 0.1518624641833811 0.09933142311365808
71 0.3259312320916905 0.6087233365170328 0.12464183381088827 0.13753581661891112
71 0.20200573065902577 0.18210760904170645 0.12320916905444124 0.1502706144539955
11 0.5057306590257881 0.47118751989812163 0.40401146131805166 0.1426297357529448
10 0.1991404011461318 0.46609360076408785 0.12034383954154727 0.15281757402101234
35 0.1991404011461318 0.612543775867558 0.12320916905444122 0.14008277618592813
35 0.6869627507163324 0.19738936644380772 0.11318051575931236 0.1298949379178606
8 0.07163323782234957 0.32219038522763455 0.12893982808022922 0.1349888570518943
8 0.8022922636103152 0.6176376950015918 0.11747851002865317 0.12989493791786053
4 0.0680515759312321 0.7628143903215536 0.1361031518624642 0.15027061445399567
67 0.1998567335243553 0.7564469914040114 0.12464183381088823 0.1426297357529448
67 0.9247851002865329 0.6189111747851003 0.1246418338108883 0.13753581661891104
53 0.8015759312320917 0.755173511620503 0.12177650429799428 0.13498885705189437
53 0.0659025787965616 0.9169054441260743 0.1318051575931232 0.15281757402101234
67 0.07020057306590259 0.1693728112066221 0.13180515759312322 0.14008277618592804
