81 0.034383954154727794 0.8290353390639923 0.06876790830945559 0.1248010187838267
81 0.2342406876790831 0.8201209805794334 0.10744985673352435 0.13244189748487742
81 0.23352435530085958 0.30945558739255014 0.10888252148997132 0.1248010187838268
81 0.8638968481375358 0.30818210760904174 0.10601719197707737 0.1273479783508437
81 0.8617478510028657 0.5616045845272206 0.11031518624641831 0.1248010187838268
81 0.8603151862464183 0.8201209805794334 0.10458452722063015 0.1273479783508438
81 0.0336676217765043 0.30563514804202485 0.0673352435530086 0.1273479783508437
5 0.12535816618911175 0.6953199617956065 0.10744985673352435 0.12734797835084366
5 0.7535816618911175 0.6876790830945559 0.10315186246418322 0.12225405921680987
5 0.9598853868194843 0.4342566061763769 0.08022922636103147 0.12480101878382677
73 0.336676217765043 0.43935052531041063 0.10315186246418338 0.11970709964979313
10 0.9584527220630372 0.9406240050939192 0.08309455587392549 0.11875198981216173
10 0.9570200573065902 0.6902260426615727 0.0859598853868195 0.13244189748487742
10 0.9591690544412609 0.3030881884750079 0.08166189111747842 0.13244189748487742
10 0.7550143266475646 0.43553008595988535 0.10601719197707737 0.12225405921680987
10 0.12392550143266476 0.9508118433619868 0.10744985673352439 0.09837631327602665
10 0.12249283667621778 0.43680356574339385 0.11031518624641835 0.12480101878382684
10 0.1776504297994269 0.08787010506208214 0.16332378223495703 0.17574021012416427
11 0.29799426934097417 0.5692454632282711 0.3581661891117477 0.13498885705189428
40 0.23710601719197705 0.9469914040114611 0.11604584527220627 0.10601719197707739
40 0.754297994269341 0.30945558739255014 0.10458452722063029 0.11970709964979304
40 0.44484240687679083 0.4304361668258517 0.11031518624641834 0.12225405921680994
2 0.032234957020057305 0.43807704552690224 0.06446991404011461 0.12225405921680994
2 0.862464183381089 0.9444444444444444 0.11174785100286541 0.11111111111111115
2 0.33882521489971346 0.31200254695956703 0.10744985673352435 0.11970709964979306
45 0.12535816618911175 0.8226679401464503 0.11318051575931232 0.1222540592168101
52 0.23567335243553006 0.6978669213626233 0.11031518624641834 0.11716014008277612
52 0.6489971346704871 0.4329831263928685 0.1002865329512894 0.12225405921680994
70 0.0336676217765043 0.7029608404966572 0.0673352435530086 0.12734797835084366
70 0.23495702005730656 0.4329831263928685 0.10601719197707733 0.12734797835084366
70 0.7564469914040114 0.8239414199299585 0.10028653295128934 0.12480101878382684
33 0.03510028653295129 0.9495383635784782 0.07020057306590258 0.10092327284304366
33 0.12177650429799428 0.30690862782553324 0.11174785100286534 0.12989493791786055
33 0.8603151862464182 0.6914995224450812 0.11031518624641834 0.12989493791786047
42 0.8603151862464182 0.43170964660936006 0.1103151862464184 0.12480101878382684
81 0.6489971346704871 0.30818210760904174 0.10315186246418336 0.12225405921680992
52 0.9570200573065902 0.8239414199299585 0.0859598853868195 0.12480101878382684
