81 0.2342406876790831 0.7984718242597899 0.11031518624641831 0.12989493791786064
81 0.034383954154727794 0.8086596625278574 0.06876790830945559 0.13498885705189423
81 0.0336676217765043 0.28398599172238137 0.0673352435530086 0.1349888570518943
81 0.23137535816618912 0.2852594715058898 0.10744985673352431 0.13244189748487742
81 0.4419770773638969 0.2903533906399236 0.10458452722063036 0.11716014008277621
81 0.650429799426934 0.2929003502069405 0.1002865329512894 0.12225405921680992
81 0.862464183381089 0.2839859917223814 0.10888252148997125 0.12480101878382684
81 0.8603151862464182 0.5450493473416109 0.11031518624641834 0.13244189748487742
81 0.8595988538681948 0.804839223177332 0.10601719197707724 0.12734797835084366
5 0.12392550143266476 0.6749442852594715 0.10744985673352439 0.11716014008277618
5 0.7564469914040114 0.673670805475963 0.10028653295128934 0.11970709964979306
5 0.9591690544412609 0.4100604902897167 0.0816618911174784 0.12734797835084366
73 0.336676217765043 0.4177013689907673 0.10315186246418338 0.11206622094874241
10 0.9584527220630373 0.9296402419611587 0.08309455587392557 0.13244189748487742
10 0.7557306590257881 0.9283667621776505 0.10171919770773641 0.12989493791786047
10 0.9577363896848138 0.6685768863419292 0.08452722063037257 0.12480101878382684
10 0.7550143266475644 0.41515440942375037 0.10028653295128934 0.11716014008277618
10 0.9598853868194843 0.282712511938873 0.08022922636103147 0.12734797835084372
10 0.12320916905444128 0.41515440942375037 0.10888252148997137 0.12734797835084372
10 0.12464183381088827 0.9360076408787011 0.10601719197707737 0.12480101878382684
10 0.1783667621776505 0.07895574657752308 0.15329512893982813 0.15791149315504616
10 0.03510028653295129 0.5552371856096784 0.07020057306590258 0.12734797835084366
11 0.3008595988538682 0.5463228271251194 0.3667621776504298 0.1298949379178606
40 0.23925501432664756 0.9321872015281758 0.11747851002865332 0.12225405921680974
40 0.44412607449856734 0.4177013689907673 0.11174785100286534 0.12225405921680994
40 0.7564469914040114 0.2890799108564151 0.10601719197707737 0.1248010187838268
2 0.8610315186246419 0.9296402419611587 0.10888252148997125 0.12734797835084366
2 0.034383954154727794 0.41770136899076726 0.06876790830945559 0.13244189748487742
2 0.33882521489971323 0.2890799108564151 0.10744985673352431 0.12989493791786055
45 0.12607449856733524 0.8022922636103152 0.11174785100286534 0.12225405921680987
52 0.9577363896848138 0.7997453040432984 0.08452722063037257 0.12734797835084366
52 0.23352435530085958 0.6736708054759631 0.10601719197707737 0.12480101878382684
52 0.6482808022922636 0.41515440942375037 0.10458452722063036 0.12225405921680994
70 0.03510028653295128 0.6800382043935052 0.07020057306590256 0.13244189748487742
70 0.2306590257879656 0.4164278892072588 0.10601719197707733 0.12480101878382684
70 0.7557306590257881 0.7971983444762815 0.10171919770773641 0.13753581661891104
33 0.034383954154727794 0.9355300859598854 0.06876790830945559 0.1289398280802291
33 0.12249283667621777 0.28653295128939826 0.10744985673352435 0.1349888570518943
33 0.8595988538681947 0.6723973256924544 0.10601719197707721 0.1273479783508441
42 0.8624641833810888 0.41260744985673353 0.10601719197707724 0.12225405921680994
