81 0.0329512893982808 0.7398917542184017 0.0659025787965616 0.1451766953199619
81 0.027936962750716336 0.1757402101241643 0.05587392550143267 0.1477236548869787
81 0.2328080229226361 0.18592804839223176 0.11891117478510033 0.1426297357529449
81 0.6848137535816619 0.1833810888252149 0.11174785100286534 0.14772365488697864
81 0.9212034383954156 0.18083412925819803 0.11461318051575929 0.13753581661891118
81 0.914756446991404 0.4609996816300541 0.12177650429799428 0.14772365488697864
81 0.6855300859598853 0.45972620184654567 0.11604584527220638 0.140082776185928
81 0.9126074498567334 0.7386182744348934 0.11747851002865317 0.13244189748487742
81 0.6848137535816619 0.7360713148678764 0.11174785100286534 0.13753581661891118
5 0.12034383954154729 0.603629417382999 0.11461318051575933 0.13753581661891118
5 0.5737822349570201 0.32728430436166833 0.11031518624641834 0.12989493791786053
5 0.7972779369627506 0.5998089780324737 0.11031518624641834 0.1298949379178606
73 0.7979942693409743 0.9699140401146135 0.11174785100286545 0.06017191977077333
73 0.3467048710601719 0.3285577841451767 0.10888252148997125 0.13753581661891123
10 0.799426934097421 0.8748806112702961 0.11461318051575929 0.13498885705189423
10 0.7994269340974212 0.32219038522763455 0.11174785100286527 0.1349888570518943
10 0.5723495702005731 0.4609996816300541 0.10744985673352439 0.13753581661891112
10 0.11819484240687679 0.3209169054441261 0.1189111747851003 0.1477236548869786
10 0.12249283667621774 0.8774275708373129 0.1160458452722063 0.14517669531996177
11 0.29871060171919767 0.46354664119707095 0.3739255014326647 0.13753581661891118
40 0.8030085959885386 0.18592804839223176 0.11604584527220624 0.1426297357529449
2 0.9126074498567334 0.8761540910538045 0.11461318051575929 0.13753581661891118
2 0.3502865329512894 0.18592804839223176 0.1189111747851003 0.1426297357529449
2 0.02793696275071633 0.31964342566061765 0.05587392550143266 0.14008277618592804
45 0.12106017191977077 0.7411652340019103 0.11891117478510026 0.13753581661891118
45 0.6812320916905443 0.5998089780324737 0.11604584527220638 0.1349888570518943
52 0.9863896848137536 0.7335243553008596 0.027220630372492848 0.14262973575294496
52 0.6862464183381088 0.31709646609360076 0.11461318051575936 0.13498885705189426
52 0.2342406876790831 0.6023559375994906 0.1103151862464183 0.13498885705189437
70 0.7994269340974212 0.7424387137854187 0.11174785100286527 0.1298949379178606
70 0.5744985673352435 0.19102196752626552 0.11461318051575929 0.13753581661891118
33 0.1153295128939828 0.17701368990767272 0.1189111747851003 0.14517669531996183
33 0.6819484240687679 0.8761540910538045 0.1203438395415472 0.14262973575294496
33 0.9154727793696276 0.6023559375994906 0.11461318051575929 0.14008277618592807
70 0.030802292263610313 0.6036294173829989 0.061604584527220625 0.14262973575294488
70 0.23710601719197708 0.3272843043616682 0.11604584527220631 0.1400827761859281
42 0.9183381088825214 0.3221903852276345 0.11747851002865332 0.1248010187838268
33 0.03151862464183381 0.8850684495383635 0.06303724928366762 0.12480101878382684
10 0.02865329512893983 0.47118751989812163 0.05730659025787966 0.12734797835084366
