81 0.036532951289398284 0.8366762177650429 0.07306590257879657 0.12480101878382684
81 0.2371060171919771 0.8264883794969755 0.11031518624641837 0.11970709964979306
81 0.862464183381089 0.8150270614453996 0.10888252148997125 0.13244189748487742
81 0.8610315186246419 0.5628780643107291 0.11174785100286541 0.12734797835084372
81 0.8631805157593123 0.30436166825851635 0.10744985673352431 0.1248010187838268
81 0.6482808022922637 0.30818210760904174 0.10171919770773641 0.12225405921680992
81 0.23209169054441262 0.3107290671760586 0.10888252148997132 0.13244189748487745
81 0.0336676217765043 0.30945558739255014 0.0673352435530086 0.12989493791786055
5 0.12464183381088827 0.696593441579115 0.10601719197707737 0.12480101878382677
5 0.754297994269341 0.6940464820120981 0.11031518624641834 0.13498885705189423
5 0.9584527220630372 0.4342566061763769 0.08309455587392549 0.1349888570518943
73 0.34025787965616044 0.43935052531041063 0.10171919770773645 0.12989493791786053
10 0.9584527220630372 0.9418974848774276 0.08309455587392549 0.11620503024514477
10 0.754297994269341 0.9406240050939192 0.10458452722063029 0.11875198981216173
10 0.9577363896848138 0.6953199617956065 0.08452722063037257 0.12225405921680994
10 0.7535816618911175 0.43680356574339385 0.10315186246418322 0.12480101878382684
10 0.9591690544412609 0.3005412289079911 0.0816618911174784 0.12734797835084372
10 0.12535816618911175 0.43170964660936006 0.11031518624641834 0.12480101878382684
10 0.03510028653295129 0.5717924227952882 0.07020057306590258 0.13498885705189437
10 0.12679083094555874 0.9457179242279529 0.10458452722063036 0.10856415154409432
11 0.2994269340974212 0.5654250238777458 0.3667621776504298 0.12734797835084366
40 0.23209169054441262 0.9457179242279529 0.10601719197707733 0.10856415154409432
40 0.7557306590257881 0.3043616682585164 0.10458452722063058 0.12480101878382682
2 0.8631805157593123 0.943170964660936 0.10744985673352431 0.11365807067812796
2 0.33954154727793695 0.30818210760904174 0.10315186246418342 0.12225405921680992
2 0.034383954154727794 0.43680356574339385 0.06876790830945559 0.119707099649793
45 0.12535816618911177 0.827761859280484 0.10458452722063039 0.12734797835084366
52 0.9577363896848138 0.8226679401464502 0.08452722063037257 0.13244189748487742
52 0.6504297994269342 0.4406240050939191 0.10315186246418342 0.12225405921680994
52 0.23495702005730656 0.6953199617956065 0.10888252148997132 0.12225405921680994
70 0.7550143266475646 0.8213944603629417 0.10601719197707737 0.11970709964979306
70 0.03581661891117478 0.7029608404966571 0.07163323782234957 0.13753581661891126
70 0.2342406876790831 0.43935052531041063 0.10744985673352435 0.11970709964979313
33 0.03510028653295129 0.9469914040114614 0.07020057306590258 0.10601719197707737
33 0.8610315186246419 0.6927730022285897 0.10888252148997125 0.13244189748487728
33 0.12177650429799428 0.30563514804202485 0.11174785100286534 0.1273479783508437
42 0.8617478510028653 0.43553008595988535 0.10744985673352417 0.12225405921680987
10 0.17908309455587393 0.08914358484559058 0.15759312320916913 0.17828716969118116
