81 0.08810888252148999 0.603629417382999 0.12750716332378226 0.14772365488697872
81 0.33954154727793695 0.3209169054441261 0.11747851002865328 0.12225405921680992
81 0.8022922636103152 0.32346386501114294 0.11747851002865317 0.13244189748487745
81 0.9269340974212035 0.19484240687679083 0.11747851002865332 0.12989493791786055
81 0.9276504297994269 0.7475326329194525 0.12464183381088827 0.1349888570518945
81 0.8080229226361033 0.8901623686723974 0.11461318051575929 0.11970709964979293
5 0.21346704871060174 0.8901623686723974 0.12320916905444128 0.12989493791786047
5 0.8058739255014327 0.18592804839223176 0.11318051575931236 0.13244189748487742
5 0.21418338108882523 0.3183699458771092 0.1217765042979943 0.13753581661891115
73 0.6855300859598853 0.3247373447946514 0.11891117478510026 0.13498885705189434
10 0.9269340974212034 0.8901623686723973 0.12034383954154734 0.14517669531996177
10 0.9240687679083095 0.3209169054441261 0.11747851002865332 0.13244189748487742
10 0.8044412607449857 0.46354664119707095 0.11604584527220638 0.14262973575294488
10 0.6869627507163324 0.6049028971665075 0.11318051575931236 0.13498885705189423
10 0.2148997134670487 0.45845272206303717 0.1203438395415473 0.13753581661891112
10 0.33739255014326647 0.1795606494746896 0.12177650429799425 0.14008277618592807
71 0.41475644699140396 0.05603311047437123 0.153295128939828 0.11206622094874245
71 0.33954154727793695 0.6023559375994906 0.1260744985673352 0.11970709964979306
71 0.21418338108882523 0.17828716969118116 0.1217765042979943 0.14262973575294494
11 0.5114613180515759 0.46354664119707095 0.41547277936962757 0.13753581661891118
35 0.6883954154727793 0.19229544730977394 0.11031518624641841 0.12989493791786053
35 0.2184813753581662 0.6049028971665075 0.12177650429799428 0.12989493791786053
8 0.09025787965616047 0.31200254695956703 0.12607449856733524 0.13498885705189426
8 0.8051575931232091 0.6074498567335244 0.11461318051575929 0.1248010187838269
4 0.08595988538681948 0.7500795924864693 0.12607449856733524 0.1553645335880293
67 0.9262177650429799 0.6087233365170328 0.12177650429799428 0.12225405921681003
67 0.08667621776504297 0.1668258516396052 0.13037249283667623 0.13498885705189428
67 0.21275071633237821 0.7475326329194525 0.12177650429799426 0.1248010187838267
53 0.08452722063037249 0.8965297675899396 0.12893982808022922 0.13244189748487728
53 0.8037249283667623 0.7462591531359439 0.12034383954154734 0.13753581661891118
