81 0.23997134670487108 0.7424387137854187 0.11604584527220631 0.1298949379178606
81 0.2349570200573066 0.1833810888252149 0.11747851002865332 0.14772365488697864
81 0.027936962750716332 0.18210760904170648 0.055873925501432664 0.1349888570518943
81 0.6862464183381088 0.1833810888252149 0.10888252148997139 0.13244189748487745
81 0.9197707736389685 0.17701368990767272 0.11461318051575929 0.1349888570518943
81 0.9147564469914039 0.45717924227952883 0.11604584527220638 0.13498885705189437
81 0.9133237822349569 0.7386182744348934 0.11604584527220624 0.14262973575294496
81 0.6848137535816619 0.45845272206303717 0.11174785100286534 0.14262973575294488
81 0.03151862464183381 0.7424387137854186 0.06303724928366762 0.13498885705189437
5 0.12177650429799428 0.6049028971665075 0.11174785100286534 0.14517669531996183
5 0.7987106017191976 0.6036294173829991 0.11604584527220624 0.12734797835084358
5 0.5730659025787965 0.3209169054441261 0.11461318051575929 0.13753581661891118
73 0.3517191977077364 0.3272843043616682 0.11604584527220627 0.12480101878382684
10 0.8001432664756447 0.8761540910538045 0.11318051575931222 0.13753581661891118
10 0.12392550143266476 0.8825214899713467 0.1131805157593123 0.13498885705189423
10 0.11962750716332377 0.32346386501114294 0.12177650429799425 0.13244189748487745
10 0.030802292263610323 0.4724609996816301 0.061604584527220646 0.1298949379178606
10 0.8001432664756447 0.32346386501114294 0.11031518624641834 0.13244189748487745
73 0.7994269340974212 0.9775549188156637 0.11174785100286527 0.04489016236867244
11 0.30587392550143266 0.46354664119707095 0.3939828080229226 0.14262973575294488
40 0.23853868194842406 0.8761540910538044 0.11604584527220632 0.13244189748487742
40 0.8030085959885386 0.18083412925819803 0.11604584527220624 0.13244189748487745
2 0.914756446991404 0.8761540910538045 0.1189111747851004 0.13753581661891118
2 0.3524355300859599 0.18974848774275707 0.11747851002865328 0.14008277618592804
2 0.03008595988538682 0.3209169054441261 0.06017191977077364 0.1477236548869786
2 0.12177650429799428 0.9750079592486469 0.11461318051575932 0.0499840815027062
45 0.6883954154727793 0.5972620184654569 0.11031518624641841 0.13498885705189437
45 0.12249283667621777 0.7386182744348934 0.1189111747851003 0.14262973575294496
52 0.9871060171919771 0.7373447946513849 0.025787965616045766 0.14008277618592813
52 0.6869627507163324 0.3209169054441261 0.11031518624641834 0.1273479783508437
52 0.24068767908309455 0.6061763769500159 0.1203438395415473 0.13753581661891104
70 0.03151862464183381 0.6023559375994906 0.06303724928366762 0.14008277618592807
70 0.23638968481375358 0.32346386501114294 0.11461318051575933 0.13244189748487745
70 0.7958452722063037 0.7373447946513849 0.11318051575931222 0.13498885705189423
70 0.5730659025787965 0.18974848774275707 0.11461318051575929 0.13498885705189428
33 0.03151862464183381 0.8850684495383635 0.06303724928366762 0.140082776185928
33 0.11676217765042982 0.17828716969118116 0.12464183381088825 0.14262973575294494
33 0.9154727793696276 0.5985354982489653 0.11747851002865346 0.14262973575294502
42 0.916189111747851 0.31964342566061765 0.11604584527220638 0.1349888570518943
