81 0.31661891117478513 0.5170327921044254 0.11747851002865332 0.13244189748487742
81 0.8087392550143266 0.5259471505889844 0.12177650429799428 0.14008277618592807
81 0.9348137535816619 0.3807704552690227 0.12750716332378217 0.1349888570518943
81 0.06160458452722064 0.8239414199299585 0.12320916905444128 0.15027061445399553
5 0.1919770773638968 0.5157593123209169 0.12320916905444125 0.1349888570518943
5 0.8065902578796562 0.38077045526902253 0.12320916905444136 0.12989493791786053
73 0.6855300859598853 0.524673670805476 0.11891117478510026 0.13244189748487742
10 0.8130372492836676 0.673670805475963 0.12177650429799428 0.15536453358802924
10 0.9348137535816619 0.5221267112384591 0.12750716332378217 0.12734797835084366
10 0.3173352435530086 0.3833174148360395 0.11604584527220635 0.1451766953199618
10 0.4011461318051574 0.17064629099013054 0.15472779369627493 0.2801655523718561
10 0.19197707736389685 0.6660299267749125 0.12034383954154729 0.1553645335880293
71 0.19484240687679083 0.37440305635148036 0.12320916905444124 0.14262973575294488
11 0.5028653295128939 0.6673034065584208 0.4469914040114615 0.14772365488697858
35 0.6826647564469914 0.3820439350525311 0.11891117478510026 0.13244189748487747
8 0.8123209169054442 0.8239414199299585 0.12320916905444122 0.140082776185928
8 0.06446991404011461 0.5208532314549507 0.12893982808022922 0.15027061445399562
4 0.059455587392550156 0.952085323145495 0.11891117478510031 0.09582935370900998
67 0.9405444126074499 0.8290353390639923 0.11891117478510026 0.14008277618592813
67 0.0651862464183381 0.3718560967844635 0.12750716332378223 0.14262973575294496
67 0.18911174785100285 0.954632282712512 0.13753581661891118 0.09073543457497607
53 0.8159025787965615 0.9533588029290035 0.1332378223495702 0.09328239414199302
53 0.5580229226361031 0.5093919134033748 0.1217765042979942 0.15281757402101243
81 0.9419770773638969 0.9533588029290035 0.11604584527220624 0.09328239414199302
