81 0.0673352435530086 0.6023559375994906 0.1346704871060172 0.14008277618592807
81 0.9262177650429799 0.743712193568927 0.12177650429799428 0.13753581661891132
81 0.8030085959885386 0.8901623686723974 0.12177650429799441 0.12989493791786047
81 0.8008595988538681 0.31709646609360076 0.12320916905444122 0.13498885705189426
81 0.9233524355300861 0.17574021012416427 0.11891117478510026 0.12225405921680993
81 0.32449856733524357 0.3158229863100923 0.11891117478510026 0.12734797835084366
5 0.19412607449856734 0.9016236867239732 0.12177650429799426 0.13244189748487742
5 0.8022922636103152 0.17701368990767272 0.11747851002865317 0.12989493791786053
73 0.6812320916905443 0.3145495065265839 0.11604584527220638 0.14008277618592804
10 0.9255014326647565 0.8863419293218721 0.12607449856733524 0.14772365488697858
10 0.9226361031518625 0.3183699458771092 0.11747851002865332 0.13244189748487742
10 0.6805157593123209 0.6010824578159821 0.11461318051575929 0.13244189748487742
10 0.7965616045845272 0.4559057624960204 0.11461318051575929 0.14772365488697864
10 0.325214899713467 0.17319325055714743 0.12320916905444132 0.14772365488697867
10 0.19770773638968478 0.4546322827125119 0.1260744985673352 0.15027061445399553
71 0.1977077363896848 0.16555237185609678 0.12320916905444124 0.1426297357529449
71 0.3295128939828081 0.6112702960840497 0.1289398280802292 0.13244189748487747
11 0.5050143266475645 0.4571792422795288 0.4111747851002866 0.14517669531996177
35 0.6840974212034383 0.1795606494746896 0.11318051575931236 0.14008277618592807
35 0.1984240687679083 0.603629417382999 0.12464183381088821 0.13753581661891118
8 0.8015759312320917 0.6010824578159821 0.12177650429799428 0.14262973575294496
8 0.0659025787965616 0.3081821076090417 0.1318051575931232 0.14772365488697864
4 0.0666189111747851 0.7539000318369946 0.1332378223495702 0.15281757402101248
67 0.9240687679083095 0.5985354982489653 0.1203438395415472 0.13244189748487747
67 0.1991404011461318 0.7551735116205032 0.1289398280802292 0.140082776185928
53 0.0651862464183381 0.9041706462909902 0.1303724928366762 0.13753581661891132
53 0.8022922636103152 0.743712193568927 0.11747851002865317 0.1273479783508438
5 0.1998567335243553 0.30945558739255014 0.1275071633237822 0.13498885705189434
67 0.06661891117478509 0.15663801337153774 0.1303724928366762 0.15027061445399556
