81 0.04727793696275071 0.8290353390639923 0.09455587392550142 0.1553645335880293
81 0.2815186246418338 0.8226679401464503 0.1246418338108882 0.15791149315504627
81 0.04727793696275071 0.5208532314549507 0.09455587392550142 0.160458452722063
81 0.045128939828080215 0.21012416427889208 0.09025787965616043 0.1451766953199618
81 0.2815186246418338 0.2113976440624005 0.12177650429799428 0.1528175740210124
81 0.7793696275071633 0.21267112384590894 0.1289398280802291 0.15027061445399553
81 0.7772206303724929 0.827761859280484 0.1303724928366762 0.14772365488697872
5 0.15616045845272208 0.3667621776504298 0.12607449856733527 0.1426297357529449
5 0.9097421203438395 0.36421521808341295 0.13180515759312328 0.14772365488697864
73 0.654727793696275 0.36803565743393823 0.12607449856733516 0.14008277618592804
73 0.910458452722063 0.673670805475963 0.13610315186246424 0.14517669531996177
73 0.15902578796561603 0.6685768863419292 0.12320916905444125 0.15027061445399553
10 0.916189111747851 0.9533588029290035 0.13896848137535828 0.09328239414199302
10 0.15830945558739257 0.9495383635784782 0.12750716332378226 0.1009232728430436
10 0.28080229226361036 0.5183062718879338 0.12320916905444125 0.1553645335880293
10 0.9075931232091691 0.5234001910219674 0.12750716332378217 0.160458452722063
11 0.5873925501432664 0.5170327921044253 0.39828080229226365 0.15791149315504618
45 0.15759312320916907 0.8264883794969755 0.1203438395415473 0.15027061445399567
45 0.2829512893982808 0.3603947787328876 0.1217765042979942 0.140082776185928
45 0.7815186246418339 0.3667621776504298 0.12464183381088816 0.1477236548869787
46 0.7779369627507162 0.667303406558421 0.1260744985673351 0.14772365488697872
46 0.045845272206303724 0.9533588029290035 0.09169054441260745 0.09328239414199302
46 0.15687679083094558 0.2113976440624005 0.12750716332378215 0.1579114931550461
46 0.6540114613180517 0.2139446036294174 0.12177650429799428 0.14772365488697867
46 0.28295128939828085 0.6698503661254378 0.1189111747851003 0.14262973575294496
66 0.2808022922636103 0.954632282712512 0.11747851002865324 0.09073543457497607
66 0.7772206303724929 0.9559057624960203 0.13323782234957007 0.08818847500795926
66 0.910458452722063 0.20885068449538363 0.1303724928366762 0.15281757402101243
66 0.0479942693409742 0.6762177650429799 0.0959885386819484 0.14517669531996183
23 0.044412607449856735 0.3629417382999045 0.08882521489971347 0.14008277618592804
23 0.9104584527220629 0.8239414199299585 0.1332378223495702 0.15027061445399553
