81 0.04727793696275071 0.8264883794969755 0.09455587392550142 0.15027061445399567
81 0.2786532951289398 0.8239414199299585 0.11318051575931229 0.140082776185928
81 0.7786532951289399 0.8252148997134671 0.1332378223495702 0.15281757402101248
81 0.7815186246418339 0.20503024514485835 0.1275071633237823 0.1553645335880293
81 0.2822349570200573 0.21521808341292584 0.12320916905444122 0.1451766953199618
81 0.04512893982808022 0.20503024514485835 0.09025787965616044 0.15027061445399556
81 0.04727793696275071 0.5259471505889843 0.09455587392550142 0.16045845272206308
5 0.15830945558739257 0.3667621776504298 0.12177650429799428 0.15281757402101243
5 0.9097421203438395 0.3591212989493792 0.12893982808022927 0.15281757402101245
73 0.15687679083094558 0.6749442852594715 0.1217765042979943 0.14772365488697872
73 0.9104584527220629 0.6787647246099968 0.1332378223495702 0.15027061445399562
73 0.6547277936962752 0.3693091372174467 0.12320916905444122 0.1477236548869787
10 0.9126074498567336 0.954632282712512 0.13467048710601717 0.09073543457497607
10 0.15687679083094555 0.954632282712512 0.12464183381088827 0.09073543457497607
10 0.2843839541547278 0.5208532314549507 0.12464183381088823 0.160458452722063
10 0.39541547277936956 0.3693091372174467 0.10888252148997132 0.1477236548869787
11 0.5830945558739254 0.5208532314549507 0.4126074498567334 0.15027061445399562
45 0.7808022922636103 0.36803565743393823 0.12607449856733524 0.15027061445399556
45 0.28295128939828085 0.36803565743393823 0.1275071633237822 0.15027061445399556
45 0.15616045845272208 0.827761859280484 0.12607449856733527 0.14262973575294496
46 0.7786532951289398 0.6762177650429799 0.1303724928366762 0.15027061445399553
46 0.650429799426934 0.2113976440624005 0.12607449856733516 0.1528175740210124
46 0.15544412607449856 0.21649156319643426 0.12464183381088828 0.15791149315504616
46 0.045845272206303724 0.952085323145495 0.09169054441260745 0.09582935370900998
46 0.27793696275071633 0.6723973256924546 0.12320916905444122 0.15791149315504613
66 0.91189111747851 0.2037567653613499 0.13610315186246424 0.1477236548869787
66 0.7800859598853868 0.954632282712512 0.1332378223495702 0.09073543457497607
66 0.2722063037249283 0.954632282712512 0.10601719197707733 0.09073543457497607
66 0.04871060171919771 0.6774912448264884 0.09742120343839542 0.15281757402101248
23 0.9097421203438395 0.8303088188475007 0.12893982808022927 0.15281757402101234
23 0.04727793696275071 0.3718560967844635 0.09455587392550142 0.14262973575294496
66 0.40616045845272203 0.21521808341292584 0.12177650429799428 0.1451766953199618
10 0.9068767908309455 0.5157593123209169 0.12607449856733524 0.160458452722063
