81 0.538401039347571 0.6154063921855591 0.07472405607015617 0.08381745971890531
81 0.6829565049594802 0.6114527384252334 0.06849705139764296 0.07907307520651444
81 0.9502729198295031 0.6074990846649077 0.060490902532983594 0.08381745971890546
81 0.9587238547421996 0.276182899549612 0.06493876301334993 0.06325846016521154
81 0.8221745379949499 0.2777643610537423 0.06938662349371655 0.06642138317347214
81 0.680732574719297 0.28092728406200285 0.06938662349371655 0.06642138317347218
81 0.535732323059351 0.276182899549612 0.06938662349371646 0.06642138317347218
81 0.9476042035412823 0.44065489597916235 0.05515346995654381 0.08856184423129675
5 0.6113459512255806 0.5292167402104584 0.06938662349371646 0.07907307520651458
5 0.8880028731043731 0.35367451325199617 0.06582833510942336 0.07907307520651453
73 0.8871133010082997 0.5236816249460022 0.06582833510942336 0.08381745971890531
10 0.8884476591524098 0.4430270882353575 0.06315961882120334 0.08381745971890538
10 0.6122355233216539 0.6992238519044645 0.06938662349371646 0.08065453671064489
10 0.6100115930814707 0.35367451325199617 0.0720553397819362 0.08856184423129619
10 0.5375114672514978 0.4438178189874226 0.06760747930156981 0.08856184423129626
10 0.7505639842610501 0.527635278706328 0.06315961882120334 0.08539892122303563
51 0.538401039347571 0.5284260094583932 0.07116576768586307 0.08381745971890531
51 0.94804898958932 0.35367451325199617 0.04536817689973759 0.08539892122303559
11 0.7158706725141919 0.4438178189874227 0.2197243077301021 0.08223599821477506
38 0.9533864221657598 0.6928980058879434 0.06493876301335007 0.09330622874368714
38 0.6117907372736172 0.6146156614334939 0.07383448397408295 0.08539892122303555
20 0.8911163754406297 0.27855509180580745 0.06671790720549652 0.06483992166934187
20 0.6825117189114437 0.35920962851645216 0.06760747930156981 0.08698038272716595
64 0.535732323059351 0.3568374362602567 0.06938662349371646 0.08223599821477506
64 0.7514535563571235 0.28092728406200285 0.07027619558978969 0.07274722918999334
64 0.6847356491516269 0.6992238519044645 0.07561362816622946 0.08065453671064489
54 0.5401801835397175 0.7047589671689204 0.0747240560701561 0.09172476723955683
54 0.6829565049594802 0.5268445479542629 0.06671790720549665 0.08065453671064468
54 0.6100115930814706 0.27460143804548187 0.0756136281662295 0.06325846016521118
20 0.9462698453971734 0.527635278706328 0.048926465284030767 0.08539892122303563
