81 0.1518624641833811 0.664756446991404 0.1346704871060172 0.14262973575294496
81 0.9340974212034385 0.664756446991404 0.13180515759312314 0.1630054122890798
81 0.9340974212034385 0.3361986628462273 0.13180515759312314 0.16809933142311365
81 0.9383954154727795 0.04711875198981216 0.12320916905444122 0.09423750397962433
81 0.6726361031518624 0.04839223177332059 0.1246418338108883 0.09678446354664118
81 0.409025787965616 0.050939191340337475 0.13037249283667626 0.10187838268067495
81 0.14469914040114612 0.05348615090735435 0.13467048710601717 0.1069723018147087
81 0.9348137535816619 0.9508118433619868 0.1303724928366762 0.09837631327602665
81 0.15401146131805157 0.954632282712512 0.13610315186246422 0.09073543457497607
5 0.2843839541547278 0.5068449538363579 0.12750716332378226 0.15281757402101248
5 0.03939828080229227 0.18847500795924865 0.07879656160458454 0.1477236548869787
5 0.8022922636103152 0.18465456860872337 0.13180515759312328 0.15536453358802932
73 0.8022922636103152 0.5055714740528494 0.13180515759312328 0.1553645335880293
73 0.042263610315186245 0.5106653931868831 0.08452722063037249 0.16045845272206308
10 0.7994269340974212 0.8226679401464503 0.13180515759312328 0.15791149315504627
10 0.04297994269340974 0.8264883794969754 0.08595988538681948 0.16045845272206308
10 0.2808022922636103 0.18847500795924865 0.12607449856733516 0.15281757402101237
10 0.1518624641833811 0.34765998089780326 0.1346704871060172 0.16555237185609678
10 0.8015759312320917 0.34638650111429486 0.1275071633237823 0.16300541228907994
11 0.47492836676217765 0.35020694046482015 0.4054441260744986 0.16045845272206297
45 0.8008595988538681 0.9508118433619868 0.1346704871060173 0.09837631327602665
45 0.04011461318051576 0.6711238459089462 0.08022922636103152 0.15027061445399548
45 0.14541547277936961 0.18720152817574026 0.1275071633237822 0.15027061445399556
45 0.669054441260745 0.18465456860872329 0.1289398280802292 0.160458452722063
46 0.9355300859598854 0.8328557784145176 0.1289398280802291 0.15791149315504613
46 0.669054441260745 0.5068449538363579 0.1289398280802292 0.15791149315504613
46 0.14899713467048709 0.5068449538363579 0.1318051575931232 0.15791149315504613
46 0.03796561604584528 0.05348615090735435 0.07593123209169056 0.1069723018147087
46 0.5415472779369628 0.05475963069086278 0.12607449856733524 0.10951926138172556
66 0.1511461318051576 0.8264883794969754 0.1361031518624642 0.15536453358802915
66 0.9348137535816619 0.5055714740528494 0.1303724928366762 0.160458452722063
66 0.8037249283667623 0.05348615090735435 0.1346704871060173 0.1069723018147087
66 0.2800859598853868 0.050939191340337475 0.1303724928366762 0.10187838268067495
23 0.8008595988538681 0.6609360076408788 0.13180515759312314 0.16045845272206308
23 0.2851002865329513 0.6596625278573702 0.12607449856733524 0.15281757402101243
23 0.40974212034383956 0.18592804839223176 0.13180515759312328 0.15791149315504613
23 0.9348137535816619 0.1795606494746896 0.1303724928366762 0.160458452722063
23 0.042263610315186245 0.954632282712512 0.08452722063037249 0.09073543457497607
