81 0.03151862464183381 0.954632282712512 0.06303724928366762 0.09073543457497607
81 0.2342406876790831 0.9482648837949698 0.10744985673352435 0.10347023241006043
81 0.8574498567335244 0.9418974848774276 0.11031518624641834 0.11620503024514477
81 0.8574498567335244 0.4469914040114613 0.10171919770773627 0.1298949379178606
81 0.6511461318051576 0.4457179242279528 0.10171919770773648 0.12734797835084372
81 0.8567335243553008 0.6927730022285895 0.10888252148997139 0.13753581661891126
81 0.23209169054441262 0.43807704552690224 0.10601719197707733 0.12734797835084366
81 0.032234957020057305 0.43935052531041063 0.06446991404011461 0.12989493791786053
81 0.0336676217765043 0.7055078000636739 0.0673352435530086 0.14262973575294488
5 0.12320916905444125 0.5717924227952881 0.11174785100286533 0.119707099649793
5 0.7528653295128939 0.5705189430117796 0.10458452722063029 0.12225405921680987
5 0.9555873925501434 0.827761859280484 0.08882521489971353 0.11206622094874248
73 0.7521489971346704 0.8226679401464502 0.10315186246418336 0.11716014008277625
10 0.9555873925501434 0.5679719834447627 0.08882521489971353 0.12734797835084366
10 0.7521489971346704 0.6991404011461319 0.0974212034383953 0.12480101878382684
10 0.34240687679083087 0.5705189430117799 0.10601719197707742 0.11716014008277596
10 0.22922636103151864 0.6991404011461319 0.1002865329512894 0.13498885705189437
10 0.3946991404011462 0.1451766953199618 0.21346704871060176 0.2903533906399236
71 0.8574498567335244 0.5730659025787965 0.10458452722063044 0.12225405921680987
71 0.34169054441260743 0.44317096466093603 0.1045845272206304 0.12734797835084372
71 0.0336676217765043 0.8366762177650429 0.0673352435530086 0.1451766953199619
19 0.8588825214899712 0.8226679401464503 0.10744985673352431 0.12225405921681003
19 0.12320916905444125 0.43680356574339385 0.11174785100286533 0.12480101878382684
1 0.7521489971346704 0.9444444444444444 0.10315186246418336 0.11111111111111115
1 0.032234957020057305 0.5717924227952881 0.06446991404011461 0.12989493791786053
1 0.5522922636103152 0.44189748487742764 0.09885386819484246 0.12989493791786053
49 0.9548710601719198 0.9469914040114614 0.09025787965616047 0.10601719197707737
49 0.23209169054441262 0.5679719834447627 0.10888252148997132 0.13244189748487742
49 0.7528653295128939 0.4457179242279528 0.09885386819484225 0.12225405921680994
50 0.12177650429799428 0.9495383635784782 0.10888252148997134 0.1009232728430436
50 0.9541547277936963 0.4457179242279528 0.09169054441260754 0.12225405921680994
