81 0.04727793696275071 0.8239414199299585 0.09455587392550142 0.16045845272206294
81 0.2843839541547278 0.8252148997134671 0.12750716332378226 0.15281757402101248
81 0.7786532951289401 0.8213944603629421 0.12750716332378256 0.16045845272206308
81 0.7815186246418339 0.21012416427889208 0.12464183381088816 0.1451766953199618
81 0.2815186246418338 0.21267112384590894 0.12750716332378217 0.1553645335880293
81 0.045845272206303724 0.21012416427889208 0.09169054441260745 0.1451766953199618
81 0.04799426934097421 0.5119388729703915 0.09598853868194843 0.15791149315504618
5 0.9097421203438395 0.3603947787328876 0.13180515759312328 0.16045845272206305
5 0.1547277936962751 0.36421521808341295 0.12607449856733527 0.15791149315504618
73 0.6518624641833811 0.361668258516396 0.12034383954154727 0.15281757402101243
73 0.15902578796561606 0.6685768863419292 0.12607449856733527 0.15536453358802924
10 0.9111747851002866 0.9495383635784782 0.1346704871060173 0.1009232728430436
10 0.15616045845272208 0.952085323145495 0.12320916905444129 0.09582935370900998
10 0.2822349570200573 0.5157593123209169 0.12320916905444122 0.15027061445399553
10 0.9075931232091691 0.5183062718879338 0.13323782234957038 0.15027061445399553
10 0.4032951289398281 0.3693091372174467 0.11318051575931236 0.15281757402101237
11 0.5845272206303725 0.5183062718879338 0.3954154727793696 0.15027061445399553
45 0.7793696275071633 0.3603947787328876 0.12320916905444122 0.14517669531996177
45 0.2843839541547278 0.36676217765042984 0.12177650429799425 0.13753581661891123
45 0.15616045845272208 0.8239414199299585 0.12320916905444129 0.1451766953199619
46 0.7757879656160458 0.6762177650429799 0.13037249283667607 0.1553645335880293
46 0.6540114613180514 0.2113976440624005 0.11891117478510026 0.14262973575294494
46 0.15544412607449856 0.21267112384590894 0.12750716332378226 0.1553645335880293
46 0.2851002865329513 0.6711238459089462 0.12607449856733524 0.15027061445399548
46 0.04512893982808022 0.9495383635784782 0.09025787965616044 0.1009232728430436
66 0.28366762177650434 0.9495383635784782 0.13180515759312322 0.1009232728430436
66 0.04656160458452721 0.6673034065584208 0.09312320916905442 0.15281757402101243
66 0.40472779369627504 0.21903852276345112 0.11891117478510033 0.15281757402101243
66 0.9126074498567334 0.20757720471187519 0.12893982808022927 0.1553645335880293
23 0.045845272206303724 0.3654886978669214 0.09169054441260745 0.1400827761859281
23 0.9097421203438395 0.8328557784145176 0.13180515759312328 0.15281757402101248
66 0.7786532951289398 0.954632282712512 0.12464183381088816 0.09073543457497607
