81 0.14469914040114615 0.8150270614453996 0.11461318051575933 0.12734797835084366
81 0.8753581661891119 0.8583253740846863 0.13753581661891118 0.15791149315504613
81 0.8746418338108881 0.533588029290035 0.14183381088825214 0.17064629099013046
81 0.8818051575931232 0.21776504297994279 0.14183381088825184 0.16045845272206313
81 0.6181948424068768 0.2254059216809933 0.11891117478510026 0.15027061445399553
81 0.3724928366762178 0.23177332059853548 0.12607449856733532 0.15791149315504616
81 0.12893982808022922 0.2241324418974849 0.11747851002865332 0.1426297357529449
5 0.2571633237822349 0.6711238459089462 0.11318051575931232 0.14517669531996177
5 0.7449856733524356 0.3782234957020057 0.12893982808022927 0.14517669531996183
5 0.9742120343839542 0.6978669213626233 0.05157593123209168 0.17319325055714743
5 0.03724928366762177 0.37312957656797185 0.07449856733524354 0.14517669531996175
73 0.04083094555873926 0.6723973256924546 0.08166189111747851 0.14262973575294496
73 0.7349570200573068 0.6889525628780643 0.13467048710601703 0.15536453358802932
10 0.2643266475644699 0.9457179242279529 0.12177650429799425 0.10856415154409432
10 0.044412607449856735 0.943170964660936 0.08882521489971347 0.11365807067812796
10 0.252865329512894 0.3807704552690226 0.11891117478510026 0.15027061445399553
10 0.13825214899713464 0.524673670805476 0.1160458452722063 0.14772365488697864
10 0.7363896848137534 0.5348615090735435 0.12320916905444122 0.1630054122890799
10 0.9763610315186247 0.3769500159184973 0.04727793696275071 0.15791149315504616
11 0.4333810888252148 0.5323145495065266 0.3968481375358165 0.14772365488697864
40 0.6196275071633237 0.3820439350525311 0.11031518624641834 0.15791149315504618
40 0.9777936962750716 0.20757720471187519 0.04441260744985669 0.16045845272206305
2 0.7349570200573067 0.8430436166825851 0.14040114613180507 0.14772365488697872
2 0.1346704871060172 0.38204393505253104 0.11747851002865332 0.1426297357529449
45 0.034383954154727794 0.22667940146450175 0.06876790830945559 0.15281757402101243
52 0.8796561604584529 0.3769500159184973 0.14040114613180507 0.14262973575294496
45 0.8760744985673352 0.7080547596306909 0.1389684813753581 0.15281757402101248
45 0.26361031518624645 0.813753581661891 0.12320916905444122 0.12480101878382684
70 0.9734957020057307 0.8672397325692455 0.05300859598853862 0.15536453358802946
70 0.37893982808022925 0.37949697548551414 0.12750716332378226 0.13244189748487734
70 0.7428366762177651 0.2228589621139764 0.1275071633237823 0.1451766953199618
70 0.14255014326647564 0.6723973256924546 0.11318051575931232 0.13753581661891126
33 0.1468481375358166 0.9418974848774276 0.11318051575931234 0.11620503024514477
33 0.8760744985673352 0.9737344794651385 0.13323782234957007 0.05253104106972302
33 0.25 0.2241324418974849 0.11891117478510026 0.1477236548869787
42 0.042263610315186245 0.8150270614453996 0.08452722063037249 0.13753581661891132
