81 0.04871060171919771 0.6532951289398281 0.09742120343839542 0.1349888570518943
81 0.7987106017191976 0.9355300859598854 0.13037249283667635 0.1289398280802291
81 0.9326647564469914 0.7971983444762815 0.13467048710601717 0.15791149315504613
81 0.7965616045845272 0.3349251830627189 0.1289398280802291 0.14517669531996177
81 0.9340974212034385 0.17064629099013054 0.13180515759312314 0.14772365488697867
81 0.2851002865329513 0.35275390003183704 0.12607449856733524 0.14008277618592804
5 0.16404011461318052 0.9393505253104106 0.12464183381088825 0.12129894937917868
5 0.15544412607449856 0.35020694046482015 0.12177650429799428 0.14008277618592804
5 0.7979942693409743 0.18210760904170648 0.13180515759312328 0.1451766953199618
73 0.6633237822349571 0.3412925819802611 0.12320916905444122 0.13753581661891123
10 0.9333810888252149 0.9380770455269023 0.1332378223495702 0.12384590894619549
10 0.9333810888252149 0.332378223495702 0.1332378223495702 0.1451766953199618
10 0.7958452722063037 0.4877427570837313 0.12750716332378217 0.16045845272206308
10 0.6676217765042981 0.644380770455269 0.12034383954154727 0.14262973575294488
10 0.15902578796561603 0.4953836357847819 0.1318051575931232 0.1553645335880293
10 0.2843839541547278 0.2037567653613499 0.12750716332378229 0.15281757402101243
10 0.36461318051575936 0.05603311047437123 0.170487106017192 0.11206622094874245
71 0.15329512893982808 0.20248328557784148 0.12607449856733527 0.15027061445399556
11 0.4742120343839541 0.4941101560012735 0.4383954154727793 0.1630054122890799
35 0.1640401146131805 0.6545686087233364 0.12177650429799425 0.13244189748487742
35 0.6626074498567336 0.18847500795924865 0.12464183381088823 0.13753581661891115
8 0.044412607449856735 0.35275390003183704 0.08882521489971347 0.14008277618592804
8 0.7987106017191976 0.6456542502387773 0.13037249283667635 0.15027061445399553
4 0.04799426934097421 0.8022922636103152 0.09598853868194843 0.14772365488697858
67 0.931948424068768 0.6443807704552691 0.1361031518624641 0.15281757402101234
67 0.1683381088825215 0.8022922636103152 0.12750716332378226 0.13244189748487742
67 0.04154727793696275 0.19738936644380767 0.0830945558739255 0.13498885705189428
53 0.04871060171919771 0.943170964660936 0.09742120343839542 0.11365807067812796
53 0.8001432664756447 0.7946513849092645 0.1303724928366762 0.14772365488697872
53 0.5358166189111748 0.34893346068131165 0.12320916905444129 0.14262973575294488
8 0.5358166189111748 0.192295447309774 0.12607449856733532 0.1400827761859281
