81 0.5623305287319424 0.6324861764301661 0.06582833510942329 0.07907307520651435
81 0.5592170263956859 0.309077298835522 0.07027619558978969 0.09014330573542648
81 0.6948767710468624 0.31461241409997803 0.06760747930156995 0.08223599821477495
81 0.8229751528814159 0.31303095259584773 0.06582833510942322 0.0790730752065144
81 0.9541870370522255 0.31303095259584773 0.06493876301334993 0.0790730752065144
81 0.9515183207640058 0.4719678337609418 0.07561362816622946 0.08381745971890524
5 0.6290484359374391 0.5542038319757168 0.06582833510942322 0.08065453671064482
5 0.8870243437986924 0.39368548930649255 0.060490902532983455 0.0790730752065145
73 0.5151832076400581 0.5534131012236517 0.026687162882198693 0.07907307520651458
10 0.6317171522256588 0.7107685208846155 0.06760747930157002 0.08065453671064475
10 0.5134040634479117 0.7155129053970064 0.02846630707434528 0.07432869069412362
10 0.6299380080335123 0.3936854893064925 0.06760747930156981 0.08223599821477506
10 0.8816869112222528 0.47513075676920236 0.060490902532983594 0.08065453671064475
51 0.5618857426839058 0.5534131012236517 0.06849705139764317 0.07591015219825394
51 0.5116249192557649 0.309077298835522 0.021349730305758926 0.08065453671064478
11 0.7260117944094274 0.47592148752126756 0.20993901467329606 0.08223599821477506
38 0.6321619382736955 0.6324861764301662 0.06671790720549665 0.07274722918999331
38 0.9942177813755236 0.31303095259584773 0.011564437248952685 0.08223599821477506
64 0.5601065984917593 0.39131329705029705 0.07205533978193636 0.08381745971890538
54 0.5627753147799791 0.7147221746449413 0.06671790720549665 0.07274722918999331
54 0.6281588638413658 0.3122402218437826 0.06760747930156988 0.08065453671064475
51 0.9515183207640058 0.3897318355461668 0.06671790720549652 0.07749161370238418
20 0.6957663431429356 0.39605768156268795 0.0693866234937164 0.07432869069412362
20 0.8879139158947658 0.3138216833479129 0.06404919091727664 0.08065453671064471
20 0.9501839626198959 0.5534131012236517 0.06760747930156981 0.07591015219825394
20 0.5151832076400581 0.6340676379342964 0.026687162882198693 0.0759101521982538
