81 0.14469914040114612 0.8035657433938236 0.12034383954154727 0.14517669531996177
81 0.8767908309455588 0.8417701368990769 0.13753581661891104 0.16045845272206308
81 0.8803724928366762 0.2050302451448583 0.1389684813753581 0.160458452722063
81 0.8760744985673352 0.5297675899395097 0.1361031518624641 0.16809933142311365
81 0.3739255014326648 0.21776504297994267 0.13180515759312325 0.1553645335880293
81 0.1275071633237822 0.21521808341292584 0.12320916905444125 0.15027061445399556
5 0.25859598853868193 0.6622094874243871 0.11318051575931229 0.12734797835084366
5 0.9734957020057307 0.6953199617956065 0.05300859598853862 0.15281757402101248
5 0.7406876790830945 0.3693091372174467 0.13180515759312328 0.15281757402101237
5 0.03724928366762178 0.36803565743393823 0.07449856733524356 0.1451766953199618
73 0.04154727793696275 0.6558420885068449 0.0830945558739255 0.15027061445399553
10 0.7385386819484241 0.5221267112384591 0.1303724928366762 0.15791149315504613
10 0.25429799426934097 0.3667621776504298 0.12177650429799425 0.1477236548869787
10 0.2643266475644699 0.9393505253104106 0.12177650429799425 0.12129894937917868
10 0.044412607449856735 0.9393505253104106 0.08882521489971347 0.12129894937917868
10 0.13968481375358166 0.5093919134033748 0.12464183381088828 0.15791149315504618
10 0.9756446991404012 0.36166825851639606 0.04871060171919765 0.15791149315504616
11 0.44914040114613185 0.5208532314549507 0.3997134670487107 0.15027061445399562
40 0.9785100286532952 0.19356892709328244 0.04297994269340975 0.16300541228907992
2 0.1339541547277937 0.3667621776504298 0.12177650429799426 0.1477236548869787
45 0.8739255014326648 0.6825851639605222 0.13467048710601717 0.17319325055714735
45 0.0336676217765043 0.21776504297994273 0.0673352435530086 0.1451766953199618
52 0.8796561604584529 0.36421521808341295 0.13753581661891118 0.14772365488697864
70 0.14469914040114612 0.6634829672078957 0.11747851002865332 0.140082776185928
70 0.9713467048710601 0.8494110156001274 0.05730659025787972 0.1553645335880293
70 0.38467048710601714 0.3693091372174467 0.13610315186246422 0.13753581661891118
70 0.7435530085959886 0.21267112384590894 0.1289398280802294 0.15027061445399553
33 0.1468481375358166 0.9393505253104106 0.1160458452722063 0.12129894937917868
33 0.8739255014326648 0.9673670805475963 0.13753581661891118 0.06526583890480736
33 0.2507163323782235 0.2139446036294174 0.12320916905444125 0.15281757402101243
45 0.26146131805157596 0.807386182744349 0.1103151862464183 0.13244189748487742
42 0.043696275071633234 0.8073861827443488 0.08452722063037248 0.1426297357529448
52 0.3746418338108882 0.6685768863419292 0.11604584527220635 0.12989493791786053
81 0.6174785100286533 0.21649156319643426 0.12034383954154727 0.1630054122890799
