81 0.19269340974212035 0.3451130213307864 0.13323782234957018 0.16555237185609678
81 0.7650429799426933 0.3425660617637696 0.15472779369627518 0.18592804839223182
5 0.06303724928366762 0.5183062718879338 0.12607449856733524 0.1757402101241643
5 0.9219197707736391 0.533588029290035 0.15329512893982808 0.19611588666029917
73 0.9255014326647565 0.9126074498567336 0.14899713467048714 0.1747851002865329
73 0.06446991404011461 0.8646927730022286 0.12893982808022922 0.17064629099013046
10 0.9226361031518624 0.7360713148678764 0.15472779369627504 0.19866284622731611
10 0.33452722063037255 0.5208532314549508 0.13896848137535806 0.17064629099013057
10 0.19842406876790833 0.6914995224450812 0.13610315186246422 0.1757402101241643
10 0.40257879656160456 0.07895574657752308 0.2091690544412607 0.15791149315504616
2 0.1969914040114613 0.5195797516714422 0.14183381088825217 0.17319325055714743
45 0.06375358166189113 0.3412925819802611 0.1189111747851003 0.1680993314231137
70 0.923352435530086 0.3361986628462273 0.15329512893982808 0.19356892709328236
70 0.1977077363896848 0.8685132123527538 0.13467048710601723 0.17319325055714743
33 0.3273638968481375 0.34765998089780326 0.13610315186246422 0.17574021012416435
40 0.7636103151862464 0.5361349888570518 0.15759312320916904 0.1859280483922317
