81 0.16117478510028654 0.3311047437121936 0.14183381088825217 0.1680993314231137
81 0.7363896848137537 0.3298312639286851 0.15186246418338115 0.18592804839223176
5 0.04727793696275071 0.5055714740528494 0.09455587392550142 0.16555237185609678
5 0.9018624641833811 0.5221267112384591 0.16762177650429805 0.19356892709328236
73 0.9018624641833811 0.9036930913721745 0.16762177650429805 0.19261381725565102
73 0.049426934097421216 0.8545049347341611 0.09885386819484243 0.1655523718560967
10 0.8968481375358173 0.7233365170327921 0.18051575931232106 0.2037567653613501
10 0.3001432664756447 0.5157593123209169 0.13896848137535817 0.17574021012416424
10 0.1626074498567335 0.6864056033110474 0.1332378223495702 0.18083412925819795
40 0.7363896848137536 0.5183062718879338 0.15759312320916904 0.19102196752626546
2 0.166189111747851 0.5132123527539 0.14326647564469916 0.180834129258198
45 0.04512893982808022 0.3336517032792104 0.09025787965616044 0.17828716969118116
70 0.17478510028653294 0.8672397325692455 0.1489971346704871 0.17064629099013062
70 0.9011461318051576 0.32346386501114294 0.16905444126074498 0.18338108882521492
73 0.5866762177650431 0.5144858325374085 0.14183381088825228 0.1782871696911811
33 0.30873925501432664 0.3336517032792105 0.16189111747851004 0.1782871696911811
