81 0.2800859598853868 0.3553008595988538 0.12177650429799425 0.1349888570518943
81 0.7879656160458453 0.3361986628462273 0.1289398280802291 0.13753581661891118
81 0.9276504297994269 0.17191977077363899 0.1389684813753581 0.14517669531996177
81 0.9262177650429799 0.7946513849092645 0.13896848137535828 0.14772365488697872
81 0.7915472779369627 0.9368035657433939 0.1303724928366762 0.1263928685132123
81 0.044412607449856735 0.6622094874243871 0.08882521489971347 0.12225405921681003
5 0.16332378223495703 0.943170964660936 0.13180515759312322 0.11365807067812796
5 0.1497134670487106 0.3553008595988538 0.12177650429799426 0.1349888570518943
5 0.7901146131805157 0.1833810888252149 0.1303724928366762 0.14772365488697864
73 0.656160458452722 0.3349251830627189 0.12320916905444122 0.14008277618592807
10 0.9297994269340975 0.9393505253104106 0.13753581661891132 0.12129894937917868
10 0.7893982808022924 0.4890162368672397 0.12893982808022927 0.1630054122890799
10 0.9297994269340975 0.3336517032792105 0.13467048710601717 0.14262973575294488
10 0.27435530085959886 0.2037567653613499 0.12750716332378226 0.13753581661891112
10 0.35673352435530087 0.05985354982489649 0.15759312320916943 0.11970709964979298
71 0.1468481375358166 0.20503024514485835 0.12464183381088823 0.14517669531996183
11 0.47492836676217765 0.48774275708373127 0.43123209169054433 0.16555237185609678
10 0.1518624641833811 0.5055714740528494 0.13180515759312325 0.15027061445399562
35 0.15759312320916904 0.6583890480738619 0.12320916905444128 0.1298949379178606
35 0.6568767908309455 0.19229544730977394 0.1217765042979942 0.12989493791786053
8 0.04297994269340976 0.361668258516396 0.08595988538681952 0.14772365488697875
8 0.7929799426934098 0.6431072906717605 0.1303724928366762 0.14008277618592807
4 0.04512893982808022 0.8086596625278574 0.09025787965616044 0.14517669531996177
67 0.1654727793696275 0.804839223177332 0.13610315186246416 0.13244189748487756
67 0.9269340974212034 0.6405603311047438 0.13753581661891118 0.14517669531996177
67 0.03939828080229226 0.21267112384590894 0.07879656160458452 0.1553645335880293
53 0.04656160458452722 0.9418974848774276 0.09312320916905444 0.11620503024514477
53 0.7908309455587391 0.795924864692773 0.12893982808022927 0.14517669531996177
10 0.664756446991404 0.6456542502387773 0.11461318051575922 0.15027061445399553
