81 0.03151862464183381 0.9508118433619868 0.06303724928366762 0.09837631327602665
81 0.24426934097421202 0.9469914040114614 0.1303724928366762 0.10601719197707737
81 0.0329512893982808 0.44062400509391914 0.0659025787965616 0.13244189748487742
81 0.23209169054441262 0.43807704552690224 0.10888252148997132 0.13753581661891118
81 0.0336676217765043 0.7029608404966571 0.0673352435530086 0.13244189748487742
81 0.8567335243553008 0.6953199617956065 0.10888252148997139 0.13244189748487747
81 0.6511461318051576 0.44189748487742764 0.10171919770773648 0.12989493791786053
81 0.8588825214899714 0.44062400509391914 0.10458452722063029 0.13244189748487742
5 0.12177650429799428 0.5717924227952881 0.11174785100286534 0.12989493791786053
5 0.7514326647564471 0.5692454632282713 0.10458452722063029 0.119707099649793
5 0.9555873925501434 0.8239414199299585 0.08882521489971353 0.12480101878382684
73 0.7421203438395415 0.8226679401464503 0.11747851002865332 0.12225405921681003
73 0.12320916905444125 0.8366762177650431 0.11461318051575929 0.1298949379178606
10 0.9548710601719198 0.5705189430117796 0.09025787965616047 0.12225405921680987
10 0.7564469914040114 0.6991404011461317 0.10028653295128934 0.12989493791786058
10 0.23137535816618907 0.6991404011461319 0.10171919770773638 0.12480101878382684
10 0.33954154727793695 0.5654250238777458 0.10315186246418342 0.12734797835084366
10 0.39326647564469913 0.1566380133715377 0.1934097421203438 0.3081821076090417
71 0.8560171919770773 0.5743393823623051 0.10744985673352446 0.12480101878382677
71 0.34025787965616044 0.44062400509391914 0.10458452722063036 0.12734797835084366
71 0.0329512893982808 0.8328557784145176 0.0659025787965616 0.1273479783508438
1 0.22994269340974213 0.8290353390639923 0.10458452722063033 0.11970709964979306
1 0.0329512893982808 0.5692454632282713 0.0659025787965616 0.12989493791786053
1 0.7464183381088825 0.943170964660936 0.10601719197707737 0.11365807067812796
19 0.8574498567335244 0.8290353390639923 0.10744985673352431 0.11970709964979306
19 0.11962750716332378 0.43553008595988535 0.11318051575931232 0.13753581661891118
49 0.9548710601719198 0.9418974848774276 0.09025787965616047 0.11620503024514477
49 0.7521489971346704 0.4444444444444444 0.10028653295128918 0.12480101878382684
49 0.2342406876790831 0.5705189430117796 0.1103151862464183 0.12225405921680987
50 0.9541547277936963 0.4418974848774275 0.09169054441260754 0.11970709964979306
50 0.1189111747851003 0.952085323145495 0.11461318051575929 0.09582935370900998
