81 0.061352253756260425 0.3005008347245409 0.11602671118530884 0.12613615284733815
81 0.1790484140233723 0.43479873863847146 0.11101836393989985 0.12168428862919675
81 0.8217863105175292 0.7130402522723057 0.09766277128547571 0.1172324244110554
81 0.6206176961602671 0.4578000370988686 0.10100166944908175 0.12020033388981638
81 0.059682804674457426 0.8391764051196438 0.11268781302170282 0.129104062326099
81 0.17445742904841402 0.9549248747913188 0.11352253756260433 0.08755332962344639
10 0.3735392320534223 0.12020033388981637 0.12437395659432383 0.2344648488221109
10 0.724540901502504 0.3316638842515303 0.09849749582637728 0.12613615284733812
10 0.8259599332220366 0.4585420144685587 0.10100166944908195 0.10981265071415315
10 0.7228714524207013 0.585420144685587 0.05676126878130205 0.11129660545353375
10 0.17904841402337227 0.5750324615099239 0.06260434056761267 0.12613615284733817
10 0.2929883138564274 0.3094045631608236 0.11185308848080133 0.12613615284733815
51 0.2888146911519197 0.8406603598590243 0.10517529215358942 0.12316824336857735
10 0.81677796327212 0.9504730105731776 0.09432387312186975 0.09348914858096834
5 0.409432387312187 0.4451864218141347 0.11936560934891488 0.12762010758671857
57 0.1769616026711185 0.8391764051196438 0.11018363939899832 0.12613615284733826
47 0.7241235392320533 0.4540901502504173 0.09933222036727883 0.11871637915043592
47 0.28589315525876463 0.9534409200519385 0.10601001669449082 0.08458542014468548
63 0.05717863105175292 0.9504730105731776 0.11268781302170285 0.08458542014468548
63 0.06093489148580969 0.43183082915971055 0.11853088480801337 0.12762010758671857
30 0.2925709515859766 0.4377666481172324 0.10934891485809686 0.12465219810795773
73 0.17696160267111855 0.7056204785754034 0.11185308848080133 0.12613615284733812
73 0.8276293823038398 0.333889816360601 0.09766277128547586 0.12762010758671863
20 0.8159432387312187 0.8339825635318122 0.10434056761268778 0.11574846967167503
20 0.40692821368948245 0.31088851790020405 0.1143572621035058 0.12316824336857725
72 0.2896494156928214 0.7100723427935449 0.11185308848080129 0.12316824336857721
51 0.05884808013355593 0.704136523836023 0.11769616026711185 0.12613615284733812
26 0.1790484140233723 0.3049526989426823 0.11268781302170285 0.13503988128362085
11 0.4707846410684474 0.572064552031163 0.40233722871452426 0.10536078649601187
