81 0.6060933175918549 0.3338100435038301 0.0480603846957306 0.059473417226960736
81 0.9239043908984265 0.33464769726759014 0.04947392542207552 0.059473417226960736
81 0.922726440293139 0.4649028575322717 0.05654162905380076 0.04355799571552055
81 0.8171820660593775 0.3371606585588702 0.04900274517996067 0.06114872475448077
81 0.5104437284425088 0.33464769726759014 0.0188472096846003 0.061148724754480736
81 0.5118572691688539 0.5968333253244734 0.021674291137290354 0.059473417226960736
81 0.5123284494109682 0.46657816505979127 0.025443733074209492 0.05863576346320051
81 0.6077424484392576 0.5918074027419133 0.04758920445361554 0.059473417226960666
81 0.6084492188024301 0.7216437361247148 0.04900274517996046 0.05277218711688064
81 0.9248467513826557 0.7241566974159944 0.052301006874764584 0.05109687958936007
81 0.9231976205352538 0.5955768446788333 0.05277218711688064 0.05360984088064079
81 0.5127996296530839 0.7254131780616351 0.02073193065306036 0.050259225825600565
10 0.9752630372889621 0.6642644533071541 0.04476212300092541 0.058635763463200735
10 0.9757342175310771 0.400403517722751 0.04570448348515555 0.055285148408160796
10 0.8692474828130858 0.4686722994691918 0.034396157674395196 0.05779810969944073
10 0.6086848089234875 0.4678346457054318 0.037223239127085535 0.0577981096994408
10 0.6583943244666207 0.3999846908408709 0.0480603846957306 0.059473417226960666
10 0.5549702613223768 0.6588197038427142 0.052301006874765646 0.05612280217192073
10 0.6598078651929657 0.6604950113702341 0.04711802421150061 0.06114872475448081
10 0.8706610235394295 0.659238530724592 0.04570448348515335 0.05528514840816045
73 0.9764409878942496 0.724994351179755 0.0442909427588107 0.04774626453432063
73 0.5540279008381468 0.5314963317511925 0.05418572784322571 0.05612280217192058
5 0.6591010948297932 0.5310775048693127 0.04664684396938568 0.058635763463200735
5 0.5521431798696868 0.3983093833133509 0.052301006874765646 0.05779810969944066
5 0.8690118926920283 0.40124117148651095 0.05088746614842066 0.05696045593568066
5 0.9750274471679046 0.5323339855149526 0.046175663727270264 0.05779810969944066
38 0.6602790454350805 0.5951580177969533 0.04523330324304048 0.059473417226960805
38 0.6600434553140231 0.7237378705341149 0.045704483485155475 0.05360984088064057
38 0.9754986274100196 0.33339121662195015 0.0461756637272704 0.058635763463200735
38 0.8171820660593775 0.402497652132151 0.04806038469573068 0.05612280217192073
38 0.9229620304141963 0.6625891457796342 0.0513586463905358 0.058635763463200735
38 0.5130352197741413 0.5306586779874326 0.02026075041094522 0.056122802171920796
54 0.5123284494109687 0.400822344604631 0.019789570168830223 0.06449933980952088
54 0.8694830729341433 0.5951580177969533 0.04617566372727055 0.056122802171920796
73 0.6586299145876781 0.33590417791323013 0.05135864639053572 0.058635763463200694
81 0.7156427238835938 0.3392547929682702 0.05607044881168576 0.05863576346320066
73 0.8680695322077984 0.5314963317511925 0.04900274517996067 0.05612280217192058
20 0.5537923107170893 0.5951580177969533 0.051829826632650434 0.05277218711688072
20 0.5530855403539168 0.7237378705341149 0.052301006874765715 0.048583918298080564
20 0.8699542531762583 0.3354853510313502 0.04806038469573068 0.054447494644400685
20 0.9224908501720813 0.5319151586330726 0.050416285906305945 0.05360984088064072
54 0.6086848089234875 0.6567255694333142 0.04947392542207545 0.05528514840816072
51 0.6082136286813725 0.5281457166961525 0.047589204453615676 0.05444749464440072
51 0.5516719996275719 0.33255356285819004 0.053243367358995715 0.058635763463200694
51 0.922726440293139 0.39956586395899096 0.04900274517996081 0.05528514840816058
51 0.8704254334183733 0.7208060823609549 0.04806038469573053 0.05444749464440065
64 0.6065644978339699 0.3991470370771109 0.049002745179960595 0.05612280217192065
64 0.9750274471679046 0.5976709790882333 0.046175663727270264 0.05779810969944073
11 0.7408508668367466 0.4657405112960318 0.1611436428033319 0.050259225825600565
