81 0.17863105175292154 0.12836208495640883 0.10851419031719532 0.12910406232609906
81 0.4048414023372287 0.13429790391393062 0.10016694490818033 0.11723242441105547
81 0.8547579298831386 0.12613615284733815 0.10684474123539232 0.1305880170654795
81 0.8535058430717862 0.6841031348543871 0.11101836393989985 0.12465219810795773
81 0.853923205342237 0.9467631237247264 0.1118530884808014 0.09794101279910962
81 0.8547579298831386 0.4110554628083844 0.12353923205342227 0.08310146540530518
81 0.1857262103505843 0.6774253385271749 0.10601001669449081 0.12316824336857728
81 0.18363939899833057 0.9482470784641069 0.10684474123539232 0.09794101279910962
5 0.2942404006677797 0.5409015025041737 0.10601001669449082 0.12613615284733817
5 0.0659432387312187 0.26636987571879056 0.11352253756260433 0.12316824336857728
5 0.7378964941569283 0.2671118530884808 0.10517529215358934 0.12168428862919684
5 0.9570116861435727 0.5483212762010758 0.08263772954924875 0.12613615284733812
10 0.18572621035058431 0.40437766648117235 0.07429048414023373 0.12613615284733826
10 0.2942404006677796 0.267853830458171 0.10767946577629385 0.12020033388981638
10 0.7429048414023373 0.4125394175477648 0.08180300500834718 0.12465219810795766
10 0.9557595993322203 0.2671118530884808 0.08180300500834732 0.12762010758671863
10 0.9561769616026712 0.8273047672046002 0.08263772954924875 0.1320719718048599
10 0.06886477462437396 0.8206269708773882 0.11602671118530884 0.12168428862919684
11 0.4649415692821368 0.4051196438508626 0.34557595993322204 0.10981265071415315
81 0.6272954924874792 0.13503988128362085 0.10601001669449069 0.1276201075867186
73 0.738313856427379 0.5475792988313856 0.10601001669449076 0.12168428862919675
73 0.06803005008347246 0.5401595251344834 0.11936560934891485 0.12465219810795773
73 0.9570116861435727 0.951956965312558 0.07929883138564278 0.09052123910220743
38 0.9570116861435727 0.12391022073826746 0.08263772954924875 0.12613615284733815
38 0.29632721202003337 0.6803932480059359 0.10350584307178633 0.12316824336857721
38 0.29549248747913187 0.9467631237247264 0.10517529215358934 0.09200519384158781
38 0.8535058430717862 0.8191430161380078 0.11101836393989985 0.12168428862919668
38 0.6256260434056762 0.2708217399369319 0.10601001669449069 0.12910406232609908
20 0.06719532554257095 0.6781673158968651 0.11602671118530884 0.11278056019291398
20 0.06761268781302171 0.9467631237247264 0.11519198664440734 0.09200519384158781
20 0.4048414023372287 0.26933778519755147 0.10350584307178635 0.12020033388981638
20 0.8526711185308848 0.5475792988313856 0.10934891485809686 0.12465219810795766
20 0.7404006677796328 0.12836208495640883 0.10684474123539246 0.12316824336857726
54 0.18572621035058431 0.816175106659247 0.10434056761268781 0.12465219810795773
54 0.7424874791318865 0.6833611574846966 0.09265442404006663 0.1172324244110554
54 0.2917362270450751 0.12984603969578928 0.10767946577629381 0.12910406232609906
64 0.1815525876460768 0.267853830458171 0.10434056761268783 0.12316824336857728
64 0.9565943238731219 0.6885549990725284 0.08013355592654435 0.12465219810795766
51 0.8539232053422371 0.26562789834910033 0.10517529215358934 0.12168428862919684
51 0.06093489148580969 0.12168428862919681 0.11853088480801337 0.1335559265442404
51 0.18530884808013354 0.5409015025041737 0.10517529215358933 0.11723242441105547
10 0.29465776293823037 0.8191430161380079 0.10350584307178629 0.12762010758671863
