81 0.21368948247078465 0.3160823594880356 0.08514190317195322 0.10684474123539228
81 0.3038397328881469 0.4273789649415693 0.08681135225375627 0.10090892227787052
81 0.6757095158597664 0.4444444444444444 0.08931552587646081 0.10832869597477277
81 0.5767946577629383 0.3309219068818401 0.10016694490818033 0.10387683175663145
81 0.8576794657762937 0.6766833611574847 0.0909849749582638 0.10090892227787045
81 0.6773789649415692 0.8888888888888888 0.07929883138564271 0.10684474123539217
81 0.2111853088480801 0.756816917084029 0.08514190317195325 0.10387683175663141
10 0.7683639398998331 0.3361157484696717 0.09265442404006677 0.1112966054535337
10 0.8626878130217028 0.45038026340196624 0.09265442404006677 0.10239287701725097
10 0.7662771285475793 0.5564830272676683 0.05509181969949921 0.09200519384158788
10 0.8543405676126877 0.8970506399554813 0.09098497495826365 0.11129660545353375
10 0.20868113522537562 0.9578927842700797 0.08681135225375627 0.07568169170840293
10 0.30258764607679467 0.5394175477647931 0.05592654424040063 0.10239287701725097
73 0.8643572621035058 0.34205156742719345 0.09098497495826394 0.1083286959747727
73 0.30676126878130217 0.6559079948061585 0.0943238731218698 0.10387683175663141
63 0.20951585976627712 0.8621777035800409 0.08514190317195325 0.10387683175663127
63 0.7675292153589317 0.6737154516787238 0.0859766277128547 0.11278056019291427
63 0.5863939899833056 0.44073455759599334 0.07929883138564278 0.10684474123539232
63 0.21285475792988315 0.4251530328324986 0.0901502504173623 0.10536078649601187
10 0.4703672787979967 0.15729920237432757 0.11602671118530886 0.2136894824707846
26 0.30342237061769617 0.31830829159710633 0.08931552587646077 0.11129660545353363
30 0.40651085141903165 0.4347987386384715 0.11018363939899835 0.11278056019291412
81 0.7595993322203672 0.9719903542941941 0.08514190317195329 0.047486551660174285
57 0.6702838063439058 0.9741235392320537 0.08347245409015015 0.05175292153589269
57 0.30509181969949917 0.7620107586718605 0.09766277128547582 0.09348914858096834
81 0.3038397328881469 0.8651456130588017 0.09348914858096823 0.09497310332034871
51 0.21202003338898165 0.6447783342608051 0.0901502504173623 0.09942496753849013
22 0.6769616026711185 0.33240586162122054 0.09015025041736223 0.10981265071415326
47 0.7687813021702837 0.44741235392320533 0.08681135225375627 0.10536078649601194
10 0.7608514190317195 0.7864960118716379 0.08764607679465783 0.10387683175663141
63 0.8555926544240401 0.9749582637729549 0.09682804674457429 0.047486551660174285
20 0.8560100166944907 0.7827861250231868 0.09098497495826365 0.10239287701725104
72 0.7612687813021702 0.89259877573734 0.08848080133555924 0.10239287701725104
11 0.5304674457429047 0.5505472083101465 0.3130217028380634 0.10090892227787039
