81 0.2174457429048414 0.29753292524578 0.08931552587646077 0.1083286959747728
81 0.30759599332220366 0.4095715080690039 0.08764607679465772 0.10387683175663141
81 0.5880634390651085 0.3153403821183454 0.0959933222036728 0.10832869597477274
81 0.6807178631051752 0.4296048970506399 0.08931552587646074 0.09942496753849006
81 0.8660267111853088 0.6692635874605825 0.08764607679465783 0.1127805601929142
81 0.7629382303839733 0.9675384900760525 0.09015025041736223 0.056390280096457135
22 0.676126878130217 0.8799851604526049 0.08013355592654428 0.10090892227787043
81 0.2103505843071786 0.7360415507327025 0.08848080133555924 0.10090892227787052
10 0.2103505843071786 0.9497310332034873 0.09015025041736227 0.09794101279910962
10 0.768363939899833 0.7746243739565943 0.0909849749582638 0.10981265071415322
10 0.8597662771285477 0.8911148209979597 0.0884808013355594 0.1142645149322945
10 0.8702003338898163 0.4414765349656835 0.09432387312186975 0.09942496753849006
10 0.7796327212020036 0.32647004266369883 0.09181969949916537 0.10387683175663141
10 0.775459098497496 0.5453533667223149 0.05676126878130205 0.10536078649601187
10 0.3080133555926544 0.5208681135225376 0.048414023372287146 0.10387683175663141
10 0.4757929883138564 0.1394917455017622 0.11853088480801333 0.2166573919495455
63 0.21702838063439067 0.40437766648117235 0.09015025041736227 0.09645705805972923
63 0.21452420701168612 0.8451122240771656 0.09515859766277128 0.11129660545353375
63 0.8580968280467445 0.9734743090335745 0.09348914858096848 0.04748655166017443
63 0.7708681135225376 0.66110183639399 0.08764607679465783 0.10832869597477277
63 0.5851419031719532 0.4296048970506399 0.09849749582637735 0.10536078649601187
30 0.4031719532554257 0.41550732702652565 0.09015025041736223 0.1068447412353924
51 0.2153589315525877 0.6217770358004081 0.08347245409015028 0.10684474123539225
26 0.31010016694490816 0.29901687998516047 0.08931552587646077 0.11426451493229454
73 0.8739565943238732 0.3301799295121499 0.08848080133555924 0.10832869597477277
5 0.6807178631051752 0.66110183639399 0.08931552587646074 0.10536078649601194
30 0.6786310517529216 0.7716564644778324 0.07846410684474146 0.10090892227787045
22 0.6844741235392321 0.31830829159710633 0.09181969949916528 0.11426451493229454
47 0.776512390670554 0.43804664723032066 0.09019679300291557 0.10641399416909621
72 0.7658527696793004 0.8841107871720116 0.09183673469387756 0.10932944606413997
20 0.8646592565597669 0.782069970845481 0.09429664723032062 0.10932944606413997
11 0.5362609329446063 0.5415451895043731 0.3214285714285716 0.10349854227405259
