81 0.08889816360601001 0.29901687998516047 0.11435726210350584 0.13207197180486
81 0.20283806343906513 0.43108885179002043 0.10851419031719538 0.12020033388981638
81 0.090567612687813 0.8258208124652198 0.11602671118530884 0.12613615284733812
81 0.2036727879799666 0.9467631237247264 0.11018363939899835 0.10090892227787052
81 0.8451585976627713 0.6982007048785013 0.09599332220367274 0.12020033388981645
81 0.6410684474123539 0.43999258022630305 0.09515859766277139 0.1142645149322945
10 0.7454090150250416 0.3168243368577258 0.09849749582637728 0.12613615284733817
10 0.8501669449081802 0.4429604897050641 0.10100166944908168 0.11723242441105547
10 0.7437395659432389 0.572064552031163 0.0651085141903171 0.1172324244110554
10 0.19949916527545908 0.5646447783342609 0.07011686143572621 0.11723242441105555
10 0.8439065108514191 0.9437952142459655 0.10016694490818011 0.10387683175663141
10 0.39232053422370616 0.11129660545353368 0.12186978297161943 0.21962530142830644
10 0.31427378964941566 0.2982749026154702 0.10601001669449076 0.12465219810795769
63 0.08806343906510851 0.9467631237247264 0.11435726210350584 0.10090892227787052
63 0.08931552587646077 0.4296048970506399 0.11018363939899833 0.12020033388981638
63 0.7462437395659433 0.6967167501391208 0.09348914858096834 0.12020033388981638
73 0.8489148580968281 0.3183082915971063 0.10016694490818026 0.12020033388981638
47 0.7445742904841403 0.44296048970506396 0.10016694490818026 0.12316824336857721
47 0.3080133555926544 0.9467631237247264 0.09348914858096827 0.09794101279910962
26 0.20242070116861438 0.3005008347245409 0.10934891485809688 0.1291040623260991
51 0.08973288814691152 0.6937488406603598 0.11435726210350584 0.12613615284733826
22 0.6393989983305509 0.3131144500092747 0.09849749582637742 0.1276201075867186
30 0.31302170283806346 0.42886291968094975 0.10517529215358927 0.11871637915043592
5 0.42028380634390655 0.4385086254869226 0.09432387312186982 0.12020033388981638
20 0.8464106844741235 0.8184010387683176 0.10350584307178622 0.1172324244110554
