81 0.595575959933222 0.036356891114821 0.1093489148580968 0.06974587275088111
81 0.8234557595993323 0.04155073270265257 0.11602671118530879 0.07716564644778334
81 0.3651919866444074 0.02819514004822853 0.11268781302170286 0.05342237061769616
81 0.8063439065108514 0.5690966425524021 0.10350584307178622 0.13207197180486
81 0.8021702838063439 0.8443702467074755 0.10517529215358934 0.13058801706547954
81 0.12312186978297163 0.5564830272676684 0.12270450751252086 0.13652383602300133
81 0.11978297161936563 0.8451122240771656 0.12270450751252088 0.13503988128362082
10 0.9177796327212019 0.7122982749026155 0.1143572621035058 0.13355592654424028
10 0.9169449081803005 0.95863476163977 0.11602671118530879 0.07716564644778344
10 0.9353088480801336 0.1550732702652569 0.10767946577629388 0.13503988128362082
10 0.7040901502504172 0.29604897050639956 0.07595993322203669 0.12613615284733815
10 0.12729549248747915 0.2626599888703394 0.08764607679465777 0.1424596549805231
10 0.24624373956594325 0.12539417547764792 0.11853088480801337 0.14394360971990353
5 0.24582637729549248 0.4169912817659062 0.11602671118530886 0.13949174550176216
5 0.9240400667779634 0.43702467074754225 0.10684474123539232 0.12613615284733817
5 0.7045075125208681 0.15358931552587646 0.10684474123539232 0.13503988128362088
5 0.027963272120200333 0.1001669449081803 0.05258764607679465 0.14987942867742535
10 0.24457429048414028 0.6989426822481913 0.11519198664440727 0.13652383602300133
10 0.030050083472454095 0.7004266369875718 0.05676126878130217 0.13949174550176224
10 0.6944908180300502 0.7078464106844742 0.10851419031719545 0.12465219810795759
11 0.41569282136894825 0.2723056946763124 0.337228714524207 0.11723242441105547
73 0.9186143572621035 0.8517900204043777 0.1143572621035058 0.1365238360230012
73 0.7003338898163605 0.43331478389909106 0.10851419031719545 0.13355592654424037
80 0.24540901502504173 0.5579669820070489 0.11519198664440737 0.13058801706547954
80 0.8042570951585977 0.7078464106844742 0.10767946577629374 0.1305880170654794
80 0.9386477462437395 0.04155073270265257 0.11602671118530893 0.08310146540530514
27 0.48080133555926546 0.036356891114821 0.11185308848080126 0.06974587275088111
24 0.815525876460768 0.29159710628825836 0.11018363939899835 0.0905212391022074
78 0.12061769616026713 0.10981265071415322 0.12771285475792987 0.15433129289556669
78 0.5918196994991652 0.4303468744203302 0.1018363939899833 0.13355592654424037
81 0.5897328881469115 0.5683546651827119 0.10100166944908182 0.1216842886291969
81 0.36352253756260433 0.5594509367464293 0.1143572621035058 0.13058801706547954
73 0.029215358931552585 0.4088295306993135 0.058430717863105164 0.14394360971990341
78 0.02671118530884808 0.853273975143758 0.05342237061769616 0.14839547393804495
59 0.8192821368948248 0.1550732702652569 0.11602671118530893 0.13503988128362082
59 0.1172787979966611 0.9541828974216285 0.12270450751252088 0.0801335559265442
5 0.026293823038397324 0.9638286032276017 0.049248747913188645 0.06381005379335918
78 0.9207011686143572 0.5750324615099239 0.11185308848080126 0.13207197180486
60 0.1222871452420701 0.4080875533296235 0.12103505843071785 0.13652383602300128
37 0.12145242070116861 0.6989426822481914 0.12103505843071787 0.13355592654424042
68 0.36727879799666113 0.13578185865331108 0.1151919866444074 0.1469115191986644
68 0.8101001669449082 0.43554071600816174 0.10434056761268778 0.12910406232609908
55 0.696160267111853 0.5683546651827119 0.10684474123539232 0.12762010758671863
55 0.3639398998330551 0.41847523650528656 0.11185308848080129 0.13058801706547946
36 0.593906510851419 0.14913745130773512 0.10601001669449082 0.13800779076238176
24 0.8017529215358931 0.9564088295306994 0.10767946577629388 0.08458542014468563
24 0.028797996661101836 0.5557410498979781 0.05759599332220367 0.13503988128362088
