81 0.5708490354816527 0.3274103687487038 0.04872003703469161 0.05804940582856876
81 0.6721763465484847 0.33017462616911175 0.04509194917040602 0.05620656754829671
81 0.5731813776801219 0.4545662100874734 0.05131152836632417 0.048835214427208624
81 0.6752861361464437 0.4545662100874734 0.0523481248989772 0.048835214427208624
81 0.880273100478577 0.3251068208983636 0.04975663356734472 0.06081366324897683
81 0.9839327537438786 0.31865688691741156 0.030061299446937396 0.0571279866884327
81 0.9805638150127561 0.592318371537807 0.035762580376528914 0.06265650152924884
81 0.9810821132790827 0.7222384702969847 0.036799176909182024 0.05528514840816058
81 0.8763858634811282 0.5881719854071951 0.04923833530101831 0.0543637292680247
81 0.877163310880618 0.7176313745963047 0.052866423165303614 0.060813663248976864
81 0.5736996759464484 0.7010458300738566 0.04612854570305913 0.05712798668843263
81 0.5747362724791014 0.5761935365854268 0.047165142235712096 0.05620656754829668
5 0.932362076244391 0.7194742128765768 0.054421317964283275 0.05712798668843277
5 0.5239430423791038 0.513537035056178 0.04509194917040602 0.05252089098775265
5 0.6247520551796094 0.7019672492139923 0.05286642316530376 0.05344231012788882
10 0.932362076244391 0.6554355826371239 0.05234812489897706 0.06173508238911282
10 0.9331395236438809 0.5232119360276062 0.05390301969795658 0.05897082496870489
10 0.8266292299137836 0.3923704181282925 0.04509194917040602 0.060813663248976725
10 0.6242337569132829 0.5163012924765862 0.046646843969385614 0.05620656754829675
10 0.6263069499785888 0.6411535859650158 0.050793230099997616 0.05528514840816072
10 0.5265345337107363 0.6383893285446076 0.0440553526377532 0.055285148408160796
10 0.5231655949796141 0.3909882894180885 0.043537054371426506 0.058049405828568795
10 0.5254979371780834 0.7434311105201129 0.04509194917040602 0.01474270624217624
5 0.822741992916335 0.5204476786071982 0.05182982663265065 0.05528514840816072
11 0.9095569525260249 0.4564090483677454 0.1725933226867265 0.05252089098775265
73 0.9349535675760237 0.39052757984802045 0.054421317964283136 0.0571279866884327
73 0.6226788621143033 0.3900668702779525 0.046646843969385614 0.0543637292680247
71 0.5244613406454303 0.5743506983051548 0.04509194917040602 0.05252089098775265
71 0.5713673337479791 0.3909882894180885 0.04872003703469176 0.05620656754829668
47 0.9321029271112278 0.5890934045473311 0.05182982663265065 0.05620656754829682
47 0.982637008078062 0.3891454511378164 0.03161619424591691 0.0598922441088407
47 0.6219014147148135 0.3283317878888397 0.04612854570305906 0.05620656754829678
47 0.5742179742127749 0.6379286189745396 0.044055352637753134 0.0543637292680247
7 0.8774224600137813 0.5213690977473341 0.050274931833671134 0.055285148408160796
7 0.8258517825142938 0.32418540175822763 0.04872003703469147 0.05712798668843263
7 0.6729537939479745 0.39283112769836054 0.046646843969385544 0.05620656754829675
7 0.6263069499785888 0.579879213145971 0.04872003703469169 0.0543637292680247
8 0.9810821132790827 0.6577391304874639 0.035762580376528914 0.060813663248976864
8 0.8792365039459241 0.39237041812829254 0.05079323009999783 0.05712798668843277
8 0.5223881475801243 0.3251068208983636 0.04198215957244699 0.058970824968704746
8 0.5736996759464483 0.514919163766382 0.04820173876836499 0.0534423101278886
