81 0.18823038397328884 0.21294750510109442 0.10601001669449085 0.11426451493229456
81 0.1919866444073456 0.4778334260805044 0.10684474123539228 0.09794101279910966
81 0.40609348914858096 0.21888332405861619 0.11101836393989985 0.12020033388981634
81 0.6068447412353923 0.2211092561676869 0.1068447412353924 0.11278056019291409
81 0.827212020033389 0.21294750510109442 0.10517529215358934 0.10832869597477277
81 0.5630217028380635 0.03709886848451122 0.13606010016694492 0.07122982749026155
81 0.8217863105175292 0.7375255054720831 0.10100166944908168 0.11871637915043592
81 0.8230383973288815 0.9734743090335745 0.10517529215358934 0.04748655166017443
81 0.18948247078464106 0.7301057317751808 0.10016694490818027 0.10981265071415322
10 0.08055091819699499 0.6054535336672231 0.10601001669449081 0.11574846967167496
10 0.93322203672788 0.8762752736041551 0.11018363939899828 0.12316824336857735
10 0.7111853088480801 0.6121313299944352 0.10350584307178622 0.11723242441105555
10 0.9353088480801331 0.47931738081988484 0.07595993322203667 0.12168428862919663
10 0.40233722871452415 0.48154331292895564 0.06677796327212014 0.12316824336857728
81 0.1886477462437396 0.9667965127063625 0.10183639398998327 0.06084214431459842
5 0.07804674457429048 0.9697644221851234 0.10601001669449081 0.05193841587831571
5 0.2959098497495826 0.3465034316453348 0.09766277128547579 0.1112966054535337
5 0.9357262103505843 0.3442774995362642 0.10517529215358934 0.11278056019291412
11 0.6481636060100168 0.48154331292895564 0.35141903171953265 0.10239287701725097
73 0.07971619365609349 0.34279354479688373 0.10601001669449081 0.11574846967167503
73 0.2979966611018364 0.6054535336672231 0.1018363939899833 0.10981265071415315
73 0.9344741235392321 0.6099053978853646 0.1060100166944909 0.11574846967167503
73 0.7157762938230383 0.3502133184937859 0.10100166944908195 0.11574846967167493
71 0.931135225375626 0.7419773696902244 0.10767946577629374 0.11574846967167503
71 0.2959098497495826 0.2151734372101651 0.09766277128547579 0.11278056019291412
71 0.18948247078464106 0.8606937488406604 0.10016694490818027 0.10981265071415322
10 0.07929883138564274 0.8673715451678723 0.10517529215358933 0.10832869597477285
8 0.9386477462437395 0.20775366351326283 0.10434056761268792 0.11278056019291409
8 0.8192821368948248 0.8718234093860137 0.10601001669449076 0.11723242441105555
7 0.7124373956594323 0.9690224448154331 0.09432387312186975 0.05342237061769623
7 0.07971619365609349 0.7360415507327026 0.10767946577629382 0.11278056019291398
7 0.18989983305509184 0.3435355221665739 0.10267111853088483 0.11426451493229457
47 0.8263772954924877 0.3487293637544054 0.10016694490818052 0.11871637915043574
47 0.19156928213689484 0.6024856241884623 0.09933222036727883 0.11278056019291412
47 0.07679465776293824 0.20849564088295305 0.10684474123539234 0.12020033388981637
8 0.6101836393989983 0.3509552958634762 0.09682804674457443 0.11723242441105544
