81 0.5954682031321618 0.3107326823122419 0.05442131796428306 0.0635779206693848
81 0.7100121199903197 0.31626119715305795 0.05234812489897735 0.061735082389112746
81 0.8209279489841922 0.3130362301625819 0.053384721431630026 0.0626565015292488
81 0.9385816554403091 0.3098112631721059 0.05338472143163017 0.06357792066938477
81 0.9357310149755134 0.5908441009135895 0.058049405828568865 0.06726359722992889
81 0.9370267606413296 0.7249105858033792 0.0564945110295892 0.04975663356734458
81 0.5988371418632841 0.5866977147829773 0.05390301969795679 0.06265650152924884
81 0.5975413961974677 0.7221463283829712 0.050274931833671065 0.04975663356734472
81 0.9365084623750031 0.45170981075305167 0.05960430062754824 0.04699237614693665
5 0.5374187973035929 0.3784569891122388 0.05856770409489521 0.06449933980952088
5 0.654035907227057 0.5198948271231165 0.0513115283663241 0.06357792066938472
5 0.8779407582801078 0.38306408481291887 0.05338472143163028 0.06265650152924854
5 0.9834144554775517 0.5226590845435246 0.030061299446937396 0.0635779206693848
51 0.5081349452561453 0.2729544975666654 0.0031097895979590364 0.0009214191401359884
51 0.5358639025046135 0.3052041674714258 0.057531107562242244 0.059892244108840774
51 0.5972822470643046 0.5171305697027085 0.051829826632650795 0.059892244108840774
51 0.9359901641086765 0.37891769868230685 0.05338472143163017 0.05620656754829675
51 0.8769041617474548 0.7230677475231072 0.0523481248989772 0.04975663356734458
73 0.8763858634811283 0.6585684077135866 0.05442131796428321 0.06265650152924897
10 0.9839327537438782 0.6645576321244704 0.02902470291428429 0.06542075894965685
10 0.5397511395020622 0.6590291172836541 0.05493961623060969 0.058049405828568726
10 0.5985779927301208 0.45217052032311966 0.03576258037652899 0.060813663248976864
10 0.6537767580938936 0.38168195610271477 0.052866423165303475 0.06357792066938472
10 0.8802731004785771 0.45539548731359575 0.03835407170816154 0.061735082389112746
10 0.9831553063443885 0.37937840825237473 0.03057959771326381 0.06265650152924884
73 0.5397511395020622 0.5185126984129126 0.05804940582856865 0.0626565015292487
73 0.8766450126142915 0.5198948271231165 0.054939616230609827 0.0598922441088407
20 0.5397511395020623 0.5890012626333174 0.05701280929591576 0.059892244108840774
20 0.5397511395020622 0.7216856188129032 0.05804940582856865 0.04699237614693644
20 0.9352127167091868 0.5217376654033885 0.05390301969795658 0.05989224410884063
20 0.8789773548127607 0.3121148110224459 0.05442131796428342 0.05897082496870471
64 0.5965047996648147 0.3812212465326468 0.05234812489897713 0.06449933980952074
64 0.9836736046107152 0.5922262296237935 0.030579597713264094 0.0663421780897928
73 0.9844510520102048 0.7267534240836513 0.027988106381631326 0.04422811872652858
64 0.8188547559188861 0.5185126984129126 0.05338472143163017 0.05528514840816072
38 0.8196322033183759 0.3835247943829868 0.052866423165303475 0.06173508238911282
38 0.9834144554775517 0.30888984403196984 0.030061299446937396 0.06357792066938486
38 0.9370267606413296 0.6613326651339944 0.055457914496936385 0.060813663248976864
54 0.599873738395937 0.6571862790033822 0.05493961623060976 0.061735082389112676
54 0.8737943721494957 0.5913048104836574 0.05960430062754838 0.060813663248976794
54 0.6522218632949142 0.3102719727421739 0.05493961623060969 0.06449933980952079
