81 0.13647746243739567 0.16175106659246893 0.09766277128547582 0.11574846967167503
81 0.33722871452420705 0.16471897607122984 0.09515859766277124 0.11574846967167499
81 0.7479131886477463 0.1580411797440178 0.10016694490818026 0.11426451493229456
81 0.9603505843071787 0.1461695418289742 0.07262103505843086 0.11426451493229456
81 0.9561769616026712 0.6855870895937675 0.08096828046744577 0.11871637915043586
81 0.9545075125208681 0.941569282136895 0.08931552587646067 0.1112966054535336
81 0.741652754590985 0.6766833611574847 0.10100166944908182 0.11871637915043592
81 0.7420701168614358 0.9378593952884438 0.10183639398998338 0.11871637915043592
81 0.1431552587646077 0.6588759042849194 0.09098497495826377 0.11574846967167504
81 0.1439899833055092 0.9156000741977369 0.08931552587646077 0.0741977369690224
81 0.14232053422370616 0.413281394917455 0.1060100166944908 0.10239287701725097
81 0.3409849749582638 0.413281394917455 0.09933222036727876 0.09348914858096818
8 0.24123539232053426 0.29085512891856796 0.09515859766277131 0.10684474123539225
73 0.8580968280467443 0.29011315154887773 0.10350584307178634 0.11426451493229461
5 0.8535058430717863 0.9378593952884438 0.1060100166944909 0.10981265071415308
5 0.04507512520868114 0.5334817288072713 0.08681135225375627 0.10832869597477277
10 0.8551752921535893 0.5505472083101465 0.1060100166944909 0.11574846967167496
10 0.852671118530885 0.8102392877017252 0.1026711185308848 0.11871637915043592
10 0.6385642737896494 0.2886291968094973 0.09682804674457429 0.1112966054535336
10 0.5358931552587646 0.4140233722871453 0.05843071786310517 0.10981265071415329
10 0.24081803005008345 0.5342237061769616 0.09265442404006681 0.10981265071415322
10 0.24248747913188648 0.7813021702838063 0.0959933222036728 0.1112966054535336
10 0.04716193656093488 0.7731404192172139 0.09265442404006677 0.10387683175663141
10 0.04674457429048414 0.9808940827304766 0.08848080133555927 0.029679094787609016
10 0.04257095158597662 0.2856612873307364 0.08347245409015024 0.11426451493229454
5 0.24248747913188648 0.9044704136523837 0.09933222036727876 0.10536078649601194
5 0.6360601001669448 0.5460953440920052 0.1018363939899833 0.10684474123539232
81 0.5375626043405676 0.1632350213318494 0.09515859766277124 0.1187163791504359
71 0.045492487479131885 0.6499721758486366 0.09098497495826377 0.1068447412353924
47 0.8530884808013357 0.6803932480059359 0.10684474123539232 0.1172324244110554
47 0.9586811352253756 0.28417733259135597 0.07762938230383966 0.1172324244110554
47 0.23831385642737898 0.16620293081061027 0.0943238731218698 0.10981265071415323
47 0.1423205342237062 0.7775922834353552 0.0926544240400668 0.10981265071415322
71 0.13772954924874792 0.29085512891856796 0.09515859766277131 0.10981265071415319
8 0.9549248747913188 0.8191430161380078 0.08180300500834718 0.11871637915043592
8 0.746661101836394 0.2901131515488778 0.1026711185308848 0.11426451493229457
8 0.04090150250417361 0.1610090892227787 0.08013355592654423 0.11426451493229457
8 0.14106844741235391 0.535707660916342 0.09348914858096827 0.10684474123539232
7 0.6406510851419032 0.16026711185308848 0.09599332220367288 0.11278056019291412
7 0.7429048414023373 0.5512891856798368 0.1001669449081804 0.11129660545353368
7 0.3426544240400668 0.29382303839732893 0.1026711185308848 0.10981265071415326
7 0.2441569282136895 0.6581339269152291 0.09599332220367277 0.10536078649601194
11 0.8088480801335558 0.4147653496568355 0.33722871452420705 0.09942496753848999
