81 0.6140247040259255 0.6533925798237855 0.04142657121377482 0.04320637945851473
81 0.6557274523811255 0.6995448487908353 0.03866479979952317 0.039278526780468184
81 0.65489892095685 0.5144447913378799 0.04142657121377482 0.046152268967049895
81 0.6129199954602247 0.4633827065232715 0.04142657121377489 0.050080121645096724
73 0.65489892095685 0.6087132556110031 0.04032186264807422 0.044188342628026615
73 0.868383851278503 0.4815490251592379 0.02872242270821701 0.03731460044144448
85 0.6156817668744764 0.6995448487908356 0.041426571213774965 0.041242453119491526
85 0.6129199954602247 0.5124808649988566 0.04032186264807422 0.046152268967050034
10 0.6154055897330513 0.7368594492322801 0.0430836340623258 0.029458895085351173
10 0.6562798066639758 0.5620700050591974 0.03976950836522377 0.047134232136561635
10 0.6960493150291995 0.4697654671250976 0.038664799799523024 0.049098158475584984
10 0.8377281885803097 0.4800760804049704 0.03037948555676806 0.04418834262802648
10 0.866726788429952 0.5213185335244619 0.02761771414251669 0.03829656361095637
51 0.653241858108299 0.6548655245780531 0.03700773695097226 0.044188342628026546
71 0.65489892095685 0.7368594492322801 0.038112445516673005 0.03142282142437438
71 0.6140247040259255 0.6096952187805148 0.04032186264807422 0.046152268967050034
61 0.6971540235949003 0.5154267545073916 0.03976950836522377 0.04222441628900313
13 0.6560036295225505 0.4653466328622949 0.04032186264807422 0.050080121645096724
