81 0.19574290484140236 0.7345575959933223 0.10100166944908179 0.11574846967167489
81 0.19323873121869783 0.21072157299202374 0.09933222036727879 0.11278056019291412
81 0.6151919866444073 0.2218512335373771 0.09515859766277131 0.11426451493229454
81 0.833889816360601 0.21443145984047482 0.10684474123539232 0.12613615284733815
81 0.567195325542571 0.03709886848451122 0.14106844741235386 0.07122982749026155
81 0.8276293823038398 0.7390094602114635 0.10100166944908182 0.11574846967167489
81 0.19616026711185308 0.9675384900760525 0.1018363939899833 0.056390280096457135
5 0.30175292153589317 0.3465034316453348 0.09933222036727876 0.11723242441105547
5 0.942821368948247 0.3435355221665739 0.10767946577629388 0.12020033388981638
5 0.7149415692821368 0.9705063995548135 0.08931552587646081 0.056390280096457135
5 0.08305509181969951 0.9719903542941941 0.10601001669449082 0.047486551660174285
10 0.08722871452420701 0.6061955110369134 0.1026711185308848 0.11129660545353368
81 0.19908180300500836 0.4726395844926729 0.11268781302170282 0.08755332962344646
10 0.406093489148581 0.4837692450380263 0.06594323873121873 0.11871637915043592
10 0.9415692821368948 0.4763494713411239 0.07679465776293823 0.1276201075867184
10 0.9382303839732887 0.8762752736041551 0.10684474123539232 0.12316824336857735
10 0.7199499165275459 0.6091634205156743 0.10267111853088494 0.11723242441105547
73 0.3034223706176961 0.6069374884066037 0.09933222036727876 0.12168428862919684
73 0.7212020033388982 0.3494713411240957 0.1001669449081804 0.11426451493229454
73 0.9386477462437395 0.6113893526247449 0.11101836393989985 0.11871637915043592
73 0.08639398998330551 0.3435355221665739 0.10934891485809682 0.11723242441105547
7 0.19574290484140236 0.3450194769059544 0.0993322203672788 0.11129660545353368
7 0.08722871452420701 0.7375255054720831 0.10434056761268781 0.10684474123539232
81 0.8222036727879815 0.9763494713411237 0.1068447412353925 0.04730105731775258
81 0.40984974958263776 0.2211092561676869 0.10517529215358927 0.1216842886291968
8 0.9453255425709516 0.2099795956223335 0.10434056761268778 0.12020033388981637
8 0.8259599332220366 0.8733073641253941 0.10601001669449076 0.11426451493229464
47 0.8284641068447413 0.34576145427564464 0.10100166944908182 0.11278056019291412
47 0.082220367278798 0.21294750510109442 0.1026711185308848 0.11426451493229456
47 0.19616026711185308 0.6032276015581525 0.09849749582637729 0.1142645149322945
8 0.6143572621035058 0.3502133184937859 0.09682804674457429 0.11278056019291409
71 0.9386477462437395 0.7412353923205341 0.10767946577629388 0.11723242441105555
71 0.3000834724540901 0.2159154145798553 0.09766277128547582 0.11129660545353368
11 0.6652754590984975 0.47783342608050455 0.335559265442404 0.10684474123539232
81 0.014190317195325543 0.4756074939714338 0.02671118530884808 0.1083286959747727
10 0.08472454090150251 0.8703394546466333 0.10601001669449082 0.10832869597477285
