72 0.05258764607679466 0.2967909478760897 0.1018363939899833 0.1276201075867185
81 0.1636060100166945 0.43628269337785197 0.11686143572621038 0.13058801706547954
81 0.05175292153589315 0.8510480430346874 0.09849749582637729 0.13503988128362082
81 0.16485809682804678 0.9556668521610091 0.11435726210350589 0.08310146540530519
81 0.8130217028380635 0.7004266369875719 0.09181969949916521 0.11871637915043592
81 0.6623539232053424 0.38508625486922654 0.0025041736227045417 0.001483954739380451
81 0.6093489148580968 0.4451864218141347 0.10350584307178629 0.11871637915043586
63 0.7166110183639398 0.31905026896679656 0.09599332220367288 0.1216842886291968
10 0.815525876460768 0.4459283991838249 0.09348914858096818 0.12020033388981631
10 0.7145242070116862 0.5705805972917826 0.06677796327212007 0.11723242441105555
10 0.2800500834724541 0.30346874420330183 0.11268781302170282 0.1380077907623817
10 0.3643572621035059 0.1120385828232239 0.12437395659432386 0.21814134668892599
10 0.2783806343906511 0.841402337228714 0.10601001669449078 0.12762010758671855
10 0.812186978297162 0.9437952142459655 0.09348914858096818 0.10981265071415322
73 0.16277128547579298 0.7085883880541644 0.11519198664440737 0.12613615284733812
73 0.8176126878130217 0.3220181784455574 0.09933222036727883 0.1216842886291968
51 0.05175292153589317 0.4347987386384715 0.10016694490818033 0.1335559265442404
5 0.3906510851419032 0.4385086254869226 0.10016694490818026 0.12316824336857728
57 0.16485809682804675 0.842886291968095 0.11268781302170285 0.12465219810795773
63 0.05258764607679466 0.9571508069003895 0.1001669449081803 0.0771656464477833
51 0.0505008347245409 0.7093303654238545 0.0993322203672788 0.13058801706547954
22 0.8138564273789649 0.8184010387683176 0.09515859766277131 0.1112966054535336
20 0.39190317195325547 0.30421072157299206 0.10601001669449082 0.12465219810795776
30 0.27963272120200333 0.4370246707475422 0.10851419031719538 0.12020033388981631
47 0.7170283806343906 0.4451864218141347 0.09849749582637728 0.11574846967167496
26 0.16485809682804675 0.29679094787608973 0.11268781302170285 0.1335559265442404
72 0.2796327212020034 0.7085883880541644 0.10684474123539232 0.12613615284733812
22 0.6097662771285476 0.3160823594880356 0.10767946577629388 0.12168428862919684
10 0.16903171953255425 0.572064552031163 0.07595993322203672 0.12316824336857728
11 0.4315525876460768 0.5698386199220924 0.3472454090150251 0.12465219810795773
