81 0.6119732602194196 0.6756949273297355 0.04418834262802648 0.04517030579753822
81 0.6591995514031228 0.7203742515425178 0.04474069691087678 0.04418834262802648
81 0.6578186656959971 0.5190718017926192 0.04529305119372722 0.054007974323143484
81 0.6119732602194194 0.46260891954569644 0.04750246832512851 0.053026011153631813
73 0.869370356027674 0.48224818293593047 0.025408297011115195 0.03535067410242121
85 0.6130779687851202 0.7247930858053205 0.047502468325128576 0.04320637945851473
85 0.6103161973708686 0.5175988570383516 0.04639775975942797 0.053026011153631744
73 0.6583710199788473 0.6207049898370802 0.04308363406232573 0.047134232136561635
51 0.6589233742616978 0.6737310009907119 0.04639775975942797 0.04909815847558505
13 0.6589233742616978 0.4645728458847198 0.041978925496625054 0.05106208481460847
61 0.7022831854654487 0.5205447465468868 0.042531279779475566 0.051062084814608395
71 0.6105923745122936 0.6226689161761036 0.0480548226079788 0.049098158475584984
10 0.8679894703205483 0.5205447465468869 0.02485594272826475 0.03142282142437452
10 0.8423049961680078 0.4827391645206863 0.02761771414251669 0.036332637271933026
10 0.7022831854654489 0.46899168014752246 0.038112445516673005 0.054007974323143484
10 0.6558854257060208 0.5711158497767393 0.04253127977947564 0.05400797432314363
