81 0.16260744985673356 0.4444444444444444 0.10744985673352435 0.11461318051575929
81 0.26361031518624645 0.5654250238777458 0.0916905444126074 0.10187838268067495
81 0.1654727793696275 0.9028971665074818 0.1045845272206304 0.12480101878382684
81 0.7077363896848138 0.7106017191977076 0.0487106017191978 0.07131486787647248
73 0.7120473005409897 0.47747131979531515 0.053819111812433956 0.07845630521990372
73 0.2593123209169055 0.7819165870741801 0.08309455587392549 0.10187838268067495
85 0.16045845272206305 0.565425023877746 0.10601719197707737 0.12225405921681003
85 0.16618911174785098 0.9801018783826804 0.10315186246418334 0.03979624323463823
10 0.7106017191977076 0.5552371856096784 0.0487106017191978 0.07640878701050624
10 0.6532951289398281 0.6418338108882522 0.054441260744985696 0.09169054441260734
10 0.6540114613180514 0.47118751989812163 0.055873925501432636 0.09678446354664118
10 0.3588825214899714 0.4571792422795288 0.09025787965616054 0.1095192613817256
10 0.4297994269340974 0.2954473097739574 0.14326647564469916 0.20375676536134993
13 0.26647564469914037 0.4559057624960204 0.0945558739255014 0.10697230181470871
13 0.6575931232091691 0.5577841451766953 0.0601719197707736 0.07640878701050624
71 0.16404011461318052 0.7895574657752309 0.10458452722063039 0.11206622094874248
61 0.36031518624641834 0.5565106653931869 0.09025787965616047 0.09933142311365806
