81 0.2603407434402332 0.4584548104956268 0.11725583090379015 0.14139941690962096
81 0.2628006559766764 0.7463556851311952 0.11725583090379012 0.1311953352769679
10 0.719524416909621 0.46574344023323616 0.11397594752186592 0.13848396501457721
81 0.9487062682215744 0.46865889212827994 0.10003644314868794 0.14431486880466474
81 0.9462463556851313 0.7507288629737608 0.10167638483965007 0.1486880466472303
81 0.9519861516034988 0.17857142857142858 0.09511661807580182 0.10641399416909621
81 0.03771865889212829 0.16253644314868804 0.07215743440233237 0.0947521865889213
81 0.03894861516034986 0.4577259475218659 0.07625728862973762 0.1457725947521866
81 0.04181851311953353 0.7478134110787172 0.07871720116618076 0.13411078717201164
81 0.7195244169096212 0.7448979591836731 0.11725583090379053 0.13994169096209885
10 0.8363702623906707 0.6107871720116618 0.11643586005830912 0.1370262390670554
10 0.8392401603498543 0.18075801749271136 0.10413629737609341 0.13702623906705538
10 0.2619806851311954 0.17711370262390674 0.09429664723032072 0.1326530612244898
10 0.37636661807580185 0.6115160349854227 0.11315597667638488 0.1501457725947521
10 0.14308491253644318 0.6020408163265306 0.1205357142857143 0.13994169096209924
10 0.042228498542274055 0.979591836734694 0.07953717201166181 0.029154518950437306
10 0.6104682944606414 0.32434402332361517 0.10413629737609327 0.14431486880466474
5 0.37759657434402344 0.3236151603498542 0.11397594752186585 0.13994169096209913
5 0.1402150145772595 0.8877551020408163 0.11807580174927114 0.13994169096209916
5 0.835140306122449 0.889941690962099 0.11725583090379005 0.13848396501457713
5 0.8417000728862974 0.05247813411078717 0.11561588921282805 0.10204081632653061
5 0.13939504373177844 0.04883381924198251 0.11971574344023324 0.09183673469387756
73 0.14021501457725946 0.31559766763848396 0.11971574344023322 0.141399416909621
73 0.8359602769679302 0.32288629737609326 0.11889577259475231 0.14431486880466474
11 0.6092383381924195 0.05612244897959186 0.11315597667638483 0.10932944606414
10 0.37636661807580196 0.05174927113702625 0.1115160349854227 0.1034985422740525
71 0.834320335276968 0.4642857142857143 0.11069606413994165 0.12973760932944609
71 0.37677660349854236 0.45991253644314867 0.1090561224489796 0.13265306122448975
71 0.1402150145772595 0.7434402332361516 0.11151603498542276 0.1253644314868805
71 0.03853862973760933 0.04737609329446063 0.07215743440233237 0.08600583090379008
71 0.49321246355685133 0.05393586005830904 0.11069606413994165 0.10787172011661808
71 0.9507561953352771 0.05029154518950438 0.09101676384839649 0.10058309037900875
28 0.9466563411078718 0.6100583090379008 0.10085641399416914 0.13556851311953352
28 0.7199344023323616 0.32580174927113703 0.10823615160349846 0.13556851311953352
28 0.2595207725947522 0.3170553935860058 0.11397594752186592 0.13265306122448975
28 0.03976858600583091 0.6056851311953353 0.07625728862973762 0.12973760932944609
28 0.2632106413994169 0.8899416909620992 0.12299562682215746 0.13556851311953352
69 0.9458363702623908 0.8965014577259476 0.10249635568513128 0.1457725947521863
69 0.7158345481049563 0.6056851311953352 0.11479591836734684 0.13556851311953352
69 0.9487062682215744 0.326530612244898 0.09675655976676395 0.13411078717201166
69 0.2611607142857143 0.6034985422740524 0.11233600583090382 0.13702623906705547
69 0.03853862973760933 0.8884839650145773 0.07707725947521867 0.13265306122448975
69 0.03935860058309038 0.31413994169096215 0.07379737609329447 0.13556851311953355
8 0.8330903790087464 0.7463556851311953 0.11315597667638486 0.13411078717201178
8 0.14144497084548108 0.4591836734693878 0.12217565597667639 0.13411078717201158
8 0.2603407434402333 0.052478134110787174 0.11397594752186592 0.09329446064139942
8 0.7240342565597669 0.05393586005830904 0.10987609329446073 0.10495626822157435
11 0.5481505102040818 0.18731778425655976 0.34192784256559783 0.1151603498542274
8 0.6080083819241984 0.4672011661807581 0.10085641399416914 0.13265306122448983
