81 0.0446884110787172 0.739067055393586 0.08609693877551021 0.1428571428571429
81 0.0446884110787172 0.17346938775510204 0.08609693877551021 0.13119533527696794
53 0.2673104956268222 0.18002915451895046 0.11643586005830904 0.14431486880466474
81 0.7211643586005831 0.19533527696793004 0.10741618075801754 0.1370262390670554
81 0.9482962827988339 0.19387755102040816 0.09921647230320702 0.13411078717201166
81 0.9450163994169096 0.7594752186588921 0.1057762390670554 0.14285714285714277
53 0.2685404518950438 0.7383381924198251 0.1221756559766764 0.13265306122448972
5 0.7133746355685129 0.7463556851311957 0.11807580174927061 0.14577259475218632
5 0.15128462099125367 0.3185131195335277 0.1188957725947522 0.13848396501457727
5 0.834320335276968 0.3338192419825073 0.11561588921282805 0.13119533527696792
73 0.8322704081632655 0.6137026239067054 0.11643586005830896 0.13702623906705538
73 0.6022685860058309 0.33163265306122447 0.11561588921282791 0.1355685131195335
73 0.14841472303206996 0.6013119533527698 0.11479591836734693 0.13556851311953358
10 0.8339103498542275 0.8950437317784257 0.11643586005830912 0.14285714285714277
10 0.8355502915451897 0.4759475218658892 0.07871720116618079 0.12973760932944609
10 0.26936042274052485 0.46282798833819244 0.0696975218658892 0.13265306122448975
10 0.14636479591836732 0.88265306122449 0.11725583090379012 0.13556851311953352
81 0.04550838192419825 0.46282798833819244 0.08937682215743442 0.10349854227405253
81 0.9437864431486881 0.47521865889212833 0.10659620991253646 0.1166180758017493
71 0.6018586005830905 0.19533527696793002 0.1164358600583089 0.13411078717201164
71 0.2689504373177843 0.32142857142857145 0.11315597667638486 0.1326530612244898
53 0.04345845481049562 0.8862973760932945 0.08199708454810496 0.1428571428571429
53 0.3927660349854228 0.18731778425655976 0.1295553935860059 0.13848396501457724
53 0.9462463556851313 0.619533527696793 0.10331632653061235 0.13994169096209902
4 0.9470663265306123 0.8994169096209914 0.10167638483965052 0.13411078717201175
4 0.9470663265306123 0.33527696793002915 0.10003644314868808 0.13702623906705533
53 0.0463283527696793 0.31632653061224486 0.08281705539358601 0.13994169096209913
35 0.2685404518950438 0.5991253644314869 0.11069606413994172 0.1311953352769679
35 0.7191144314868805 0.33527696793002915 0.10659620991253646 0.12536443148688042
67 0.8367802478134112 0.19533527696793002 0.11233600583090393 0.1282798833819242
67 0.04509839650145773 0.6027696793002916 0.08363702623906706 0.13556851311953358
67 0.8330903790087464 0.7551020408163265 0.11151603498542287 0.12536443148688037
8 0.14923469387755103 0.18002915451895046 0.11807580174927114 0.14431486880466474
8 0.14882470845481055 0.7397959183673468 0.11889577259475213 0.12973760932944597
8 0.7146045918367347 0.6107871720116618 0.11397594752186592 0.1311953352769679
11 0.5547102769679302 0.47376093294460647 0.3238884839650147 0.11078717201166179
