81 0.2685404518950438 0.184402332361516 0.11397594752186588 0.1443148688046647
81 0.0463283527696793 0.17055393586005832 0.08937682215743442 0.14868804664723032
81 0.7207543731778426 0.19387755102040816 0.11315597667638486 0.14285714285714288
81 0.9482962827988339 0.19606413994169095 0.09757653061224487 0.13848396501457727
81 0.9400965743440234 0.47886297376093295 0.11397594752186592 0.09766763848396501
81 0.04673833819241983 0.4613702623906705 0.09019679300291546 0.09766763848396508
81 0.04550838192419825 0.7412536443148688 0.08609693877551022 0.13848396501457727
81 0.2701803935860059 0.7412536443148687 0.1205357142857143 0.13556851311953366
81 0.9450163994169096 0.759475218658892 0.10413629737609327 0.14577259475218668
71 0.7162445335276968 0.7507288629737607 0.12545553935860068 0.12827988338192403
5 0.1516946064139942 0.3206997084548105 0.11971574344023328 0.13994169096209907
5 0.835140306122449 0.33309037900874633 0.11561588921282805 0.13556851311953352
73 0.14800473760932945 0.6005830903790087 0.11561588921282798 0.13702623906705547
73 0.8326803935860059 0.6144314868804664 0.11397594752186592 0.13848396501457727
73 0.6022685860058309 0.33527696793002915 0.11889577259475217 0.13119533527696792
10 0.835140306122449 0.8986880466472303 0.11889577259475217 0.14723032069970843
10 0.14718476676384842 0.8819241982507292 0.1139759475218659 0.1370262390670552
10 0.2701803935860059 0.45991253644314867 0.07133746355685133 0.129737609329446
10 0.8330903790087464 0.4766763848396501 0.08035714285714292 0.12244897959183668
4 0.9478862973760934 0.33600583090379005 0.10003644314868808 0.1355685131195335
4 0.9458363702623908 0.9059766763848396 0.10413629737609341 0.15014577259475217
8 0.15005466472303208 0.1771137026239067 0.11807580174927117 0.14723032069970846
8 0.14800473760932945 0.7412536443148688 0.11725583090379009 0.13848396501457727
8 0.7158345481049563 0.6122448979591837 0.1082361516034986 0.13702623906705533
71 0.6145681486880467 0.1946064139941691 0.09429664723032069 0.12973760932944606
71 0.26731049562682224 0.32288629737609326 0.11315597667638488 0.1355685131195335
53 0.388256195335277 0.1902332361516035 0.12381559766763843 0.13848396501457724
53 0.04509839650145773 0.3185131195335277 0.09019679300291546 0.13265306122448975
53 0.042638483965014566 0.8862973760932945 0.08363702623906705 0.13702623906705522
53 0.9446064139941691 0.6180758017492711 0.10331632653061221 0.13994169096209924
67 0.8376002186588921 0.19606413994169095 0.11397594752186592 0.13556851311953355
67 0.04550838192419825 0.6005830903790088 0.08445699708454811 0.13411078717201164
67 0.8326803935860059 0.7507288629737608 0.11397594752186592 0.12827988338192425
35 0.2664905247813411 0.6013119533527697 0.11315597667638479 0.1268221574344024
35 0.71870444606414 0.3323615160349854 0.10741618075801754 0.13411078717201164
11 0.3829263848396502 0.3228862973760933 0.11151603498542272 0.13848396501457721
11 0.5493804664723032 0.46938775510204084 0.32470845481049565 0.10204081632653064
