81 0.1861333819241983 0.5451895043731778 0.12463556851311956 0.15160349854227406
81 0.6633564139941691 0.5699708454810497 0.11643586005830904 0.1457725947521866
81 0.9113975947521866 0.5670553935860058 0.12217565597667629 0.15451895043731775
81 0.906887755102041 0.870262390670554 0.12791545189504375 0.14868804664723043
5 0.30256924198250734 0.41034985422740516 0.12299562682215744 0.14723032069970848
5 0.054528061224489804 0.0925655976676385 0.10577623906705541 0.16472303206997085
5 0.7814322157434412 0.9672011661807579 0.12135568513119542 0.065597667638484
5 0.811361151603499 0.11151603498542265 0.1336552478134109 0.15306122448979573
81 0.9314868804664723 0.2689504373177843 0.134475218658892 0.1326530612244898
5 0.06723760932944607 0.9599125364431487 0.12627551020408165 0.08017492711370267
56 0.6682762390670556 0.41836734693877553 0.1229956268221575 0.15160349854227406
56 0.0643677113702624 0.551020408163265 0.1205357142857143 0.1457725947521865
73 0.05985787172011662 0.4067055393586005 0.11643586005830904 0.13994169096209907
73 0.7925018221574345 0.4183673469387755 0.11725583090379019 0.13994169096209907
73 0.5514303935860059 0.1282798833819242 0.12217565597667644 0.1457725947521866
10 0.3005193148688047 0.10714285714285714 0.13037536443148684 0.14723032069970846
10 0.17219387755102045 0.25947521865889217 0.09511661807580177 0.14577259475218657
10 0.8027514577259476 0.27769679300291544 0.08363702623906705 0.14723032069970843
10 0.783482142857143 0.7128279883381924 0.1205357142857143 0.1486880466472303
10 0.06928753644314871 0.6895043731778426 0.1287354227405248 0.1370262390670554
71 0.9409165451895045 0.10787172011661805 0.11725583090379019 0.16034985422740522
71 0.9089376822157437 0.719387755102041 0.12545553935860043 0.14723032069970843
71 0.781842201166181 0.8564139941690962 0.11889577259475217 0.12682215743440226
85 0.1701439504373178 0.09766763848396502 0.12545553935860057 0.14868804664723034
10 0.18941326530612243 0.6982507288629738 0.11643586005830907 0.13994169096209907
10 0.5559402332361517 0.41836734693877553 0.10659620991253646 0.1311953352769679
11 0.4887026239067056 0.26895043731778423 0.380466472303207 0.1268221574344023
13 0.6777059037900875 0.12099125364431487 0.1254555393586005 0.1457725947521866
13 0.181213556851312 0.40670553935860054 0.12299562682215745 0.14868804664723037
13 0.6613064868804667 0.706268221574344 0.11069606413994172 0.13556851311953352
51 0.7838921282798836 0.5663265306122449 0.11643586005830897 0.13556851311953352
51 0.06723760932944607 0.8345481049562682 0.12463556851311955 0.13848396501457727
61 0.9195973032069972 0.4190962099125365 0.11889577259475217 0.13265306122448975
61 0.3050291545189505 0.5612244897959183 0.11315597667638486 0.13702623906705547
