81 0.2615706997084548 0.4620991253644315 0.11807580174927121 0.1370262390670554
81 0.719524416909621 0.4672011661807581 0.11069606413994179 0.13265306122448983
81 0.9487062682215744 0.4679300291545189 0.09839650145772595 0.1370262390670554
81 0.9474763119533529 0.7529154518950437 0.10085641399416914 0.14139941690962105
81 0.949116253644315 0.17638483965014579 0.09757653061224503 0.10495626822157435
81 0.03894861516034986 0.15816326530612243 0.07625728862973762 0.09183673469387754
81 0.041408527696793006 0.45553935860058303 0.07625728862973762 0.14139941690962096
81 0.041408527696793006 0.7485422740524781 0.07953717201166181 0.13556851311953352
81 0.264030612244898 0.7434402332361516 0.11807580174927111 0.13702623906705524
5 0.3780065597667639 0.3214285714285714 0.11151603498542272 0.1355685131195335
5 0.8359602769679302 0.891399416909621 0.11397594752186592 0.14139941690962105
5 0.8400601311953353 0.05466472303206997 0.12053571428571416 0.10641399416909621
5 0.1389850583090379 0.047376093294460644 0.12053571428571429 0.09475218658892129
5 0.13939504373177844 0.8855685131195336 0.11807580174927113 0.14723032069970843
10 0.14144497084548108 0.6020408163265306 0.12217565597667639 0.1370262390670554
10 0.37636661807580185 0.6056851311953352 0.10823615160349853 0.14139941690962096
10 0.834320335276968 0.607871720116618 0.11397594752186592 0.13994169096209916
10 0.8417000728862974 0.18294460641399418 0.0778972303206997 0.1355685131195335
10 0.264850583090379 0.17419825072886297 0.07707725947521865 0.13848396501457727
10 0.37636661807580185 0.05029154518950438 0.11151603498542272 0.10058309037900875
10 0.6043185131195336 0.3250728862973762 0.11807580174927118 0.13411078717201172
10 0.03976858600583091 0.9810495626822157 0.07461734693877552 0.032069970845480925
73 0.140625 0.31195335276967934 0.12053571428571429 0.13994169096209916
73 0.8380102040816328 0.32434402332361517 0.11315597667638472 0.141399416909621
73 0.6092383381924199 0.05466472303206997 0.11315597667638486 0.10932944606413994
71 0.834320335276968 0.46501457725947515 0.11561588921282805 0.13411078717201164
71 0.3780065597667639 0.4620991253644315 0.11315597667638486 0.13411078717201164
71 0.140625 0.7470845481049563 0.11561588921282798 0.14139941690962105
71 0.04017857142857143 0.04518950437317784 0.07379737609329447 0.08746355685131196
71 0.4928024781341108 0.05029154518950438 0.11151603498542272 0.09475218658892129
71 0.9515761661807582 0.05102040816326531 0.09265670553935862 0.10204081632653061
8 0.8339103498542275 0.7485422740524781 0.11807580174927111 0.13556851311953352
8 0.1389850583090379 0.4591836734693878 0.11561588921282798 0.13411078717201158
8 0.6104682944606415 0.46574344023323616 0.09757653061224496 0.13556851311953358
8 0.7244442419825075 0.05612244897959184 0.10905612244897966 0.10932944606413995
8 0.2591107871720117 0.048833819241982504 0.11151603498542276 0.09475218658892129
69 0.9466563411078718 0.8965014577259476 0.10249635568513113 0.1486880466472303
69 0.949116253644315 0.32288629737609326 0.09757653061224503 0.12973760932944609
69 0.7182944606413995 0.6064139941690962 0.10987609329446059 0.13411078717201158
81 0.7174744897959183 0.7456268221574345 0.1082361516034986 0.13556851311953366
69 0.2623906705539359 0.6013119533527697 0.11479591836734696 0.13556851311953352
69 0.040588556851311956 0.3134110787172012 0.07789723032069971 0.13411078717201166
69 0.03853862973760933 0.8928571428571428 0.07707725947521867 0.1413994169096209
28 0.13816508746355682 0.9788629737609331 0.11725583090379005 0.0393586005830904
28 0.9458363702623908 0.60932944606414 0.10413629737609341 0.13994169096209907
28 0.719524416909621 0.326530612244898 0.11069606413994179 0.13411078717201166
28 0.2603407434402332 0.314868804664723 0.11233600583090382 0.13994169096209913
28 0.03976858600583091 0.6020408163265306 0.07953717201166181 0.1370262390670554
11 0.5571701895043732 0.1814868804664723 0.36488702623906705 0.1151603498542274
