81 0.588362426454087 0.5565708202495586 0.06466044754524532 0.0660747180514845
81 0.5901444072919482 0.7077280519563791 0.06313303539850736 0.06969525054745616
81 0.9422129071150759 0.6860048569805487 0.05651424942930902 0.06607471805148435
81 0.9447585940263065 0.5434463899516608 0.05651424942930858 0.06335931867950555
81 0.9546867729801036 0.26738078713381513 0.06007821110503102 0.03439505871173161
81 0.8340212133877952 0.26783335369581157 0.05905993634053928 0.03711045808371043
81 0.7128465164132407 0.2655705208858293 0.0651695849274914 0.0307745262157599
81 0.5822527778671347 0.263307688075847 0.06567872230973748 0.028059126843781142
5 0.525738528437826 0.31987850832540554 0.04429495225540386 0.0778414486633925
5 0.6504771870881023 0.4791819381481625 0.06262389801626135 0.06879011742346322
5 0.9877807028260954 0.4692254737842403 0.023420319583317167 0.06516958492749148
73 0.5280296466579328 0.4814447709581448 0.048877188695618586 0.07693631553939972
73 0.8879897759058751 0.47510883909019447 0.05702338681155521 0.06969525054745578
73 0.9857441532971114 0.6846471572945593 0.027493418641285388 0.06335931867950563
10 0.530066196186917 0.6339597023509547 0.05295028775358688 0.07603118241540685
10 0.5842893273961188 0.4031507557327558 0.04124012796192808 0.07241064991943497
10 0.8839166768479061 0.6163096064330925 0.05804166157604712 0.06969525054745616
10 0.6492043436324874 0.32440417394537024 0.062114760634015415 0.07422091616742087
10 0.890535462817104 0.40224562260876284 0.040730990579682214 0.07060038367144912
10 0.9849804472237423 0.6117839408131278 0.028002556023531612 0.07150551679544222
81 0.9493408304665203 0.3963622573028087 0.05651424942930902 0.049782321819611536
5 0.8915537375815963 0.32621444019335605 0.05905993634053914 0.0706003836714491
71 0.9498499678487664 0.32349904082137726 0.05447769990032498 0.07060038367144901
71 0.588871563836333 0.630339169854983 0.06262389801626128 0.06516958492749148
49 0.530066196186917 0.7108960178903544 0.05295028775358688 0.0760311824154067
49 0.9870169967527264 0.5411835571416788 0.02596600649454743 0.06788498429947033
49 0.5832710526316268 0.32304647425938077 0.06262389801626135 0.07693631553939966
50 0.829948114329827 0.4742037059662013 0.057023386811555096 0.06969525054745616
50 0.9406854949683379 0.6108788076891348 0.05345942513583296 0.06426445180349859
1 0.5860713082339799 0.4796345047101589 0.06415131016299931 0.07150551679544201
1 0.8884989132881204 0.5438989565136576 0.05600511204706294 0.06788498429947026
73 0.7734338649005178 0.26783335369581157 0.05600511204706308 0.03892072433169627
19 0.6517500305437174 0.5556656871255657 0.057023386811555096 0.0696952505474561
19 0.9447585940263061 0.471940873156219 0.053459425135832676 0.06516958492749148
19 0.8317300951676881 0.3239516073833737 0.05753252419380104 0.06969525054745614
50 0.5280296466579327 0.5574759533735515 0.05295028775358688 0.07150551679544201
11 0.7441584654213714 0.40360332229475226 0.1837985949908159 0.0660747180514845
49 0.8935902871105804 0.26647565400982226 0.05804166157604712 0.03982585745568922
