81 0.02910896501457726 0.7040816326530611 0.05821793002915452 0.14868804664723015
81 0.255420918367347 0.6989795918367346 0.1221756559766764 0.15889212827988325
81 0.7752824344023324 0.7142857142857143 0.11069606413994179 0.14868804664723037
81 0.028288994169096214 0.3826530612244898 0.05493804664723033 0.11224489795918366
81 0.2595207725947522 0.07798833819241982 0.13201530612244902 0.14723032069970846
81 0.7769223760932945 0.0794460641399417 0.13201530612244908 0.15306122448979592
81 0.9892948250728864 0.3870262390670554 0.018859329446063954 0.08600583090379012
81 0.028698979591836742 0.06924198250728862 0.05411807580174928 0.12390670553935859
5 0.12668549562682216 0.22011661807580174 0.132015306122449 0.15160349854227403
5 0.9056577988338194 0.23688046647230318 0.13037536443148695 0.15014577259475217
53 0.12996537900874638 0.5422740524781342 0.14185495626822156 0.14868804664723037
73 0.9027879008746357 0.5583090379008746 0.1311953352769679 0.16034985422740525
73 0.6453170553935861 0.23760932944606414 0.1295553935860059 0.1486880466472303
10 0.9044278425655977 0.8782798833819243 0.13119533527696803 0.16472303206997096
10 0.3878462099125365 0.23104956268221574 0.11971574344023331 0.1588921282798834
10 0.2607507288629738 0.38921282798833823 0.09183673469387753 0.14577259475218657
71 0.9064777696793006 0.40014577259475204 0.0795371720116617 0.15597667638483947
71 0.6473669825072886 0.08454810495626822 0.1205357142857143 0.14285714285714285
71 0.2603407434402332 0.23104956268221574 0.1287354227405248 0.1501457725947522
67 0.9019679300291545 0.7208454810495627 0.13283527696793002 0.15597667638483956
67 0.9093476676384842 0.07507288629737609 0.1311953352769679 0.15014577259475217
67 0.029518950437317792 0.5408163265306122 0.05575801749271138 0.14868804664723037
10 0.12463556851311954 0.8586005830903793 0.13119533527696794 0.1632653061224493
35 0.7777423469387756 0.8782798833819243 0.10905612244897953 0.14723032069970843
35 0.774872448979592 0.23760932944606414 0.1246355685131195 0.1486880466472303
35 0.2587008017492711 0.5459183673469388 0.12873542274052474 0.15014577259475217
53 0.3890761661807581 0.07507288629737609 0.12545553935860057 0.141399416909621
53 0.9851949708454812 0.5634110787172012 0.023779154518950348 0.1559766763848397
53 0.027059037900874647 0.8673469387755103 0.05083819241982509 0.1545189504373178
53 0.029518950437317792 0.2193877551020408 0.047558309037900884 0.15014577259475215
10 0.6502368804664723 0.5553935860058309 0.10331632653061212 0.14577259475218654
8 0.7683126822157434 0.5495626822157434 0.12791545189504375 0.1486880466472303
8 0.12586552478134114 0.6989795918367346 0.1303753644314869 0.15014577259475226
8 0.12586552478134114 0.0728862973760933 0.1287354227405248 0.13411078717201166
11 0.5776694606413995 0.3986880466472303 0.3714467930029155 0.12973760932944609
4 0.2529610058309038 0.8644314868804664 0.11889577259475224 0.14577259475218668
