81 0.14103498542274054 0.49854227405247814 0.12955539358600582 0.14577259475218654
81 0.1434948979591837 0.8090379008746357 0.13283527696793007 0.14577259475218668
81 0.39522594752186585 0.4963556851311954 0.13283527696792996 0.1472303206997084
81 0.6449070699708456 0.48688046647230315 0.11725583090379019 0.1486880466472303
81 0.8995080174927114 0.47376093294460647 0.13283527696793002 0.1457725947521866
81 0.9019679300291545 0.7871720116618076 0.13611516034985427 0.15743440233236142
81 0.9019679300291545 0.16180758017492713 0.14923469387755106 0.10204081632653061
81 0.6449070699708456 0.16909620991253643 0.1418549562682216 0.09329446064139942
5 0.512481778425656 0.052478134110787174 0.12791545189504375 0.10495626822157435
5 0.7674927113702625 0.3250728862973761 0.13283527696793002 0.14285714285714288
5 0.2714103498542274 0.8032069970845477 0.11971574344023336 0.1486880466472302
73 0.7699526239067056 0.7871720116618076 0.12299562682215737 0.1545189504373178
10 0.7699526239067056 0.6362973760932945 0.1246355685131195 0.14723032069970843
10 0.264850583090379 0.34548104956268216 0.1295553935860059 0.14868804664723037
10 0.26936042274052485 0.6494169096209913 0.1254555393586006 0.13848396501457727
5 0.03648870262390671 0.3491253644314869 0.06805758017492712 0.15306122448979592
10 0.04017857142857143 0.6632653061224489 0.07051749271137027 0.16034985422740525
10 0.03894861516034986 0.9511661807580175 0.07789723032069971 0.09766763848396494
10 0.029928935860058313 0.052478134110787174 0.059857871720116626 0.10495626822157435
73 0.2574708454810496 0.052478134110787174 0.12955539358600585 0.10495626822157435
10 0.767082725947522 0.04227405247813411 0.1270954810495627 0.08454810495626822
14 0.6424471574344024 0.326530612244898 0.12873542274052482 0.14577259475218657
41 0.7703626093294461 0.48323615160349853 0.12545553935860057 0.14431486880466465
41 0.3874362244897959 0.05174927113702624 0.1238155976676385 0.10349854227405247
25 0.03648870262390671 0.5043731778425653 0.07297740524781342 0.151603498542274
25 0.1402150145772595 0.34548104956268216 0.13447521865889214 0.151603498542274
25 0.901557944606414 0.6326530612244897 0.12873542274052469 0.142857142857143
12 0.12832543731778426 0.05029154518950438 0.12217565597667637 0.10058309037900875
11 0.20048287172011667 0.18950437317784258 0.39440597667638494 0.1370262390670554
43 0.26977040816326536 0.49854227405247814 0.12627551020408168 0.14868804664723037
43 0.6399872448979592 0.04591836734693878 0.12381559766763843 0.09183673469387756
6 0.1422649416909621 0.653061224489796 0.12381559766763849 0.14577259475218654
9 0.9011479591836736 0.3177842565597668 0.13119533527696803 0.1370262390670554
9 0.14595481049562684 0.9489795918367346 0.12955539358600585 0.09912536443148681
0 0.908527696793003 0.9358600583090378 0.13775510204081626 0.12244897959183675
31 0.03730867346938776 0.8228862973760933 0.07461734693877552 0.15597667638483956
