81 0.22918185131195337 0.4883381924198251 0.1254555393586006 0.14285714285714285
81 0.231231778425656 0.7762390670553936 0.11479591836734698 0.13265306122448975
81 0.7006650874635568 0.4897959183673469 0.11397594752186578 0.14285714285714277
81 0.9359967201166183 0.4832361516034986 0.1156158892128282 0.1413994169096211
81 0.9277970116618077 0.770408163265306 0.11397594752186592 0.15306122448979592
62 0.2263119533527697 0.3440233236151603 0.1295553935860059 0.14285714285714285
81 0.9423742711370263 0.1924198250728863 0.1152514577259474 0.1282798833819242
62 0.7014850583090378 0.34110787172011664 0.11233600583090364 0.1370262390670554
62 0.9318968658892129 0.6231778425655977 0.11397594752186592 0.13848396501457727
62 0.23451166180758024 0.9147230320699709 0.11479591836734696 0.13265306122448975
5 0.11233600583090379 0.924198250728863 0.12463556851311955 0.1253644314868805
5 0.3534074344023324 0.34329446064139946 0.1246355685131195 0.14723032069970846
5 0.08527696793002916 0.0532069970845481 0.12791545189504375 0.10349854227405247
5 0.8294005102040818 0.05466472303206997 0.11889577259475231 0.10932944606413994
5 0.8080812682215744 0.8994169096209913 0.1205357142857143 0.11953352769679285
81 0.020909256559766765 0.7908163265306123 0.04181851311953353 0.13848396501457727
73 0.5903790087463557 0.05685131195335277 0.11479591836734712 0.11370262390670555
73 0.8191508746355686 0.34110787172011664 0.11807580174927111 0.1370262390670554
10 0.1057762390670554 0.6348396501457726 0.13447521865889214 0.13556851311953338
10 0.8117711370262392 0.6231778425655977 0.10659620991253632 0.11807580174927111
10 0.8306304664723032 0.18950437317784258 0.08363702623906719 0.13411078717201166
10 0.22303206997084551 0.1967930029154519 0.0754373177842566 0.1399416909620991
10 0.3452077259475217 0.05976676384839648 0.12135568513119525 0.11953352769679296
11 0.5313411078717202 0.1946064139941691 0.3739067055393586 0.1326530612244898
82 0.8183309037900875 0.48104956268221577 0.11151603498542272 0.1253644314868805
82 0.35135750728862974 0.4934402332361516 0.11561588921282798 0.13556851311953344
82 0.1090561224489796 0.7849854227405249 0.12463556851311955 0.13265306122448975
73 0.09716654518950438 0.3403790087463557 0.1336552478134111 0.1559766763848397
17 0.9257470845481051 0.8979591836734694 0.11315597667638486 0.1253644314868805
17 0.9429664723032072 0.3389212827988338 0.10823615160349846 0.13556851311953358
17 0.2357416180758018 0.6362973760932945 0.11725583090379012 0.12390670553935862
82 0.46902332361516047 0.0597667638483965 0.11807580174927118 0.11661807580174928
82 0.9478862973760934 0.05612244897959183 0.10167638483965007 0.10349854227405247
87 0.8113611516034988 0.7631195335276968 0.11069606413994179 0.1268221574344024
87 0.708454810495627 0.05830903790087463 0.11151603498542272 0.11661807580174927
87 0.21975218658892134 0.05612244897959184 0.12299562682215752 0.11224489795918367
87 0.10249635568513121 0.49416909620991256 0.13447521865889214 0.14577259475218668
