81 0.12258564139941694 0.6253644314868805 0.1402150145772595 0.15743440233236158
81 0.1221756559766764 0.9416909620991254 0.14267492711370264 0.10495626822157433
81 0.9405065597667638 0.6107871720116619 0.11643586005830897 0.1545189504373178
81 0.9378644314868804 0.2587463556851308 0.1242711370262391 0.1093294460641399
81 0.661716472303207 0.2747813411078717 0.13775510204081642 0.1268221574344023
81 0.9437864431486881 0.9285714285714286 0.11151603498542287 0.13411078717201164
5 0.2509110787172012 0.9438775510204082 0.10659620991253646 0.11224489795918373
5 0.808491253644315 0.43731778425655976 0.13775510204081642 0.1574344023323615
73 0.2591107871720117 0.12609329446064138 0.13447521865889217 0.1618075801749271
10 0.8142310495626822 0.933673469387755 0.14267492711370264 0.12682215743440212
10 0.8134110787172013 0.7755102040816325 0.14103498542274054 0.16326530612244894
10 0.2607507288629738 0.4591836734693878 0.14103498542274054 0.14868804664723037
10 0.2554209183673469 0.794460641399417 0.11561588921282798 0.1720116618075801
10 0.8048013848396502 0.10058309037900875 0.1418549562682216 0.15451895043731778
10 0.024599125364431488 0.8039358600583091 0.049198250728862976 0.17346938775510196
14 0.6649963556851313 0.44897959183673464 0.1393950437317784 0.15160349854227398
41 0.8080812682215744 0.6049562682215743 0.1418549562682216 0.15160349854227406
41 0.39112609329446074 0.11734693877551022 0.12299562682215744 0.17055393586005835
25 0.11971574344023324 0.4569970845481049 0.1393950437317784 0.1559766763848396
12 0.11479591836734696 0.12026239067055393 0.1508746355685131 0.17055393586005832
43 0.257060860058309 0.6231778425655977 0.1254555393586006 0.15306122448979592
43 0.6645863702623908 0.11078717201166181 0.1369351311953352 0.16034985422740525
6 0.12422558309037901 0.8010204081632654 0.14185495626822156 0.1559766763848397
58 0.026649052478134115 0.6326530612244898 0.05001822157434403 0.15743440233236142
9 0.9400965743440234 0.4314868804664723 0.11889577259475231 0.15160349854227406
25 0.942146501457726 0.7762390670553936 0.11151603498542272 0.15889212827988344
77 0.9384566326530611 0.08965014577259475 0.1205357142857143 0.15306122448979592
