11 0.1709639212827988 0.629737609329446 0.1270954810495627 0.14285714285714282
81 0.17711370262390674 0.92201166180758 0.12463556851311954 0.14139941690962055
81 0.8863884839650146 0.31195335276967934 0.11479591836734698 0.09620991253644309
81 0.8794187317784258 0.6056851311953353 0.11069606413994165 0.13848396501457735
81 0.8777787900874636 0.8855685131195336 0.11397594752186592 0.13556851311953352
81 0.1598943148688047 0.03862973760932945 0.12791545189504375 0.0772594752186589
81 0.421055029154519 0.04518950437317784 0.12217565597667644 0.08746355685131196
81 0.660076530612245 0.045189504373177834 0.11807580174927129 0.09037900874635567
81 0.8990980320699709 0.04154518950437318 0.12217565597667644 0.08309037900874636
5 0.29764941690962105 0.4759475218658892 0.12791545189504375 0.13848396501457721
5 0.04755830903790087 0.15816326530612249 0.09347667638483964 0.15597667638483967
5 0.7744624635568513 0.16763848396501457 0.11397594752186592 0.13994169096209913
5 0.969615524781341 0.456997084548105 0.05165816326530617 0.1268221574344024
19 0.052068148688046635 0.4803206997084544 0.10413629737609327 0.15306122448979578
73 0.7687226676384842 0.46501457725947526 0.1057762390670554 0.1370262390670554
73 0.967155612244898 0.879737609329446 0.06149781341107882 0.13556851311953366
10 0.7662627551020407 0.747813411078717 0.102496355685131 0.13411078717201164
10 0.05534803206997086 0.7849854227405249 0.11069606413994172 0.15014577259475237
10 0.966335641399417 0.9759475218658892 0.0647776967930028 0.036443148688046705
10 0.9675655976676384 0.7412536443148687 0.06231778425655975 0.12973760932944614
10 0.9761752915451897 0.15962099125364432 0.045098396501457645 0.13848396501457727
10 0.29354956268221577 0.16690962099125364 0.12627551020408162 0.14723032069970846
10 0.1701439504373178 0.3250728862973761 0.08609693877551024 0.14285714285714288
10 0.775692419825073 0.31924198250728864 0.08035714285714278 0.13119533527696792
71 0.2927295918367347 0.04518950437317784 0.12299562682215746 0.08746355685131196
71 0.1767037172011662 0.7769679300291545 0.12545553935860063 0.1311953352769679
11 0.4792729591836735 0.32288629737609326 0.3599672011661808 0.12973760932944609
1 0.7674927113702625 0.607871720116618 0.1082361516034986 0.13994169096209916
1 0.17055393586005835 0.47521865889212833 0.13119533527696794 0.1370262390670554
19 0.8839285714285715 0.45845481049562686 0.10331632653061235 0.12390670553935862
19 0.6567966472303207 0.17055393586005832 0.11479591836734691 0.13994169096209913
19 0.29969934402332365 0.6231778425655976 0.1221756559766764 0.14139941690962096
49 0.04714832361516035 0.037172011661807586 0.0926567055393586 0.07142857142857144
5 0.04509839650145773 0.07798833819241983 0.0032798833819242023 0.0014577259475218795
49 0.1635841836734694 0.16107871720116618 0.13365524781341112 0.15306122448979592
49 0.7797922740524783 0.048104956268221574 0.11479591836734698 0.08746355685131196
49 0.9679755830903792 0.596938775510204 0.05985787172011655 0.12682215743440226
49 0.05657798833819243 0.9285714285714286 0.10987609329446066 0.13702623906705524
1 0.5407707725947524 0.04664723032069971 0.11069606413994172 0.0903790087463557
50 0.8777787900874636 0.7412536443148687 0.10905612244897966 0.12973760932944614
50 0.6539267492711371 0.46574344023323616 0.10741618075801754 0.12973760932944609
50 0.0528881195335277 0.6326530612244896 0.10249635568513121 0.14577259475218685
71 0.7597029883381924 0.8862973760932945 0.10741618075801754 0.1370262390670554
