81 0.6336756534739834 0.4760139722141872 0.05753252419380111 0.06969525054745616
81 0.8625329067935726 0.4791819381481625 0.05600511204706294 0.06879011742346322
81 0.9760705430344369 0.47963450471015895 0.045822364402142456 0.0660747180514845
81 0.9747976995788218 0.6212878386150537 0.04836805131337272 0.07060038367144905
81 0.9770888177989289 0.3334555051852996 0.04378581487315841 0.059738786183533815
81 0.5221745667621036 0.32711957331734903 0.0402218531974362 0.05792851993554795
81 0.5219199980709806 0.4742037059662013 0.03971271581519005 0.06788498429947033
81 0.5221745667621035 0.6190250058050712 0.041240127961928365 0.07150551679544201
81 0.6341847908562296 0.6163096064330925 0.0616056232517694 0.06607471805148442
5 0.5730883049867063 0.6896253894765203 0.06058734848727717 0.06788498429947026
5 0.9200654309873738 0.6918882222865028 0.05702338681155496 0.0669798511754773
5 0.9241385300453421 0.2741692855637622 0.06109648586952318 0.04797205557162567
5 0.5738520110600756 0.2714538861917834 0.06007821110503144 0.04616178932363981
10 0.5733428736778292 0.5475194890096293 0.0600782111050313 0.06607471805148435
10 0.6922264524322767 0.5470669224476328 0.05651424942930902 0.06879011742346322
10 0.9205745683696199 0.5497823218196116 0.05804166157604712 0.06516958492749154
10 0.9254113735009571 0.3361709045572785 0.044294952255404495 0.06516958492749148
10 0.6336756534739835 0.3361709045572784 0.04225840272642031 0.06335931867950563
10 0.6924810211233998 0.2723590193157763 0.054986837282570915 0.04616178932363983
10 0.5221745667621035 0.738502578172139 0.03818530366845202 0.02262832809982342
71 0.9210837057518658 0.478729371586166 0.05804166157604726 0.0660747180514845
71 0.7497589766260776 0.27326415243976926 0.053459425135832815 0.047972055571625705
71 0.6917173150500306 0.4782768050241695 0.05651424942930916 0.06697985117547738
5 0.6919718837411536 0.40677128822872743 0.057023386811555096 0.06879011742346314
73 0.5743611484423213 0.40405588885674876 0.05905993634053907 0.06697985117547738
73 0.9210837057518658 0.40903412103870984 0.05804166157604726 0.06788498429947026
71 0.5738520110600753 0.6176673061190819 0.06007821110503116 0.07060038367144912
11 0.7787798074141012 0.33571833799528195 0.17463412211038729 0.05521312056356919
71 0.9770888177989289 0.2714538861917834 0.04378581487315841 0.04797205557162567
73 0.8072915008198788 0.27371671900176575 0.055495974664817 0.05068745494360453
71 0.5211562919976115 0.27054875306779047 0.03818530366845202 0.04073099057968218
28 0.9750522682699447 0.5488771886956186 0.047858913931126776 0.06516958492749148
28 0.8620237694113265 0.4081289879147169 0.054986837282570915 0.06607471805148435
28 0.6331665160917375 0.40405588885674876 0.05651424942930909 0.06516958492749154
28 0.5229382728354726 0.5470669224476328 0.040730990579682075 0.06879011742346322
28 0.6354576343118445 0.6927933554104956 0.05804166157604719 0.06697985117547745
69 0.9747976995788218 0.6959613213444711 0.04836805131337272 0.06969525054745616
69 0.8604963572645886 0.5488771886956186 0.05905993634053928 0.06879011742346314
69 0.6341847908562295 0.5461617893236399 0.057532524193800894 0.06335931867950556
69 0.5216654293798575 0.6927933554104956 0.03716702890396 0.06335931867950549
69 0.5201380172331195 0.40496102198074163 0.0402218531974362 0.07060038367144912
8 0.5728337362955833 0.4760139722141872 0.05804166157604712 0.06969525054745616
8 0.9200654309873738 0.6190250058050714 0.05600511204706308 0.06788498429947033
8 0.8645694563225568 0.27371671900176575 0.056005112047063224 0.04887718869561862
8 0.6339302221651065 0.27281158587777277 0.05600511204706308 0.04344638995166092
8 0.5728337362955831 0.7394077112961318 0.05905993634053921 0.026248860595795093
81 0.8604963572645888 0.6190250058050711 0.05905993634053928 0.06607471805148424
8 0.8070369321287558 0.47691910533818016 0.05295028775358673 0.0660747180514845
10 0.8037275391441565 0.41039182072469926 0.05753252419380118 0.06879011742346329
