81 0.23000182215743442 0.11370262390670555 0.1041362973760933 0.12536443148688048
81 0.6408072157434402 0.12973760932944609 0.10085641399416907 0.11370262390670555
81 0.8572795189504372 0.11224489795918371 0.11069606413994194 0.12244897959183682
81 0.8269405976676384 0.6158892128279884 0.10085641399416914 0.12390670553935848
81 0.8281705539358601 0.8622448979591837 0.10331632653061235 0.13265306122448992
81 0.2349216472303207 0.6034985422740524 0.10085641399416911 0.11370262390670546
81 0.04263848396501458 0.5962099125364432 0.08527696793002916 0.11661807580174938
81 0.043048469387755105 0.8454810495626822 0.08281705539358601 0.11953352769679298
81 0.24148141399416914 0.8447521865889214 0.09757653061224492 0.12099125364431472
81 0.031158892128279884 0.0932944606413994 0.06231778425655977 0.11661807580174927
81 0.03853862973760933 0.3556851311953353 0.07543731778425657 0.07871720116618075
81 0.8417000728862974 0.3753644314868805 0.10085641399416914 0.09475218658892125
56 0.13652514577259475 0.5962099125364432 0.09757653061224492 0.11661807580174938
56 0.6326075072886298 0.4956268221574344 0.09593658892128289 0.11661807580174938
56 0.11807580174927114 0.09766763848396501 0.10823615160349853 0.1282798833819242
56 0.04099854227405248 0.9511661807580174 0.08199708454810496 0.08309037900874629
5 0.13693513119533526 0.9540816326530611 0.10495626822157433 0.09183673469387756
5 0.33249817784256563 0.49125364431486873 0.1041362973760933 0.1282798833819242
5 0.11930575801749271 0.2303206997084548 0.1106960641399417 0.1282798833819242
5 0.744533527696793 0.24635568513119532 0.10331632653061221 0.11953352769679298
5 0.9413265306122446 0.49562682215743437 0.10823615160349856 0.11953352769679304
73 0.1307853498542274 0.4766763848396501 0.10249635568513121 0.12244897959183668
11 0.7351038629737607 0.4978134110787172 0.09593658892128312 0.10932944606413988
73 0.932716836734694 0.8702623906705539 0.10249635568513128 0.1253644314868805
85 0.041408527696793006 0.47886297376093295 0.08281705539358601 0.12973760932944614
85 0.22467201166180759 0.23469387755102042 0.10167638483965018 0.1282798833819242
85 0.545280612244898 0.1268221574344023 0.0819970845481049 0.10787172011661805
85 0.23820153061224494 0.7230320699708455 0.09593658892128286 0.11370262390670562
10 0.9347667638483966 0.7412536443148687 0.10167638483965007 0.11807580174927111
10 0.7293640670553936 0.7325072886297376 0.09265670553935862 0.11224489795918373
10 0.9540360787172014 0.23979591836734696 0.09101676384839649 0.12973760932944609
10 0.3320881924198251 0.2434402332361516 0.10331632653061223 0.12244897959183675
10 0.2295918367346939 0.369533527696793 0.07379737609329443 0.1122448979591837
10 0.7412536443148688 0.3768221574344024 0.06887755102040813 0.13265306122448983
10 0.13980502915451898 0.7201166180758016 0.10577623906705541 0.12244897959183661
51 0.7457634839650146 0.12026239067055393 0.1057762390670554 0.10349854227405249
51 0.727314139941691 0.618804664723032 0.10331632653061235 0.11516034985422742
51 0.13693513119533526 0.8389212827988339 0.09839650145772595 0.10932944606413983
13 0.938456632653061 0.6180758017492715 0.10905612244897968 0.116618075801749
13 0.826530612244898 0.9635568513119533 0.09839650145772595 0.06705539358600589
13 0.9577259475218659 0.10860058309037901 0.07871720116618079 0.12682215743440234
13 0.6403972303206997 0.24927113702623907 0.1049562682215744 0.11661807580174927
13 0.23205174927113703 0.48542274052478135 0.10003644314868804 0.12244897959183675
71 0.8318604227405249 0.7346938775510204 0.10413629737609327 0.1078717201166181
71 0.8515397230320702 0.23833819241982507 0.09593658892128289 0.11807580174927111
61 0.33290816326530615 0.1268221574344023 0.09511661807580175 0.11661807580174927
61 0.8376002186588923 0.4978134110787172 0.09757653061224503 0.11516034985422735
11 0.4899325801749272 0.3680758017492712 0.328808309037901 0.10349854227405249
61 0.03238884839650146 0.22886297376093281 0.061497813411078725 0.13119533527696783
10 0.9323068513119535 0.9686588921282799 0.10331632653061235 0.06268221574344025
