81 0.2599307580174927 0.7040816326530613 0.12955539358600585 0.15160349854227412
81 0.7752824344023324 0.7164723032069971 0.11725583090379005 0.15014577259475204
81 0.7761024052478135 0.08090379008746357 0.1336552478134111 0.1588921282798834
81 0.2607507288629738 0.07142857142857142 0.12955539358600585 0.14285714285714285
81 0.029518950437317785 0.0685131195335277 0.05739795918367348 0.13119533527696794
81 0.02910896501457726 0.3833819241982508 0.05821793002915452 0.10787172011661803
81 0.030338921282798845 0.7011661807580175 0.057397959183673485 0.15743440233236158
8 0.1254555393586006 0.22157434402332357 0.13119533527696794 0.15743440233236144
5 0.9072977405247815 0.23833819241982507 0.12873542274052469 0.15014577259475217
73 0.9031978862973762 0.5590379008746356 0.12873542274052482 0.15889212827988344
73 0.646137026239067 0.23979591836734696 0.1229956268221575 0.15306122448979592
73 0.12832543731778426 0.5408163265306122 0.132015306122449 0.15160349854227412
71 0.2615706997084548 0.23104956268221574 0.12627551020408168 0.15306122448979592
10 0.9031978862973762 0.881195335276968 0.13529518950437322 0.16763848396501457
10 0.6399872448979592 0.5510204081632653 0.12873542274052469 0.1428571428571429
10 0.9072977405247812 0.400874635568513 0.0860969387755101 0.13994169096209907
10 0.2669005102040817 0.38848396501457727 0.10249635568513121 0.14139941690962105
10 0.3849763119533528 0.23177842565597667 0.11397594752186592 0.15160349854227406
71 0.6473669825072886 0.08090379008746355 0.12217565597667644 0.14723032069970846
10 0.1221756559766764 0.8622448979591837 0.13283527696793004 0.15014577259475217
81 0.25378097667638483 0.9708454810495627 0.13201530612244902 0.04664723032069972
8 0.12504555393586006 0.06778425655976676 0.132015306122449 0.13556851311953352
8 0.7695426384839651 0.5597667638483965 0.12381559766763843 0.1457725947521866
8 0.12586552478134114 0.7018950437317784 0.132015306122449 0.15306122448979578
53 0.3862062682215744 0.07580174927113702 0.11807580174927111 0.14868804664723032
53 0.031568877551020426 0.22230320699708458 0.05821793002915455 0.15014577259475217
53 0.027469023323615165 0.8658892128279884 0.05493804664723033 0.1545189504373178
35 0.7736424927113703 0.24052478134110786 0.1254555393586007 0.13994169096209913
35 0.7744624635568513 0.8790087463556852 0.11889577259475217 0.14577259475218654
35 0.2591107871720117 0.5488338192419825 0.12627551020408168 0.15306122448979592
67 0.9031978862973762 0.7193877551020408 0.1336552478134111 0.1588921282798834
67 0.9113975947521866 0.07653061224489796 0.12873542274052482 0.15306122448979592
67 0.029518950437317785 0.5408163265306122 0.052478134110787174 0.14577259475218654
11 0.576439504373178 0.3957725947521865 0.3837463556851313 0.11516034985422742
81 0.9839650145772596 0.7223032069970844 0.02623906705539355 0.1559766763848397
53 0.9868349125364432 0.5590379008746356 0.020499271137026227 0.15014577259475217
53 0.9966745626822157 0.7026239067055394 0.004099854227405188 0.002915451895043759
53 0.9901147959183675 0.3921282798833819 0.018859329446064235 0.09329446064139944
