81 0.060267857142857144 0.48906705539358597 0.1090561224489796 0.11224489795918366
81 0.2669005102040817 0.49052478134110783 0.09921647230320702 0.10932944606413997
81 0.26731049562682224 0.7339650145772595 0.09019679300291546 0.12390670553935848
81 0.06313775510204082 0.733965014577259 0.10495626822157435 0.11516034985422734
81 0.264850583090379 0.956268221574344 0.0951166180758018 0.08746355685131192
81 0.8417000728862974 0.7201166180758016 0.09757653061224487 0.11661807580174922
81 0.844569970845481 0.48542274052478135 0.09511661807580182 0.11078717201166179
81 0.651466836734694 0.48542274052478135 0.09593658892128282 0.11078717201166179
81 0.8474398688046648 0.2463556851311953 0.09593658892128289 0.07871720116618075
81 0.8527696793002916 0.03206997084548105 0.10495626822157447 0.0641399416909621
81 0.6555666909620993 0.03498542274052478 0.09593658892128289 0.06997084548104957
81 0.4612336005830905 0.033527696793002916 0.09265670553935862 0.06705539358600583
81 0.26444059766763856 0.030612244897959173 0.09921647230320702 0.061224489795918345
81 0.05329810495626823 0.02186588921282799 0.10003644314868806 0.04373177842565598
81 0.05657798833819243 0.23833819241982507 0.11315597667638486 0.0889212827988338
5 0.15907434402332363 0.1224489795918367 0.10495626822157438 0.11370262390670552
5 0.364067055393586 0.369533527696793 0.09347667638483965 0.12099125364431494
5 0.1668640670553936 0.8520408163265307 0.10085641399416911 0.10932944606413983
5 0.9454263848396502 0.36370262390670555 0.09839650145772595 0.1122448979591837
5 0.7502733236151607 0.13119533527696794 0.09511661807580174 0.11370262390670556
73 0.16645408163265307 0.369533527696793 0.10331632653061228 0.11807580174927111
73 0.7490433673469387 0.36880466472303214 0.09429664723032072 0.107871720116618
73 0.9441964285714286 0.7237609329446064 0.09921647230320715 0.11807580174927111
10 0.16727405247813415 0.6071428571428571 0.10167638483965018 0.11224489795918373
10 0.3669369533527697 0.608600583090379 0.09921647230320697 0.11807580174927111
10 0.7465834548104957 0.6042274052478134 0.09265670553935862 0.11516034985422735
10 0.9437864431486881 0.6049562682215743 0.09675655976676367 0.11661807580174922
10 0.9446064139941691 0.838192419825073 0.10331632653061221 0.11661807580174909
10 0.9534438775510204 0.12463556851311954 0.09311224489795905 0.11224489795918366
10 0.7523232507288631 0.2529154518950437 0.08117711370262398 0.11516034985422742
10 0.3616071428571429 0.12973760932944609 0.09839650145772595 0.119533527696793
10 0.27059037900874644 0.25218658892128276 0.07707725947521869 0.11370262390670555
10 0.05862791545189506 0.9577259475218659 0.11069606413994171 0.08454810495626816
71 0.7482233965014577 0.4876093294460641 0.09101676384839635 0.1093294460641399
71 0.8511297376093296 0.1268221574344023 0.09511661807580182 0.11661807580174927
71 0.05493804664723033 0.11734693877551021 0.10659620991253646 0.14139941690962096
71 0.1685040087463557 0.7325072886297375 0.09593658892128282 0.11807580174927111
28 0.842930029154519 0.6027696793002916 0.0934766763848397 0.10932944606414004
28 0.6539267492711371 0.368804664723032 0.08937682215743437 0.11078717201166181
28 0.264850583090379 0.36880466472303214 0.0951166180758018 0.12244897959183679
28 0.058217930029154534 0.60932944606414 0.10495626822157438 0.11078717201166172
28 0.2644405976676385 0.849854227405248 0.0877368804664723 0.10495626822157433
69 0.84375 0.838192419825073 0.09511661807580182 0.11078717201166186
69 0.844569970845481 0.36370262390670555 0.09183673469387756 0.10349854227405249
69 0.7510932944606415 0.034256559766763846 0.09511661807580168 0.06851311953352769
69 0.3657069970845482 0.03134110787172012 0.09675655976676385 0.06268221574344024
28 0.9526239067055394 0.029154518950437316 0.09475218658892118 0.05830903790087463
28 0.5584001457725948 0.034256559766763846 0.09511661807580175 0.06851311953352769
28 0.16112427113702626 0.026239067055393583 0.09757653061224493 0.05247813411078717
69 0.06026785714285715 0.368804664723032 0.10249635568513121 0.11370262390670557
69 0.26772048104956275 0.6115160349854227 0.08937682215743444 0.1093294460641399
69 0.060677842565597676 0.8564139941690962 0.10987609329446066 0.10932944606413997
81 0.8453899416909622 0.9497084548104957 0.09511661807580182 0.1005830903790087
8 0.9472940962099125 0.4854227405247812 0.10541180758017477 0.10495626822157426
8 0.9454263848396502 0.9489795918367346 0.1016763848396502 0.10204081632653057
8 0.7474034256559767 0.7164723032069971 0.08937682215743437 0.10932944606413997
8 0.26321064139941697 0.1260932944606414 0.10167638483965018 0.11807580174927114
8 0.6535167638483966 0.13119533527696794 0.08855685131195329 0.11078717201166181
8 0.16440415451895046 0.489795918367347 0.09921647230320702 0.11078717201166179
8 0.1685040087463557 0.9591836734693878 0.10741618075801754 0.0816326530612244
11 0.5083819241982508 0.25583090379008744 0.2902696793002915 0.09475218658892129
