81 0.16112427113702626 0.7769679300291545 0.1402150145772595 0.15451895043731767
81 0.7150145772594755 0.7849854227405249 0.12135568513119507 0.15306122448979578
81 0.9616435860058309 0.46574344023323616 0.07671282798833814 0.14723032069970843
5 0.30584912536443154 0.4482507288629738 0.13775510204081634 0.1559766763848396
5 0.9620535714285714 0.3010204081632653 0.07589285714285708 0.16180758017492713
73 0.8523596938775512 0.4657434402332361 0.1402150145772596 0.15306122448979592
71 0.30789905247813415 0.2908163265306123 0.13037536443148692 0.14723032069970846
10 0.8503097667638484 0.7966472303207002 0.1344752186588924 0.16180758017492725
10 0.9743531341107873 0.6268221574344024 0.05129373177842553 0.15743440233236164
10 0.29518950437317787 0.6115160349854227 0.0901967930029155 0.14139941690962096
10 0.7182944606413995 0.9365889212827989 0.11643586005830912 0.12682215743440226
8 0.16891399416909625 0.44606413994169103 0.13447521865889217 0.15451895043731775
8 0.7109147230320702 0.3032069970845481 0.13447521865889214 0.15160349854227406
8 0.9624635568513119 0.7966472303206997 0.07507288629737602 0.1588921282798833
4 0.8515397230320702 0.9416909620991254 0.14349489795918358 0.11661807580174938
4 0.15825437317784258 0.9336734693877551 0.14923469387755103 0.13265306122448975
35 0.16727405247813415 0.2886297376093291 0.13119533527696794 0.1574344023323615
53 0.8470298833819245 0.3010204081632652 0.13611516034985427 0.1472303206997084
53 0.7113247084548107 0.4584548104956268 0.13201530612244894 0.14723032069970843
53 0.9653334548104957 0.9409620991253643 0.0693330903790087 0.11516034985422749
11 0.6317875364431488 0.6282798833819242 0.4764030612244899 0.15743440233236142
