81 0.5822018641289101 0.2834469000846897 0.07504685014306446 0.090603825711693
81 0.657808765392445 0.38301154372391283 0.07056644117929949 0.08662123996612416
81 0.8815491880204617 0.301866359157946 0.07448679902259357 0.0816430077841629
81 0.9610764471272912 0.39545712417881573 0.07560690126353521 0.08761688640251628
81 0.5810817618879688 0.6393905010949122 0.07168654342024076 0.08363430065694728
5 0.9551959103623497 0.5801495381295745 0.07952725910682958 0.09657770433004643
73 0.6555685609105625 0.5602366094017298 0.06832623669741672 0.08462994709333956
80 0.5796816340867923 0.37952678119654004 0.0733666967816525 0.0816430077841629
48 0.9540758081214082 0.6682642477502868 0.07616695238400553 0.08363430065694737
48 0.9630366260489385 0.301866359157946 0.06944633893835814 0.08960817927530076
48 0.5816418130084395 0.556254023656161 0.07168654342024063 0.08861253283890853
74 0.5836019919300867 0.725016094624644 0.07448679902259386 0.061730079056318346
74 0.8829493158216383 0.39545712417881573 0.0728066456611819 0.08363430065694737
74 0.6555685609105626 0.2948968341032004 0.07056644117929935 0.08761688640251634
34 0.8065023378773972 0.301866359157946 0.0700063900588286 0.08562559352973186
18 0.8762287023759907 0.5746734827294172 0.07168654342024056 0.08164300778416304
81 0.9523956547599962 0.737461675079547 0.07392674790212297 0.038830211019297
10 0.6564086375912684 0.4726197229992137 0.04088373179435585 0.08064736134777072
10 0.7303353854933916 0.30236418237614215 0.06888628781788754 0.09259511858447741
11 0.8384252517442232 0.48506530345411647 0.2581835665369603 0.06770395767467165
