81 0.9386844023323616 0.43731778425655976 0.12263119533527686 0.1545189504373179
81 0.11971574344023324 0.7427113702623908 0.14923469387755103 0.16180758017492722
5 0.2689504373177843 0.41545189504373176 0.13447521865889217 0.15743440233236158
5 0.9392766034985424 0.2791545189504373 0.11889577259475204 0.1530612244897959
73 0.808491253644315 0.4365889212827988 0.13611516034985427 0.15306122448979592
10 0.8121811224489797 0.7529154518950437 0.13529518950437336 0.15889212827988344
10 0.943786443148688 0.6020408163265304 0.07707725947521864 0.15160349854227384
10 0.2664905247813411 0.5736151603498543 0.08363702623906705 0.15306122448979587
71 0.271820335276968 0.2565597667638484 0.1336552478134111 0.15451895043731778
8 0.1254555393586006 0.4110787172011662 0.1426749271137026 0.1661807580174927
8 0.6748360058309038 0.271865889212828 0.12955539358600582 0.15306122448979592
8 0.942146501457726 0.7623906705539357 0.11479591836734697 0.1661807580174927
4 0.8134110787172013 0.9169096209912536 0.14267492711370267 0.1661807580174927
4 0.11602587463556852 0.9088921282798833 0.1418549562682216 0.15014577259475217
67 0.12750546647230324 0.2478134110787172 0.1402150145772595 0.16326530612244902
35 0.2652605685131196 0.7463556851311953 0.12873542274052482 0.1486880466472303
35 0.8093112244897961 0.27842565597667635 0.1311953352769679 0.15451895043731778
53 0.9411443148688045 0.9190962099125362 0.11771137026239055 0.1618075801749266
53 0.6727860787172013 0.4300291545189505 0.12545553935860063 0.14868804664723037
11 0.6075983965014577 0.5918367346938775 0.4378644314868805 0.13994169096209907
