81 0.23943148688046662 0.5860058309037894 0.12463556851311955 0.14868804664723065
81 0.019269314868804666 0.5896501457725948 0.03853862973760933 0.14723032069970843
81 0.2349216472303206 0.025510204081632654 0.1188957725947522 0.05102040816326531
81 0.4747631195335278 0.033527696793002916 0.11151603498542279 0.06705539358600583
81 0.7051749271137027 0.03571428571428571 0.10659620991253646 0.07142857142857142
81 0.9384566326530613 0.03644314868804665 0.11561588921282805 0.0728862973760933
81 0.9347667638483966 0.2879008746355685 0.11479591836734684 0.10932944606413997
81 0.7068148688046648 0.2886297376093295 0.11971574344023324 0.10204081632653061
81 0.7055849125364432 0.5772594752186588 0.10249635568513128 0.13994169096209902
81 0.9290269679300291 0.5736151603498543 0.10987609329446073 0.13556851311953358
81 0.9282069970845482 0.857871720116618 0.11151603498542272 0.13556851311953352
81 0.7027150145772595 0.8615160349854227 0.10495626822157433 0.13411078717201178
5 0.1090561224489796 0.4329446064139942 0.13283527696793002 0.1486880466472303
5 0.8158709912536444 0.435131195335277 0.11151603498542272 0.13556851311953344
5 0.5907889941690962 0.1501457725947522 0.11233600583090371 0.13994169096209913
73 0.5911989795918369 0.4380466472303208 0.1082361516034986 0.14431486880466474
73 0.3603771865889213 0.14431486880466474 0.1205357142857143 0.1457725947521866
73 0.8154610058309038 0.8637026239067055 0.11069606413994179 0.1326530612244896
81 0.23861151603498545 0.8935860058309038 0.11971574344023324 0.13702623906705555
81 0.017219387755102046 0.9023323615160349 0.03443877551020409 0.1545189504373178
10 0.8175109329446064 0.7128279883381924 0.11151603498542287 0.1311953352769679
10 0.8183309037900875 0.967930029154519 0.10659620991253632 0.06413994169096213
10 0.11110604956268219 0.742711370262391 0.13201530612244897 0.14723032069970857
10 0.36324708454810506 0.4365889212827988 0.11479591836734691 0.15014577259475217
10 0.10003644314868797 0.1268221574344022 0.1344752186588921 0.1399416909620989
10 0.5952988338192421 0.29664723032069973 0.09183673469387763 0.1326530612244898
10 0.8191508746355686 0.14868804664723034 0.1082361516034986 0.13411078717201166
8 0.8146410349854228 0.5750728862973761 0.11069606413994165 0.13265306122448992
8 0.9355867346938777 0.15014577259475217 0.11151603498542272 0.13702623906705538
8 0.1090561224489796 0.8965014577259476 0.13447521865889214 0.13702623906705555
8 0.9318968658892129 0.9650145772594751 0.10413629737609327 0.06997084548104965
28 0.9298469387755103 0.4329446064139942 0.10987609329446073 0.13411078717201164
28 0.7064048833819243 0.7193877551020408 0.10413629737609327 0.13848396501457727
28 0.23410167638483956 0.7383381924198248 0.11889577259475213 0.15306122448979562
28 0.8212008017492712 0.03717201166180758 0.11725583090379019 0.07434402332361516
71 0.7051749271137027 0.15014577259475217 0.1082361516034986 0.13702623906705538
71 0.1090561224489796 0.5845481049562683 0.13119533527696794 0.13994169096209907
71 0.23656158892128282 0.13483965014577262 0.1270954810495627 0.1501457725947522
69 0.2406614431486881 0.43804664723032066 0.1254555393586006 0.1413994169096209
69 0.702305029154519 0.43440233236151604 0.1057762390670554 0.1311953352769679
69 0.9269770408163265 0.7128279883381924 0.10413629737609327 0.1253644314868805
69 0.5932489067055394 0.03498542274052478 0.10905612244897973 0.06997084548104957
11 0.3033892128279884 0.2791545189504373 0.39030612244897966 0.1122448979591837
