81 0.5290479214224247 0.2860594434198511 0.05415370338435012 0.06911925674127882
81 0.6405952933508725 0.29552219880705005 0.052302294721637284 0.06500501526858357
81 0.8498044722374217 0.29675647124885857 0.050450886058924456 0.06253647038496649
81 0.960194713751674 0.2959336229543196 0.052765146887315525 0.06089077379588847
81 0.9574176007576048 0.4304693191114516 0.06109648586952318 0.05348513914503712
81 0.5355278517419191 0.42594365349148555 0.06155933803520244 0.054307987439576044
81 0.535527851741919 0.5522508667032276 0.05600511204706372 0.061713622090427384
81 0.6433724063449417 0.5514280184086895 0.05415370338435011 0.06335931867950563
81 0.8502673244031 0.554307987439576 0.045822364402142456 0.05430798743957609
81 0.9520948008523036 0.5534851391450363 0.0532279990529934 0.06253647038496621
81 0.95093767043811 0.6822608972403958 0.05461655555002849 0.06500501526858372
81 0.5334450169963674 0.6806152006513173 0.05461655555002836 0.061713622090426704
81 0.6433724063449417 0.6814380489458567 0.050450886058924595 0.06994210503581769
62 0.6426781280964246 0.4884801238764534 0.05183944255595925 0.059245077206810354
62 0.5352964256590805 0.6164330336772731 0.05461655555002821 0.05842222891227131
62 0.8474902114090307 0.48930297217099245 0.050450886058924456 0.06253647038496651
62 0.95093767043811 0.6184901544136207 0.05183944255595904 0.060890773795888295
62 0.9034953234560936 0.29799074369066714 0.050450886058924456 0.06335931867950563
62 0.693129014155349 0.3004592885742842 0.049062329561889724 0.06829640844673975
5 0.5875987203807179 0.35682439675020805 0.052765146887315456 0.0608907737958885
5 0.6938232924038661 0.49053724461280096 0.04859947739621177 0.06335931867950556
5 0.9023381930418981 0.36423003140105936 0.052765146887315525 0.06418216697404461
5 0.8965525409709207 0.7312203707654683 0.05230229472163742 0.0411424147269517
5 0.5903758333747856 0.7332774915018149 0.05831937287545373 0.038673869843336504
73 0.5885244247120742 0.489714396318262 0.05183944255595918 0.06335931867950556
73 0.899792506130668 0.49136009290734 0.04859947739621163 0.06171362209042755
73 0.7961136210187498 0.3658757279901374 0.050450886058924456 0.060890773795888434
10 0.5892187029605915 0.614787337088195 0.05322799905299377 0.060067925501349394
10 0.6408267194337117 0.42470938104967826 0.03517676459154373 0.06171362209042748
10 0.9014124887105419 0.4325264398477991 0.03795387758561319 0.060890773795888434
10 0.8986353757164726 0.6160216095300036 0.049062329561889724 0.06418216697404461
10 0.8002792905098537 0.48889154802372287 0.03841672975129128 0.05513083573411521
10 0.6924347359068307 0.3605272140756322 0.05045088605892601 0.06335931867950537
87 0.897478245302277 0.6781466557677007 0.04952518172756811 0.061713622090427404
87 0.9902801045207577 0.5563651081759237 0.019439790958484904 0.058422228912271376
87 0.8488787679060653 0.36381860725378984 0.047673773064855283 0.056776532323193296
87 0.5896815551262697 0.5538965632923066 0.052302294721637284 0.06171362209042762
87 0.5346021474105632 0.734923188090894 0.055079407715706664 0.03373678007610039
82 0.8990982278821508 0.5551308357341151 0.05183944255595918 0.05924507720681049
82 0.9560290442605702 0.3617614865174423 0.052765146887315525 0.05924507720681042
82 0.5299736257537812 0.35435585186659097 0.05970792937248852 0.06582786356312269
82 0.5894501290434307 0.6797923523567786 0.05554225988138477 0.058422228912271376
17 0.9530205051836619 0.49053724461280096 0.05137659039028108 0.05513083573411528
17 0.7975021775157844 0.2988135919852062 0.050450886058924595 0.06171362209042755
17 0.5845901813038096 0.2914079573343549 0.052302294721637284 0.06171362209042755
17 0.5339078691620455 0.487657275581914 0.05554225988138477 0.060890773795888024
17 0.6433724063449416 0.612318792204578 0.0532279990529937 0.056776532323193296
87 0.6415209976822288 0.3580586691920166 0.050450886058924456 0.05842222891227145
17 0.8463330809948352 0.6160216095300036 0.04906232956188987 0.059245077206810354
11 0.7699624736579311 0.4284121983751039 0.15922114499330292 0.04772520108326411
