81 0.02992893586005831 0.08163265306122447 0.05821793002915452 0.14577259475218657
81 0.2431213556851312 0.08819241982507289 0.11561588921282802 0.1501457725947522
81 0.6998451166180757 0.09912536443148688 0.11561588921282791 0.1370262390670554
81 0.932716836734694 0.08965014577259474 0.11725583090379019 0.12973760932944606
81 0.9282069970845481 0.37973760932944606 0.113155976676385 0.10641399416909621
81 0.036078717201166184 0.37244897959183676 0.07051749271137027 0.11224489795918363
81 0.034438775510204085 0.650874635568513 0.06887755102040817 0.13848396501457721
81 0.24927113702623913 0.6465014577259474 0.12299562682215756 0.12682215743440253
81 0.9216472303206998 0.6567055393586005 0.11971574344023324 0.1443148688046648
81 0.922467201166181 0.9307580174927114 0.12627551020408148 0.13848396501457727
62 0.24722120991253646 0.5131195335276968 0.1090561224489796 0.13119533527696794
62 0.3579172740524782 0.09402332361516035 0.11069606413994172 0.13848396501457727
62 0.8142310495626822 0.09548104956268222 0.113155976676385 0.141399416909621
62 0.9228771865889215 0.7988338192419826 0.11889577259475217 0.1370262390670554
62 0.6961552478134112 0.5196793002915452 0.1082361516034986 0.13556851311953352
62 0.03320881924198251 0.7900874635568513 0.06641763848396502 0.13411078717201164
81 0.03443877551020409 0.9285714285714286 0.06559766763848397 0.13119533527696803
81 0.24230138483965016 0.9373177842565598 0.10413629737609334 0.11953352769679298
5 0.12463556851311955 0.2259475218658892 0.11807580174927114 0.13994169096209913
5 0.3599672011661808 0.5131195335276968 0.1098760932944607 0.13119533527696794
5 0.8097212099125366 0.23979591836734693 0.10905612244897966 0.1326530612244898
73 0.5936588921282803 0.24271137026239065 0.09019679300291555 0.13848396501457721
73 0.8068513119533529 0.5196793002915452 0.10331632653061221 0.13265306122448983
73 0.12914540816326534 0.510932944606414 0.115615889212828 0.13556851311953352
10 0.8031614431486881 0.7864431486880465 0.11233600583090393 0.13556851311953338
10 0.5899690233236153 0.512390670553936 0.09265670553935855 0.12099125364431494
10 0.8089012390670556 0.3782798833819242 0.08445699708454825 0.13265306122448986
10 0.3611971574344024 0.23833819241982507 0.1090561224489796 0.13556851311953352
10 0.2509110787172012 0.37682215743440234 0.0901967930029155 0.141399416909621
10 0.12832543731778429 0.7900874635568513 0.12053571428571425 0.13411078717201141
81 0.47353316326530615 0.09183673469387756 0.10905612244897966 0.13411078717201166
87 0.6961552478134112 0.2412536443148688 0.1082361516034986 0.13556851311953352
87 0.8031614431486881 0.9322157434402333 0.10741618075801754 0.12682215743440226
87 0.12996537900874636 0.653061224489796 0.11561588921282798 0.13702623906705555
87 0.24394132653061226 0.2303206997084548 0.11397594752186592 0.1282798833819242
81 0.6965652332361517 0.6545189504373178 0.10249635568513113 0.1311953352769679
82 0.8052113702623908 0.653061224489796 0.10659620991253632 0.12536443148688028
82 0.9290269679300291 0.23615160349854228 0.11479591836734712 0.13119533527696794
82 0.02992893586005831 0.2295918367346939 0.05985787172011662 0.13848396501457724
82 0.1270954810495627 0.9271137026239066 0.11643586005830904 0.13994169096209916
17 0.2464012390670554 0.7842565597667638 0.1074161807580175 0.12827988338192425
17 0.033618804664722994 0.5102040816326532 0.06723760932944599 0.13411078717201172
17 0.9228771865889215 0.5189504373177842 0.12217565597667644 0.1311953352769679
17 0.5838192419825073 0.10495626822157433 0.10823615160349867 0.13119533527696792
17 0.12299562682215744 0.08454810495626822 0.12463556851311954 0.14868804664723032
11 0.5239613702623908 0.3782798833819242 0.33946793002915454 0.11516034985422735
