81 0.23533163265306123 0.3345481049562682 0.12299562682215746 0.1559766763848396
81 0.3636570699708455 0.4948979591836735 0.12381559766763854 0.14723032069970848
81 0.761752915451895 0.35058309037900875 0.12791545189504375 0.14723032069970843
81 0.9019679300291545 0.5138483965014577 0.14103498542274054 0.16763848396501452
5 0.9011479591836735 0.8403790087463556 0.14267492711370253 0.16472303206997083
80 0.899918002915452 0.9620991253644314 0.13857507288629733 0.07580174927113703
80 0.23369169096209916 0.49052478134110783 0.12627551020408168 0.15014577259475217
81 0.23533163265306128 0.9424198250728858 0.13775510204081642 0.11516034985422713
10 0.3673469387755102 0.6501457725947521 0.08855685131195337 0.1486880466472303
10 0.5977587463556852 0.1348396501457726 0.14103498542274046 0.26384839650145775
48 0.9056577988338194 0.3564139941690962 0.1418549562682216 0.15014577259475217
48 0.23205174927113706 0.8032069970845481 0.13119533527696794 0.1603498542274052
5 0.6301475947521866 0.5087463556851312 0.12053571428571423 0.1486880466472303
34 0.6301475947521866 0.35058309037900875 0.11725583090379005 0.14431486880466468
74 0.760932944606414 0.5131195335276968 0.13611516034985413 0.1545189504373179
74 0.37308673469387754 0.3440233236151603 0.13775510204081634 0.14285714285714285
11 0.7170645043731776 0.6756559766763849 0.3911260932944606 0.13265306122448964
