81 0.6225368204986873 0.2939011876668081 0.05768526540847489 0.07367783629302505
81 0.515567056488796 0.29041642513943505 0.02744250490306076 0.07467348272941673
81 0.8507576520904689 0.2998750662851616 0.05376490756518067 0.0657126648018873
81 0.9582874672208299 0.3003728895033577 0.038083476192002905 0.07268218985663286
81 0.9543671093775355 0.5771625988203978 0.04480408963765044 0.06471701836549493
81 0.9563272882991828 0.7150596302607218 0.0487244474809448 0.06770395767467179
81 0.6250570505408052 0.5731800130748289 0.05488500980612187 0.06670831123827944
11 0.5169671842899727 0.5706908969838476 0.04032368067388527 0.07168654342023925
81 0.5183673120911502 0.7110770445151529 0.03976362955341479 0.06571266480188712
81 0.622256794938452 0.7130683373879373 0.05264480532423917 0.06770395767467179
81 0.5150070053683264 0.43578080485270104 0.033043016107767255 0.0567518468743571
81 0.9571673649798887 0.4377720977254855 0.041443782914826525 0.0567518468743571
62 0.6819022392685735 0.2948968341032003 0.05544506092659241 0.06969525054745618
62 0.9084429174989438 0.3003728895033577 0.05264480532423917 0.07268218985663286
81 0.7390274535565773 0.2953946573213958 0.056565163167535217 0.06670831123827933
62 0.6247770249805699 0.5029869393091765 0.055445060926592404 0.06372137192910281
62 0.849077498729057 0.5059738786183534 0.05488500980612173 0.06372137192910288
5 0.5662516828913889 0.3606094989050876 0.060485521010828054 0.07168654342024056
5 0.9056426618965872 0.36658337752343956 0.05152470308329979 0.06969525054745626
5 0.682462290389042 0.5059738786183522 0.05544506092659162 0.06571266480188637
62 0.5175272354104442 0.6448665564950695 0.03136286274635516 0.06272572549271054
73 0.9064827385772958 0.506471701836549 0.0543249586856521 0.06272572549271055
10 0.5651315806504478 0.5049782321819609 0.0571252142880043 0.06969525054745607
10 0.6253370761010405 0.43528298163450496 0.04312393627623841 0.06372137192910288
10 0.6807821370276329 0.36508990786885265 0.054324958685651126 0.05874313974714156
10 0.5665317084516241 0.6408839707494997 0.05768526540847514 0.06272572549271041
10 0.9048025852158849 0.6428752636222851 0.05096465196282736 0.06073443261992601
10 0.9062027130170613 0.43777209772548553 0.04480408963765015 0.064717018365495
62 0.9532470071365943 0.6463600261496579 0.04256388515576788 0.06571266480188719
87 0.905922687456826 0.7130683373879373 0.05880536764941638 0.059738786183533815
87 0.849917575409763 0.3675790239598332 0.05096465196282736 0.06571266480188726
87 0.6239369482998639 0.3640942614324604 0.05600511204706308 0.06471701836549493
87 0.5656916317709184 0.5766647756022018 0.05600511204706294 0.06770395767467172
82 0.9036824829749435 0.5771625988203978 0.05656516316753368 0.06471701836549493
82 0.9580074416605947 0.36957031683261776 0.0453641407581209 0.06372137192910281
82 0.5166871587297382 0.362600791777872 0.028562607144002144 0.06969525054745616
82 0.5656916317709184 0.7115748677333491 0.05712521428800436 0.06670831123827937
17 0.9535270326968296 0.5059738786183533 0.03864352731247351 0.06571266480188726
17 0.7958726422843472 0.29788377341237715 0.05264480532423917 0.06372137192910277
17 0.6247770249805699 0.6418796171858929 0.054324958685651265 0.06670831123827937
17 0.5172472098502088 0.5024891160909805 0.03528322058964967 0.06471701836549493
11 0.76282962617658 0.43826992094368167 0.16913543838213016 0.05973878618353389
