81 0.3829263848396502 0.4861516034985422 0.1492346938775511 0.17638483965014579
81 0.9359967201166183 0.4941690962099125 0.12545553935860043 0.16326530612244902
81 0.07666727405247814 0.8243440233236151 0.15333454810495628 0.16763848396501455
5 0.2316417638483965 0.47667638483965014 0.15333454810495628 0.16909620991253632
5 0.9370444606413995 0.3272594752186589 0.1259110787172011 0.1618075801749271
73 0.800291545189505 0.4992711370262388 0.1393950437317791 0.16472303206997047
10 0.4944424198250729 0.12827988338192423 0.17219387755102042 0.25655976676384845
10 0.8060313411078718 0.8338192419825073 0.1295553935860059 0.16618075801749257
10 0.9413265306122449 0.6632653061224489 0.08855685131195329 0.14577259475218646
10 0.23328170553935862 0.6486880466472303 0.10741618075801754 0.16034985422740525
86 0.0778972303206997 0.47376093294460647 0.1508746355685131 0.17492711370262393
86 0.660076530612245 0.326530612244898 0.13939504373177847 0.1603498542274053
86 0.93745444606414 0.8367346938775511 0.12509110787172006 0.15160349854227406
44 0.8002915451895045 0.3250728862973762 0.134475218658892 0.16326530612244902
44 0.6576166180758019 0.48906705539358597 0.1344752186588921 0.1588921282798834
44 0.936634475218659 0.9650145772594751 0.12673104956268205 0.06997084548104965
44 0.22016217201166186 0.956997084548105 0.13529518950437322 0.08600583090379005
32 0.23328170553935862 0.303935860058309 0.14677478134110788 0.17055393586005826
16 0.07297740524781342 0.956268221574344 0.14595481049562684 0.08746355685131192
16 0.08076712827988337 0.2915451895043732 0.15169460641399418 0.17492711370262393
16 0.6403972303206998 0.6545189504373177 0.3476676384839651 0.13702623906705502
16 0.22549198250728866 0.8236151603498542 0.13447521865889217 0.17492711370262398
