81 0.14923469387755106 0.07507288629737609 0.15251457725947526 0.15014577259475217
81 0.3017492711370263 0.2521865889212828 0.13939504373177844 0.17492711370262387
81 0.7535532069970846 0.08892128279883382 0.15579446064139943 0.17784256559766765
81 0.908527696793003 0.27769679300291544 0.15743440233236142 0.16763848396501455
81 0.15948432944606417 0.7529154518950437 0.13857507288629742 0.13848396501457727
5 0.8962281341107874 0.6399416909620992 0.15415451895043744 0.17492711370262393
73 0.30256924198250734 0.607142857142857 0.14103498542274057 0.16763848396501443
10 0.30338921282798836 0.4227405247813411 0.0869169096209913 0.1545189504373178
10 0.4477040816326531 0.0911078717201166 0.14103498542274054 0.17930029154518948
80 0.8941782069970848 0.8206997084548108 0.15497448979591832 0.1778425655976676
80 0.15087463556851316 0.2434402332361516 0.14923469387755106 0.17492711370262393
48 0.8880284256559774 0.9533527696793002 0.1541545189504384 0.09329446064139905
48 0.9183673469387756 0.09110787172011663 0.1590743440233237 0.17638483965014579
48 0.15333454810495628 0.5940233236151603 0.14267492711370264 0.16763848396501452
18 0.7383837463556853 0.630466472303207 0.14185495626822145 0.16763848396501457
74 0.15046465014577262 0.9395043731778425 0.1418549562682216 0.11224489795918373
74 0.30092930029154524 0.07944606413994168 0.14431486880466476 0.15014577259475217
74 0.7486333819241984 0.2704081632653061 0.14103498542274054 0.17055393586005832
34 0.6002186588921283 0.0925655976676385 0.14431486880466474 0.17346938775510207
11 0.7006650874635569 0.4489795918367347 0.4157252186588923 0.17201166180758024
