81 0.05739795918367348 0.740524781341108 0.11479591836734696 0.16326530612244894
81 0.3411078717201167 0.40087463556851305 0.13939504373177847 0.1574344023323615
81 0.891308309037901 0.4161807580174927 0.134475218658892 0.16180758017492713
81 0.9821428571428572 0.9212827988338192 0.03571428571428555 0.1545189504373178
5 0.19392310495626824 0.39723032069970843 0.14513483965014573 0.16472303206997074
5 0.8954081632653064 0.2521865889212828 0.13447521865889214 0.16034985422740522
73 0.7535532069970846 0.41545189504373176 0.1295553935860059 0.1545189504373178
10 0.8929482507288631 0.5852769679300291 0.08199708454810505 0.14723032069970857
10 0.760932944606414 0.749271137026239 0.10659620991253646 0.15160349854227406
10 0.19515306122448983 0.5663265306122449 0.10659620991253646 0.15306122448979587
10 0.34192784256559766 0.23396501457725946 0.1393950437317784 0.16472303206997085
10 0.446064139941691 0.07580174927113703 0.1541545189504373 0.1457725947521866
86 0.8900783527696794 0.7558309037900875 0.13529518950437336 0.15889212827988344
86 0.6285076530612246 0.25 0.11889577259475217 0.17055393586005826
86 0.059037900874635584 0.38848396501457727 0.11807580174927117 0.1618075801749271
44 0.1967930029154519 0.9154518950437318 0.1590743440233236 0.16618075801749252
44 0.7584730320699709 0.2536443148688047 0.13283527696793002 0.1574344023323615
44 0.6256377551020408 0.41472303206997085 0.11643586005830904 0.16763848396501457
44 0.8921282798833821 0.9183673469387756 0.13611516034985413 0.16326530612244894
32 0.19474307580174924 0.2252186588921283 0.14185495626822156 0.1705539358600581
32 0.057807944606414 0.9125364431486881 0.11069606413994171 0.16326530612244908
16 0.056987973760932925 0.2172011661807581 0.11397594752186585 0.17784256559766776
16 0.05493804664723033 0.13119533527696792 0.00491982507288629 0.0029154518950437413
16 0.1980229591836735 0.7376093294460643 0.15169460641399418 0.16326530612244894
11 0.5456905976676386 0.5794460641399417 0.4649234693877552 0.14431486880466474
