81 0.5405035125229605 0.6126890739371208 0.07484319519016601 0.08055684803537147
81 0.9539230669067345 0.46379467504028254 0.06669699707422935 0.07784144866339268
5 0.9539230669067345 0.38414296012890403 0.06567872230973748 0.0760311824154067
5 0.6184015320066026 0.45067024474238493 0.06771527183872174 0.0787465817873855
73 0.8872260698325052 0.461079275668304 0.06771527183872168 0.07784144866339318
10 0.9549413416712266 0.5407309905796822 0.04327667749091233 0.07241064991943504
10 0.8895171880526123 0.6181198726810784 0.06211476063401534 0.07693631553939959
10 0.6150921390220034 0.5307745262157598 0.03971271581519012 0.06879011742346322
53 0.9559596164357187 0.706822918832386 0.0697518213677057 0.08236711428335738
53 0.8220564849050139 0.4583638762963249 0.059569073722785554 0.07241064991943502
8 0.5438129055075597 0.4470497122464132 0.07331578304342791 0.08055684803537133
8 0.9559596164357187 0.6230981048630395 0.06873354660321382 0.07784144866339247
35 0.6161104137864954 0.6144993401851067 0.07026095874995171 0.0805568480353714
35 0.8877352072147511 0.3800698610709358 0.06364217278075344 0.07512604929141369
81 0.6899353342121693 0.4538382106763602 0.07229750827893597 0.0760311824154067
71 0.6191652380799717 0.36739799733503475 0.06924268398545969 0.07331578304342791
4 0.886971501141382 0.703654952898411 0.062114760634015484 0.0742209161674208
4 0.5397398064495915 0.6973190210304603 0.07535233257241203 0.07603118241540656
67 0.6161104137864956 0.6982241541544534 0.07637060733690404 0.07784144866339261
67 0.5448311802720517 0.36241976515307356 0.07331578304342798 0.07965171491137851
8 0.8190016606115372 0.37916472794694295 0.06567872230973748 0.07693631553939952
10 0.6843348230074633 0.37644932857496416 0.05702338681155496 0.07693631553939966
10 0.7347394238498198 0.2958924805395927 0.07535233257241203 0.09322871177127254
11 0.7833620438543154 0.5434463899516612 0.2286026846284663 0.08327224740735036
