81 0.8478498542274053 0.41399416909620995 0.13283527696792988 0.1690962099125364
81 0.9604136297376092 0.25072886297376096 0.07917274052478135 0.15743440233236153
81 0.9548560495626823 0.9096209912536444 0.08445699708454811 0.15743440233236158
81 0.03484876093294461 0.7361516034985423 0.06969752186588922 0.16909620991253646
5 0.8486698250728864 0.2485422740524781 0.13775510204081626 0.15889212827988342
5 0.14800473760932945 0.3855685131195335 0.15005466472303208 0.16472303206997083
73 0.7096847667638485 0.4088921282798831 0.13201530612244908 0.1588921282798832
10 0.7064048833819243 0.7346938775510204 0.1303753644314868 0.1603498542274052
10 0.8470298833819243 0.5779883381924198 0.09019679300291543 0.14723032069970843
10 0.14595481049562684 0.5568513119533527 0.08855685131195334 0.1545189504373178
10 0.9583637026239067 0.41836734693877553 0.08327259475218654 0.15743440233236158
10 0.39440597667638483 0.06559766763848397 0.17711370262390666 0.12536443148688048
86 0.84375 0.7405247813411079 0.1311953352769679 0.15743440233236158
86 0.5768494897959183 0.24271137026239067 0.1303753644314869 0.1618075801749271
32 0.14718476676384842 0.2077259475218659 0.14677478134110788 0.16472303206997085
86 0.032388848396501455 0.3877551020408163 0.06477769679300291 0.16909620991253646
44 0.842110058309038 0.9074344023323616 0.13283527696793015 0.16180758017492708
44 0.9567237609329448 0.7485422740524781 0.08655247813411066 0.16180758017492708
44 0.7096847667638485 0.24416909620991256 0.13201530612244894 0.1618075801749271
44 0.5706997084548106 0.40670553935860054 0.13283527696792993 0.1574344023323615
16 0.701485058309038 0.9074344023323616 0.13857507288629742 0.15306122448979592
11 0.5379008746355686 0.5714285714285715 0.37882653061224486 0.14868804664723037
