81 0.22540983606557385 0.6194899817850639 0.0934426229508196 0.11657559198542793
81 0.22704918032786897 0.8562841530054647 0.09180327868852459 0.11220400728597454
81 0.8110655737704918 0.8883424408014574 0.1057377049180326 0.12969034608378877
81 0.8086065573770491 0.6377049180327871 0.10081967213114737 0.12677595628415303
81 0.8180327868852459 0.12914389799635712 0.1065573770491801 0.12386156648451731
81 0.6094262295081968 0.1437158469945356 0.09590163934426237 0.12386156648451731
81 0.4110655737704919 0.1488160291438981 0.09426229508196712 0.12531876138433515
81 0.21885245901639355 0.14663023679417134 0.1 0.12386156648451736
81 0.0352459016393444 0.1393442622950823 0.06721311475409844 0.12094717668488178
81 0.04221311475409837 0.619489981785064 0.08442622950819674 0.11366120218579233
81 0.043032786885246005 0.8555555555555554 0.08442622950819674 0.116575591985428
5 0.3168032786885247 0.266848816029144 0.09262295081967213 0.11074681238615668
5 0.9278688524590176 0.2530054644808747 0.11311475409836014 0.12677595628415306
5 0.13319672131147559 0.8511839708561031 0.09262295081967215 0.1107468123861565
5 0.3188524590163936 0.959744990892532 0.0901639344262296 0.07723132969034595
73 0.31926229508196724 0.5051001821493627 0.09426229508196723 0.1151183970856102
73 0.12336065573770505 0.2617486338797817 0.0959016393442623 0.11803278688524588
73 0.7098360655737711 0.26320582877959964 0.10327868852458984 0.12386156648451768
73 0.9209016393442623 0.5145719489981786 0.11393442622950829 0.1253187613843351
81 0.22295081967213126 0.3826958105646632 0.09508196721311478 0.08014571948998181
81 0.04057377049180341 0.38196721311475507 0.07786885245901647 0.07577413479052804
10 0.7086065573770491 0.5116575591985429 0.1040983606557377 0.12823315118397077
10 0.9221311475409837 0.384153005464481 0.0754098360655739 0.11220400728597454
10 0.9209016393442623 0.7673952641165757 0.11065573770491795 0.1296903460837885
10 0.42336065573770504 0.3921675774134792 0.07950819672131146 0.10783242258652095
10 0.13073770491803288 0.5021857923497269 0.09590163934426232 0.11511839708561027
10 0.1315573770491804 0.7331511839708562 0.09098360655737706 0.11366120218579226
73 0.13401639344262306 0.9576502732240438 0.09262295081967213 0.08469945355191243
71 0.9209016393442624 0.8963570127504554 0.11557377049180345 0.13114754098360662
71 0.9217213114754099 0.638433515482696 0.11229508196721312 0.1136612021857924
71 0.3151639344262296 0.1459016393442624 0.09426229508196719 0.11657559198542812
71 0.22704918032786892 0.7389799635701277 0.09016393442622948 0.10783242258652095
8 0.8102459016393442 0.7601092896174865 0.1024590163934424 0.11511839708561013
8 0.9327868852459017 0.12040072859745003 0.11967213114754116 0.13260473588342447
8 0.6045081967213116 0.26612021857923507 0.10245901639344275 0.12094717668488161
8 0.041393442622950916 0.5000000000000001 0.0778688524590164 0.11366120218579233
7 0.1319672131147542 0.6180327868852461 0.09016393442622953 0.11074681238615668
7 0.04221311475409846 0.9568306010928963 0.08278688524590164 0.07723132969034595
7 0.22049180327868861 0.26612021857923507 0.09508196721311474 0.1122040072859745
71 0.039754098360655785 0.26174863387978176 0.07950819672131157 0.11511839708561028
47 0.8155737704918049 0.2617486338797817 0.10327868852459017 0.12386156648451722
47 0.1209016393442624 0.1429872495446267 0.09918032786885245 0.12531876138433515
47 0.22459016393442632 0.5043715846994538 0.09344262295081965 0.11948998178506379
47 0.043852459016393536 0.7338797814207652 0.08770491803278689 0.10928961748633853
11 0.6557377049180328 0.3921675774134792 0.3327868852459016 0.11948998178506372
