81 0.256240889212828 0.05612244897959184 0.13857507288629742 0.11224489795918367
81 0.5420007288629738 0.05685131195335277 0.147594752186589 0.11370262390670555
81 0.8376002186588923 0.05685131195335277 0.1500546647230321 0.11370262390670555
81 0.2595207725947522 0.7346938775510204 0.1303753644314869 0.18658892128279875
81 0.024189139941690963 0.7339650145772595 0.048378279883381926 0.1734693877551021
81 0.8281705539358597 0.7346938775510213 0.14595481049562678 0.18367346938775536
5 0.4079354956268222 0.5524781341107872 0.15005466472303206 0.15743440233236142
5 0.11520590379008748 0.20262390670553931 0.15005466472303208 0.17784256559766765
5 0.955903790087464 0.20408163265306128 0.08819241982507223 0.17492711370262398
10 0.685905612244898 0.5619533527696794 0.13693513119533526 0.16763848396501466
10 0.25993075801749277 0.38629737609329445 0.10495626822157438 0.15743440233236147
10 0.396045918367347 0.20699708454810498 0.1311953352769679 0.17784256559766765
10 0.9638757288629739 0.3870262390670554 0.06969752186588905 0.16472303206997083
10 0.9513939504373178 0.9139941690962098 0.09721209912536438 0.17201166180758024
10 0.12299562682215745 0.9052478134110788 0.14431486880466474 0.16618075801749285
73 0.11930575801749273 0.55466472303207 0.15005466472303208 0.16763848396501457
73 0.9503462099125366 0.5634110787172011 0.09839650145772609 0.17346938775510204
73 0.6895954810495627 0.20626822157434405 0.14267492711370253 0.17638483965014576
71 0.40014577259475226 0.05539358600583091 0.13447521865889214 0.11078717201166181
71 0.01967930029154519 0.5590379008746356 0.03935860058309038 0.1705539358600582
81 0.02049927113702624 0.3826530612244898 0.03935860058309038 0.13848396501457724
71 0.2619806851311954 0.9059766763848396 0.13365524781341112 0.15014577259475217
1 0.8277605685131197 0.915451895043732 0.14185495626822198 0.1690962099125362
49 0.9567237609329448 0.052478134110787174 0.08655247813411066 0.10495626822157435
49 0.25829081632653067 0.20918367346938774 0.13447521865889214 0.17346938775510204
1 0.264030612244898 0.5568513119533527 0.13611516034985424 0.16618075801749263
1 0.951576166180758 0.7383381924198251 0.09429664723032062 0.17055393586005835
1 0.019269314868804663 0.19825072886297382 0.03361880466472302 0.17201166180758024
19 0.024189139941690963 0.9110787172011662 0.04673833819241983 0.17492711370262384
19 0.834320335276968 0.2055393586005831 0.14677478134110786 0.17201166180758015
19 0.10946610787172012 0.05174927113702624 0.14513483965014579 0.10349854227405247
1 0.6879555393586007 0.05539358600583091 0.14267492711370275 0.11078717201166181
50 0.8285805393586005 0.5612244897959183 0.14349489795918358 0.17492711370262384
50 0.11971574344023324 0.7339650145772595 0.14103498542274054 0.17055393586005835
11 0.6182580174927114 0.38629737609329445 0.4395043731778426 0.14577259475218665
