81 0.2541909620991254 0.6967930029154519 0.1377551020408163 0.16618075801749285
81 0.828990524781341 0.7033527696793003 0.14923469387755106 0.17930029154518962
81 0.8347303206997085 0.03644314868804665 0.14595481049562678 0.0728862973760933
81 0.5374908892128281 0.03935860058309038 0.14349489795918374 0.07871720116618076
81 0.24845116618075808 0.03935860058309038 0.13939504373177844 0.07871720116618076
5 0.3890761661807581 0.5262390670553936 0.12873542274052482 0.17201166180758015
5 0.10331632653061225 0.16909620991253646 0.14595481049562684 0.17492711370262393
5 0.9567237609329448 0.1610787172011662 0.08655247813411066 0.17346938775510207
73 0.10782616618075803 0.5233236151603498 0.14513483965014579 0.16326530612244902
73 0.9523961370262392 0.5262390670553936 0.09265670553935848 0.17492711370262384
46 0.8298104956268222 0.5269679300291545 0.14923469387755106 0.17638483965014579
46 0.2513210641399417 0.5204081632653061 0.1418549562682216 0.17201166180758015
45 0.10864613702623908 0.6967930029154519 0.1418549562682216 0.16618075801749285
45 0.8322704081632654 0.16545189504373176 0.1475947521865889 0.16472303206997085
45 0.2505010932944607 0.17128279883381922 0.14513483965014576 0.17346938775510204
73 0.6822157434402334 0.17128279883381922 0.14267492711370278 0.1734693877551019
10 0.6801658163265307 0.5276967930029154 0.14021501457725954 0.17201166180758015
10 0.9526239067055394 0.891399416909621 0.09475218658892118 0.185131195335277
10 0.1090561224489796 0.8746355685131195 0.14103498542274054 0.16909620991253632
10 0.39522594752186585 0.17565597667638486 0.14103498542274054 0.173469387755102
10 0.25952077259475226 0.3469387755102041 0.10249635568513124 0.16909620991253646
10 0.9706632653061226 0.34839650145772594 0.05867346938775498 0.17201166180758024
66 0.2546009475218659 0.8746355685131195 0.1402150145772595 0.16909620991253632
66 0.8285805393586005 0.8862973760932945 0.14841472303206998 0.1661807580174927
11 0.6403972303206998 0.347667638483965 0.3739067055393586 0.17055393586005835
