81 0.5355278517419196 0.33584176523946274 0.06618785969198364 0.09627325046106694
81 0.6808634317648764 0.34077885500669697 0.06896497268605288 0.08804476751567662
81 0.8370760376812711 0.3399560067121579 0.07220493784580015 0.08804476751567662
81 0.9763945395504112 0.33460749279765417 0.0453595122364645 0.0888676158102156
81 0.9754688352190548 0.5230397522470929 0.048136625230533525 0.0888676158102156
81 0.9759316873847331 0.7085920426656449 0.04721092089917704 0.08146198115936429
5 0.6088899200019153 0.6201358510026987 0.07313064217715656 0.09215900898837184
23 0.9111323841897812 0.43088074325872056 0.07590775517122561 0.09215900898837254
73 0.9115952363554624 0.6184901544136207 0.0796105724966516 0.09380470557744985
45 0.536453556073276 0.4317035915532601 0.0671135640233399 0.08722191922113759
45 0.8363817594327537 0.43088074325872117 0.06803926835469624 0.09215900898837169
10 0.6086584939190762 0.43129216740599063 0.07451919867419136 0.08804476751567662
10 0.5336764430792068 0.5238626005416319 0.05415370338435011 0.0872219192211375
10 0.9111323841897839 0.5287996903088661 0.05831937287545415 0.08886761581021553
23 0.9761631134675723 0.42964647081691254 0.04767377306485542 0.09133616069383273
23 0.6834091186761058 0.4341721364368764 0.0685021205203737 0.08393052604298111
23 0.6079642156705589 0.7118834358438011 0.0712792335144436 0.08969046410475456
81 0.5369164082389543 0.7048892253402192 0.06433645102927073 0.07570204309759106
46 0.536222129990437 0.6189015785608902 0.06665071185766173 0.08639907092659847
66 0.6084270678362371 0.3403674308594274 0.07590775517122587 0.09215900898837173
66 0.9113638102726234 0.33666461353400173 0.07451919867419107 0.08475337433752042
66 0.9766259656332505 0.6197244268554293 0.046748068733499085 0.09462755387198882
23 0.9125209406868189 0.7094148909601838 0.07683345950258229 0.07817058798120811
11 0.7280743526640536 0.5296225386034051 0.22911182201071228 0.0855762226320595
