81 0.06559766763848397 0.1800291545189504 0.13119533527696794 0.1880466472303207
81 0.36201712827988347 0.18877551020408162 0.14513483965014576 0.185131195335277
81 0.6670462827988338 0.1880466472303207 0.15005466472303175 0.16909620991253643
81 0.9513939504373178 0.1800291545189504 0.09721209912536438 0.1793002915451895
81 0.9468841107871719 0.55466472303207 0.10623177842565595 0.16180758017492708
81 0.9513939504373178 0.9234693877551021 0.09721209912536438 0.15306122448979592
5 0.8183309037900875 0.37099125364431484 0.15415451895043744 0.17638483965014584
5 0.2127824344023324 0.7463556851311953 0.1500546647230321 0.17492711370262384
81 0.06641763848396502 0.924198250728863 0.13283527696793004 0.15160349854227406
73 0.8183309037900875 0.7478134110787172 0.15579446064139943 0.1895043731778425
45 0.06682762390670555 0.37026239067055394 0.1336552478134111 0.18367346938775508
45 0.6649963556851313 0.37244897959183676 0.14595481049562672 0.18221574344023325
10 0.21237244897959187 0.3760932944606414 0.15415451895043736 0.18075801749271136
10 0.05616800291545191 0.5612244897959183 0.10577623906705541 0.17492711370262384
10 0.8187408892128281 0.5641399416909622 0.10413629737609341 0.17492711370262393
46 0.0660076530612245 0.749271137026239 0.132015306122449 0.19533527696793002
66 0.9487062682215744 0.7470845481049563 0.1016763848396502 0.1880466472303206
66 0.8191508746355687 0.18586005830903793 0.15415451895043755 0.185131195335277
66 0.20991253644314875 0.1865889212827988 0.15415451895043733 0.1865889212827988
23 0.8199708454810497 0.924198250728863 0.1541545189504373 0.15160349854227406
23 0.2111424927113703 0.922740524781341 0.1516946064139942 0.1545189504373178
23 0.364067055393586 0.37682215743440234 0.1475947521865889 0.17638483965014568
23 0.9493440233236151 0.37244897959183676 0.10131195335276956 0.18513119533527692
11 0.43417456268221577 0.5670553935860059 0.45836370262390674 0.1603498542274052
