81 0.5283536431739074 0.5798162845702862 0.052765146887315456 0.06911925674127872
81 0.5292793475052638 0.7192890704946524 0.05183944255595918 0.06335931867950578
81 0.6438352585106201 0.5777591638339384 0.06063363370384508 0.06829640844673975
81 0.6410581455165502 0.2893508365980071 0.05970792937248863 0.07076495333035698
81 0.5269650866768728 0.2868822917143903 0.04906232956188994 0.07241064991943492
81 0.879427010840827 0.28729371586165975 0.06063363370384493 0.06994210503581787
81 0.9872715654438491 0.27988808121080844 0.025456869112301633 0.06665071185766167
81 0.98449445244978 0.5822848294539033 0.031011095100440117 0.07570204309759099
81 0.9849573046154582 0.721346191231 0.03008539076908363 0.05759938061773227
81 0.8768813239295968 0.5802277087175557 0.05831937287545386 0.06994210503581776
81 0.6449923889248155 0.7176433739055743 0.05831937287545415 0.061713622090427404
81 0.5269650866768728 0.4341721364368772 0.05091373822460263 0.05924507720681049
81 0.9840316002841019 0.430057894964182 0.03193679943179646 0.049370897672342054
5 0.5815816422269003 0.36381860725378873 0.05924507720680938 0.07158780162489574
5 0.7019232053032348 0.5074056346508512 0.05646796421274118 0.0674735601522007
5 0.9400606445446695 0.3605272140756333 0.0624850423665579 0.07323349821397462
73 0.5852844595523258 0.50658278635631 0.059245077206812165 0.07241064991943463
73 0.937283531550603 0.5074056346508512 0.06155933803520142 0.06911925674127879
73 0.8183305249713038 0.36505287969559835 0.05600511204706308 0.07405634650851298
10 0.937052105467763 0.6551069035206075 0.06294789453223598 0.073233498213974
10 0.585515885635166 0.6505812379006432 0.059707929372488595 0.06582786356312269
10 0.6438352585106198 0.4374635296150333 0.0356396167572219 0.06911925674127872
10 0.9386720880476375 0.4333492881423382 0.038416729751291144 0.060890773795888434
10 0.7019232053032348 0.3675214245792155 0.05831937287545401 0.07734773968666922
71 0.937283531550603 0.5810505570120946 0.06248504236655791 0.07487919480305216
71 0.6429095541792634 0.5111084519762767 0.056005112047063 0.06994210503581781
71 0.937514957633442 0.7221690395255389 0.06017078153816712 0.055953684028654325
71 0.5290479214224248 0.650581237900643 0.04952518172756804 0.07076495333035687
71 0.5806559378955448 0.2901736848925463 0.06109648586952318 0.07241064991943497
71 0.9870401393610062 0.35517870016112935 0.02591972127797976 0.07570204309759206
8 0.9409863488760274 0.27412814314903505 0.0624850423665577 0.08804476751567672
8 0.9854201567811363 0.5078170587981208 0.02915968643772743 0.06994210503581783
8 0.5862101638836833 0.7180547980528438 0.05831937287545401 0.06418216697404461
47 0.8775756021781141 0.3601157899283642 0.058782225041132105 0.06911925674127879
47 0.527427938842551 0.5065827863563122 0.05369085121867201 0.07241064991943497
47 0.9842630263669409 0.6546954793733383 0.03147394726611821 0.0707649533303568
7 0.5267336605940338 0.35888151748655567 0.047673773064855214 0.06994210503581783
7 0.6991460923091657 0.2909965331870854 0.0555422598813847 0.06582786356312273
7 0.6440666845934591 0.650581237900643 0.057393668544097595 0.0674735601522007
10 0.8176362467227863 0.5086399070926597 0.05646796421274118 0.06665071185766167
11 0.7991221600956583 0.43787495376230284 0.16940389263822367 0.07158780162489599
