81 0.25450819672131153 0.7003642987249546 0.13688524590163934 0.15883424408014576
81 0.8282786885245902 0.7032786885245903 0.14672131147540968 0.1734061930783242
81 0.8344262295081967 0.035792349726776 0.14918032786885235 0.071584699453552
81 0.5385245901639345 0.037249544626593856 0.14098360655737707 0.07449908925318771
81 0.24918032786885255 0.0387067395264117 0.14426229508196722 0.0774134790528234
81 0.013934426229508244 0.3433515482695812 0.027868852459016488 0.1675774134790529
5 0.3938524590163935 0.5233151183970858 0.1401639344262295 0.166120218579235
5 0.10491803278688534 0.16921675774134798 0.14426229508196722 0.1748633879781421
5 0.9516393442622951 0.1604735883424409 0.09180327868852459 0.1748633879781421
73 0.10860655737704927 0.5255009107468126 0.14508196721311478 0.17049180327868854
73 0.9536885245901638 0.5284153005464483 0.09262295081967224 0.17340619307832428
73 0.6831967213114755 0.17140255009107477 0.14508196721311478 0.1675774134790529
10 0.3963114754098362 0.1750455373406194 0.14672131147540987 0.16612021857923495
10 0.26311475409836077 0.3440801457194901 0.11475409836065581 0.1777777777777777
10 0.6811475409836067 0.5225865209471771 0.13770491803278712 0.17340619307832436
45 0.962704918032788 0.35209471766848827 0.07131147540983641 0.16757741347905292
45 0.11024590163934436 0.695992714025501 0.1418032786885246 0.16174863387978128
45 0.8344262295081967 0.16557377049180338 0.15081967213114736 0.1792349726775957
45 0.2512295081967214 0.17358834244080157 0.13688524590163934 0.1719489981785064
46 0.684426229508197 0.03652094717668493 0.14426229508196728 0.07304189435336986
46 0.1028688524590165 0.03724954462659386 0.1434426229508197 0.07449908925318773
46 0.8310404518950436 0.5247813411078717 0.14513483965014587 0.1661807580174927
46 0.25419096209912534 0.5240524781341108 0.13775510204081634 0.16180758017492708
66 0.8310404518950437 0.8877551020408163 0.14185495626822145 0.17201166180758024
10 0.9528061224489796 0.891399416909621 0.09183673469387756 0.18221574344023325
11 0.6145681486880467 0.3513119533527697 0.43376457725947526 0.15743440233236158
