81 0.07338739067055394 0.7543731778425656 0.14677478134110788 0.16763848396501457
81 0.9376366618075803 0.4329446064139942 0.11725583090379005 0.1603498542274052
81 0.3669369533527697 0.4110787172011659 0.13365524781341115 0.16326530612244888
5 0.22590196793002917 0.4096209912536443 0.13857507288629742 0.16326530612244894
5 0.9405065597667637 0.25583090379008744 0.11807580174927121 0.16763848396501455
10 0.7978316326530613 0.7733236151603498 0.14595481049562692 0.17346938775510223
10 0.9540360787172013 0.6034985422740524 0.079537172011662 0.16326530612244902
10 0.2246720116618076 0.575801749271137 0.08199708454810498 0.1574344023323615
10 0.3702168367346939 0.24416909620991256 0.1336552478134111 0.15889212827988333
73 0.7986516034985424 0.4293002915451895 0.14103498542274054 0.16763848396501457
86 0.9378644314868805 0.7857142857142857 0.12427113702623899 0.1778425655976676
86 0.6559766763848398 0.2551020408163265 0.13447521865889214 0.16618075801749266
86 0.07748724489795919 0.40597667638483964 0.15005466472303208 0.17055393586005824
44 0.93745444606414 0.9395043731778426 0.12509110787172006 0.12099125364431487
44 0.8035714285714286 0.2543731778425656 0.14595481049562678 0.1647230320699708
44 0.6531067784256561 0.42419825072886297 0.1418549562682216 0.1574344023323615
44 0.21524234693877553 0.9263848396501458 0.1467747813411079 0.1413994169096209
32 0.22549198250728864 0.23542274052478135 0.14103498542274057 0.16472303206997083
32 0.06969752186588922 0.9183673469387756 0.13939504373177844 0.1603498542274052
16 0.7974216472303212 0.9322157434402328 0.1484147230320699 0.13265306122448944
16 0.07953717201166181 0.2303206997084548 0.1475947521865889 0.17492711370262393
11 0.577259475218659 0.5962099125364432 0.4903425655976676 0.15743440233236158
