81 0.6263830340012909 0.2668074911908984 0.07079058303133429 0.041949975129679656
81 0.7712029849085305 0.2676300397228529 0.06986521593288529 0.041949975129679656
81 0.9187990371111165 0.2626947485311259 0.07634278562202723 0.041949975129679656
81 0.9167169611396067 0.6019960179623581 0.07217863367900748 0.0888352414510863
81 0.6291591352966373 0.5999396466324718 0.0698652159328855 0.09130288704694976
5 0.6964795917087886 0.513572050777249 0.06199959559607066 0.08801269291913179
5 0.5544357420968955 0.3346677450771449 0.07217863367900762 0.0921254355789043
5 0.9789478985102895 0.3293211796194406 0.042104202979420934 0.08636759585522277
73 0.5581372104906908 0.5123382279793174 0.07217863367900755 0.08719014438717729
73 0.9787165567356771 0.5164509706390898 0.04256688652864554 0.08719014438717722
45 0.8440756439113738 0.33549029360909927 0.07032789948210981 0.0904803385149952
81 0.5090927542729036 0.4222691637302994 0.018507341968976264 0.08307740172740466
10 0.6282337681981885 0.4259706321240946 0.048581772668562874 0.07896465906763225
10 0.6980989841310741 0.33836921347094007 0.07171595012978316 0.08801269291913179
10 0.8424562514890891 0.5148058735751809 0.07541741852357844 0.08554504732326812
10 0.5576745269414664 0.6891861623495353 0.07032789948210989 0.08225485319545044
10 0.9777911896372286 0.6978229219350577 0.04441762072554312 0.08965778998304075
45 0.557211843392242 0.6015847436963808 0.0712532665805587 0.08472249879131376
45 0.6273084010997397 0.3359015678750765 0.06801448173598793 0.08307740172740473
45 0.9181050117872799 0.3334339222792131 0.07588010207280291 0.0896577899830407
46 0.9155602522665457 0.5139833250432264 0.07634278562202723 0.08389995025935917
46 0.6293904770712495 0.5119269537133401 0.06847716528521239 0.08307740172740473
66 0.9190303788857287 0.6949440020732169 0.0694025323836614 0.08389995025935917
10 0.9858881517486556 0.4247368093261629 0.028223696502688824 0.08801269291913165
46 0.8438443021367624 0.2676300397228529 0.06986521593288558 0.041949975129679656
66 0.6300845023950861 0.6879523395516035 0.06801448173598786 0.08307740172740466
46 0.5528163496746101 0.26639621692492116 0.07079058303133437 0.036192135405998124
11 0.8065982764241977 0.43008337478386705 0.2174612681354715 0.07731956200372317
23 0.9775516699646067 0.6049131575537268 0.04397095573942948 0.08969046410475456
