81 0.21688228862973766 0.37973760932944606 0.11561588921282802 0.13848396501457727
81 0.4477040816326531 0.38775510204081626 0.10331632653061221 0.13119533527696794
81 0.6711461370262392 0.3870262390670554 0.10741618075801745 0.13556851311953352
81 0.9011479591836735 0.3921282798833819 0.113155976676385 0.13119533527696794
81 0.8986880466472303 0.6698250728862973 0.12135568513119538 0.11807580174927118
81 0.8925382653061226 0.9358600583090378 0.11233600583090379 0.12536443148688037
81 0.21729227405247817 0.9373177842565598 0.11479591836734697 0.1253644314868805
5 0.099216472303207 0.5204081632653061 0.12463556851311954 0.13994169096209924
5 0.7810222303206998 0.5298833819241983 0.11233600583090393 0.13556851311953352
5 0.9776330174927114 0.8119533527696794 0.04473396501457714 0.13411078717201164
73 0.10085641399416911 0.8024781341107873 0.12135568513119534 0.129737609329446
73 0.781842201166181 0.8075801749271139 0.10085641399416909 0.13702623906705563
10 0.7793822886297377 0.6690962099125365 0.08117711370262384 0.1253644314868805
10 0.2246720116618076 0.6647230320699709 0.09511661807580175 0.12244897959183668
10 0.33249817784256563 0.5255102040816326 0.1106960641399417 0.13556851311953352
81 0.02049927113702624 0.6610787172011662 0.04099854227405248 0.10058309037900877
71 0.8949981778425657 0.532069970845481 0.11233600583090393 0.12827988338192425
71 0.3337281341107872 0.3855685131195335 0.10987609329446066 0.13265306122448975
10 0.9780430029154519 0.5335276967930028 0.04391399416909607 0.13411078717201164
49 0.9755830903790088 0.9416909620991254 0.048833819241982324 0.11661807580174938
49 0.7830721574344024 0.3935860058309038 0.11151603498542272 0.13411078717201164
49 0.21852223032069973 0.5196793002915452 0.1074161807580175 0.13265306122448983
1 0.21770225947521865 0.7973760932944606 0.11233600583090382 0.13411078717201164
1 0.01721938775510204 0.5218658892128281 0.03443877551020408 0.13702623906705547
81 0.01680940233236152 0.3760932944606414 0.03361880466472304 0.12827988338192423
1 0.7806122448979593 0.9387755102040817 0.10331632653061221 0.12244897959183675
19 0.09634657434402333 0.38119533527696786 0.1221756559766764 0.14431486880466474
19 0.667866253644315 0.5276967930029154 0.10905612244897966 0.13119533527696794
19 0.8933582361516037 0.8075801749271136 0.11725583090379005 0.1370262390670554
50 0.09798651603498541 0.9387755102040817 0.11725583090379008 0.12244897959183675
50 0.9800929300291545 0.39285714285714285 0.03981413994169088 0.13848396501457727
10 0.3907161078717201 0.12463556851311954 0.14841472303206996 0.24927113702623907
