81 0.11479591836734696 0.4868804664723032 0.10987609329446066 0.12244897959183668
81 0.32511844023323616 0.4876093294460641 0.10085641399416904 0.11807580174927118
81 0.11684584548104958 0.7339650145772595 0.1074161807580175 0.11516034985422735
81 0.7244442419825073 0.48906705539358597 0.09757653061224487 0.11807580174927104
81 0.9306669096209913 0.49271137026239065 0.10167638483965007 0.11953352769679298
81 0.9261570699708456 0.7325072886297375 0.09757653061224487 0.11807580174927111
81 0.7228043002915453 0.7361516034985423 0.09757653061224487 0.11370262390670562
81 0.9241071428571429 0.9584548104956268 0.10495626822157447 0.08309037900874643
81 0.722804300291545 0.9562682215743443 0.09921647230320742 0.08746355685131152
81 0.9376366618075803 0.23104956268221574 0.10413629737609327 0.10641399416909621
81 0.7260841836734694 0.23688046647230324 0.11233600583090379 0.09183673469387753
5 0.22098214285714288 0.3578717201166181 0.1057762390670554 0.12390670553935862
5 0.6272776967930029 0.11588921282798836 0.10003644314868801 0.12099125364431489
5 0.8277605685131195 0.3629737609329446 0.100856413994169 0.11661807580174922
5 0.030748906705539363 0.8644314868804664 0.059857871720116626 0.12827988338192425
81 0.11643586005830904 0.9642857142857143 0.10495626822157433 0.07142857142857138
73 0.02869897959183674 0.3556851311953353 0.05739795918367348 0.12827988338192423
73 0.42720481049562686 0.11151603498542276 0.10495626822157433 0.12099125364431489
73 0.8236607142857144 0.7339650145772595 0.09921647230320715 0.12099125364431487
73 0.6272776967930029 0.3637026239067056 0.09019679300291536 0.12390670553935866
10 0.8261206268221578 0.6122448979591837 0.09921647230320695 0.11661807580174904
10 0.8359602769679302 0.1129737609329446 0.10085641399416914 0.12099125364431487
10 0.21852223032069973 0.10349854227405249 0.1041362973760933 0.12536443148688048
10 0.1106960641399417 0.23032069970845484 0.06067784256559767 0.11953352769679303
10 0.6248177842565599 0.24052478134110786 0.06559766763848394 0.11078717201166181
10 0.22426202623906705 0.6115160349854227 0.1041362973760933 0.12682215743440245
10 0.03156887755102041 0.6064139941690962 0.06313775510204082 0.12244897959183675
10 0.2213921282798834 0.85932944606414 0.09675655976676385 0.12099125364431487
71 0.625637755102041 0.48906705539358597 0.09347667638483963 0.11516034985422742
71 0.2213921282798834 0.48760932944606417 0.10495626822157438 0.12390670553935862
71 0.03197886297376094 0.7339650145772595 0.059037900874635584 0.11807580174927111
71 0.21893221574344024 0.9613702623906706 0.09839650145772595 0.0772594752186589
71 0.3230685131195335 0.11005830903790087 0.10331632653061228 0.12099125364431487
71 0.7314139941690964 0.1129737609329446 0.10003644314868808 0.12099125364431487
10 0.8228407434402335 0.8534985422740526 0.09757653061224483 0.11224489795918374
8 0.826530612244898 0.48906705539358597 0.09839650145772595 0.11807580174927104
8 0.9437864431486881 0.108600583090379 0.10495626822157433 0.12099125364431487
8 0.030338921282798838 0.48323615160349853 0.060677842565597676 0.12390670553935862
8 0.11110604956268222 0.09766763848396502 0.10577623906705541 0.12827988338192423
5 0.02705903790087465 0.09475218658892126 0.0541180758017493 0.12536443148688048
8 0.22262208454810498 0.7325072886297376 0.09921647230320702 0.11224489795918373
8 0.9212372448979593 0.8542274052478135 0.1057762390670554 0.11953352769679312
8 0.8220207725947524 0.9584548104956268 0.09757653061224503 0.08309037900874643
28 0.9331268221574345 0.36370262390670555 0.09839650145772595 0.11516034985422738
28 0.7240342565597669 0.6107871720116618 0.10003644314868794 0.11953352769679312
28 0.11315597667638486 0.35860058309037895 0.10823615160349853 0.1282798833819242
69 0.11643586005830904 0.8607871720116617 0.10659620991253646 0.12099125364431487
8 0.528061224489796 0.1129737609329446 0.09839650145772595 0.1239067055393586
8 0.031158892128279887 0.9642857142857143 0.062317784256559774 0.07142857142857138
69 0.7252642128279885 0.3644314868804665 0.1057762390670554 0.12244897959183675
69 0.9269770408163273 0.6078717201166174 0.10741618075801682 0.11953352769679296
69 0.3267583819241983 0.3651603498542274 0.10249635568513121 0.12682215743440228
69 0.11561588921282802 0.6129737609329446 0.10823615160349856 0.12099125364431479
11 0.3669369533527697 0.23615160349854228 0.2992893586005831 0.11078717201166181
69 0.7228043002915453 0.8542274052478135 0.09429664723032076 0.11661807580174938
