81 0.5838192419825073 0.05830903790087463 0.10167638483965029 0.11661807580174927
81 0.7941417638483966 0.052478134110787174 0.11233600583090393 0.10495626822157435
81 0.38333637026239076 0.060495626822157436 0.09429664723032069 0.12099125364431487
81 0.1902332361516035 0.05830903790087463 0.09675655976676387 0.11661807580174927
81 0.1902332361516035 0.2951895043731778 0.09839650145772598 0.10349854227405246
81 0.023369169096209914 0.29008746355685133 0.04673833819241983 0.10495626822157438
81 0.7875819970845482 0.5670553935860058 0.10577623906705541 0.12244897959183663
81 0.7863520408163269 0.8228862973760935 0.10495626822157438 0.120991253644315
81 0.19515306122448983 0.5466472303206997 0.09019679300291546 0.1166180758017493
81 0.1947430758017493 0.7798833819241984 0.0942966472303207 0.11953352769679312
81 0.024189139941690967 0.7784256559766765 0.04509839650145773 0.11370262390670546
81 0.024189139941690967 0.5393586005830904 0.04509839650145773 0.11661807580174922
5 0.09675655976676385 0.7798833819241984 0.09511661807580177 0.11661807580174922
5 0.9007379737609327 0.9526239067055391 0.11725583090379005 0.09475218658892133
5 0.9101676384839652 0.16836734693877553 0.12135568513119538 0.1326530612244898
5 0.2857598396501458 0.18513119533527697 0.09265670553935859 0.11661807580174928
81 0.019269314868804666 0.05466472303206997 0.03853862973760933 0.10932944606413994
73 0.09675655976676385 0.9016034985422741 0.09675655976676387 0.11516034985422735
73 0.6863155976676384 0.1807580174927114 0.10331632653061212 0.11953352769679308
10 0.09880648688046648 0.661807580174927 0.09593658892128282 0.11661807580174915
10 0.09757653061224492 0.42055393586005835 0.09839650145772597 0.11516034985422742
10 0.6830357142857143 0.43804664723032066 0.10003644314868801 0.12099125364431487
10 0.9007379737609331 0.7055393586005831 0.11397594752186592 0.12827988338192411
81 0.9825528425655977 0.5750728862973761 0.03489431486880463 0.129737609329446
81 0.9800929300291545 0.8411078717201167 0.03981413994169088 0.13411078717201164
73 0.9048378279883383 0.44314868804664714 0.11561588921282784 0.1282798833819241
73 0.0938866618075802 0.1771137026239067 0.09921647230320702 0.1239067055393586
73 0.2873997813411079 0.42711370262390674 0.09429664723032069 0.12244897959183668
80 0.1931031341107872 0.42711370262390674 0.08937682215743444 0.11078717201166186
80 0.9809129008746357 0.7091836734693878 0.03817419825072875 0.12682215743440226
27 0.7879919825072887 0.9489795918367346 0.10331632653061235 0.10204081632653057
27 0.09757653061224492 0.5408163265306123 0.09675655976676387 0.11661807580174922
36 0.7949617346938777 0.17565597667638486 0.10413629737609327 0.12099125364431489
36 0.09101676384839649 0.05685131195335277 0.09839650145772595 0.11370262390670555
36 0.024189139941690963 0.6596209912536444 0.048378279883381926 0.11516034985422742
36 0.1931031341107872 0.9052478134110786 0.09265670553935862 0.10204081632653071
24 0.7863520408163267 0.6946064139941691 0.10659620991253661 0.129737609329446
24 0.2886297376093295 0.5524781341107872 0.09183673469387753 0.11953352769679298
24 0.9134475218658886 0.050291545189504364 0.11971574344023315 0.10058309037900873
24 0.02295918367346939 0.4212827988338192 0.04591836734693878 0.11661807580174922
36 0.900737973760933 0.836734693877551 0.11561588921282791 0.1370262390670554
59 0.19392310495626824 0.6610787172011661 0.09101676384839653 0.10932944606413983
59 0.09552660349854229 0.9810495626822157 0.0926567055393586 0.03790087463556844
59 0.28657981049562686 0.060495626822157436 0.09757653061224487 0.12099125364431487
55 0.19064322157434405 0.1836734693877551 0.08937682215743442 0.11661807580174927
55 0.9019679300291545 0.5736151603498542 0.11643586005830897 0.12682215743440226
55 0.5805393586005831 0.43804664723032066 0.09183673469387749 0.12099125364431487
10 0.19187317784256563 0.9810495626822157 0.09183673469387758 0.03790087463556844
10 0.9113975947521866 0.3068513119533528 0.0746173469387756 0.11807580174927114
68 0.5825892857142858 0.1793002915451895 0.09757653061224496 0.12244897959183675
68 0.022549198250728864 0.900874635568513 0.04509839650145773 0.11953352769679312
60 0.3886661807580175 0.43075801749271136 0.1016763848396502 0.11807580174927111
60 0.6805758017492712 0.564868804664723 0.10495626822157426 0.11807580174927111
60 0.02172922740524782 0.17711370262390674 0.04345845481049564 0.11807580174927114
27 0.6863155976676386 0.05758017492711371 0.09839650145772602 0.10932944606413995
78 0.7896319241982508 0.4402332361516035 0.10659620991253646 0.12244897959183675
78 0.3857962827988339 0.184402332361516 0.09757653061224487 0.12099125364431484
81 0.9858327259475219 0.3002915451895044 0.02833454810495624 0.11370262390670555
11 0.6432671282798834 0.31413994169096215 0.2960094752186589 0.10932944606414001
