81 0.5591333121915082 0.4915411195321386 0.055079407715706595 0.0625364703849666
81 0.6646636059661393 0.491129695384869 0.04952518172756811 0.06006792550134946
81 0.55867046002583 0.6170254844493409 0.055079407715706526 0.05677653232319321
81 0.560290442605703 0.7330470939793443 0.05369085121867248 0.037028173254256565
81 0.866004298036159 0.4923639678266775 0.05137659039028108 0.05924507720681042
81 0.9696831831480773 0.4923639678266775 0.05230229472163742 0.057599380617732336
81 0.9689889048995599 0.6166140603020716 0.05183944255595904 0.05595368402865425
81 0.9678317744853644 0.7297557008011887 0.053227999052993906 0.04031956643241244
81 0.8685499849473891 0.3639996338785883 0.05831937287545401 0.0444338079051078
81 0.9726917222249858 0.36194251314224074 0.05461655555002849 0.04854804937780294
81 0.8660042980361586 0.6141455154184539 0.04767377306485568 0.057599380617732204
5 0.6121298851616626 0.42530183182174597 0.051839442555959486 0.061713622090427425
5 0.9185380188406355 0.42900464914717207 0.049988033893246214 0.057599380617732336
5 0.8174048206399473 0.3031088600826999 0.05045088605892474 0.05924507720681039
5 0.514005226037883 0.29158898395915345 0.02777112994069235 0.06253647038496651
5 0.5156252086177568 0.6795619548343077 0.03101109510043976 0.06171362209042755
73 0.5142366521207219 0.4261246801162851 0.030085390769083505 0.06335931867950553
73 0.8171733945571081 0.4302389215889802 0.04535951223646457 0.06006792550134941
73 0.7162716224392591 0.3026974359354304 0.052765146887315525 0.061713622090427585
73 0.915066627598049 0.6149683637129936 0.05045088605892431 0.05595368402865425
10 0.6132870155758583 0.553254741622566 0.05230229472163742 0.05924507720681049
10 0.6107413286646279 0.29899461861000454 0.050913738224602725 0.060890773795888385
10 0.5598275904400255 0.3611196648477018 0.0444338079051078 0.06171362209042748
10 0.9220094100832219 0.30105173934635227 0.05230229472163742 0.06171362209042748
10 0.8183305249713037 0.36770245120401407 0.03656532108857817 0.056776532323193296
10 0.9169180362607618 0.5544890140643746 0.049525181727568396 0.06006792550134953
10 0.9148352015152099 0.6754477133616126 0.05091373822460255 0.056776532323193296
10 0.5158566347005952 0.5532547416225655 0.03147394726611782 0.057599380617732086
10 0.6132870155758582 0.6799733789815773 0.050450886058924456 0.05759938061773227
71 0.6118984590788237 0.49030684709032996 0.050450886058924456 0.058422228912271376
71 0.6644321798833002 0.3006403151990828 0.05369085121867194 0.0608907737958885
71 0.8692442631959065 0.3026974359354304 0.05137659039028108 0.05513083573411521
71 0.8174048206399473 0.4923639678266775 0.04489666007078597 0.05924507720681042
71 0.5160880607834349 0.6157912120075326 0.03008539076908342 0.05430798743957617
8 0.9164551840950835 0.49195254367940805 0.052302294721637284 0.058422228912271376
8 0.9655175136569732 0.6770934099506906 0.04952518172756825 0.058422228912271376
8 0.9143723493495315 0.7289328525066497 0.049062329561889585 0.040319566432412586
8 0.9752374091362159 0.3002288910518133 0.04952518172756825 0.06006792550134946
8 0.5549676427004038 0.2948803771373094 0.05322799905299378 0.06747356015220059
8 0.5156252086177567 0.4898954229430605 0.029159686437727005 0.06253647038496651
8 0.6144441459900534 0.6166140603020714 0.05369085121867183 0.060890773795888246
8 0.5158566347005958 0.7314013973902669 0.029622538603405246 0.03373678007610039
71 0.6132870155758582 0.7314013973902668 0.050450886058924456 0.0386738698433345
69 0.5591333121915082 0.5540775899171051 0.05322799905299362 0.055953684028654325
69 0.8671614284503545 0.43023892158898064 0.048136625230533386 0.05677653232319322
69 0.9676003484025253 0.5561347106534527 0.048136625230533386 0.05513083573411528
8 0.7667225084981837 0.30557740496631697 0.048136625230533525 0.0625364703849666
28 0.971071739645112 0.4298274974417111 0.04952518172756825 0.060890773795888434
28 0.5579761817773127 0.42612468011628535 0.05554225988138477 0.06500501526858365
28 0.5595961643571864 0.6787391065397688 0.05600511204706301 0.06171362209042755
28 0.8643843154562854 0.5536661657698356 0.04998803389324649 0.06006792550134953
11 0.6938232924038652 0.3648224821731272 0.16153540582169384 0.04937089767234173
69 0.6665150146288521 0.42900464914717207 0.05693081637841942 0.059245077206810354
