81 0.08199708454810496 0.5561224489795918 0.11479591836734696 0.13265306122448983
81 0.0824070699708455 0.825801749271137 0.1139759475218659 0.13265306122448975
81 0.7527332361516035 0.5699708454810496 0.10823615160349846 0.1311953352769679
81 0.7572430758017493 0.2908163265306123 0.11397594752186592 0.10349854227405249
81 0.9665634110787172 0.29154518950437314 0.0668731778425655 0.10787172011661805
81 0.9649234693877551 0.5750728862973762 0.07015306122448976 0.14139941690962105
81 0.9657434402332358 0.8542274052478135 0.0685131195335276 0.139941690962099
81 0.7502733236151604 0.8432944606413995 0.11643586005830912 0.12682215743440226
81 0.7621629008746355 0.040816326530612235 0.11397594752186563 0.08163265306122447
81 0.9714832361516035 0.034256559766763846 0.057033527696792985 0.06851311953352769
81 0.5317510932944607 0.04081632653061225 0.10577623906705533 0.0816326530612245
81 0.30912900874635574 0.03644314868804664 0.11151603498542279 0.07288629737609328
5 0.19761297376093295 0.41982507288629733 0.11479591836734693 0.1370262390670554
5 0.869579081632653 0.43367346938775514 0.11561588921282791 0.13265306122448975
5 0.6432671282798834 0.15379008746355685 0.10741618075801761 0.1326530612244898
73 0.8658892128279884 0.8520408163265306 0.11807580174927125 0.129737609329446
73 0.6412172011661806 0.43221574344023334 0.1082361516034985 0.12973760932944609
10 0.8675291545189505 0.7128279883381924 0.1197157434402331 0.13994169096209902
10 0.8679391399416906 0.9613702623906704 0.12217565597667657 0.07725947521865888
10 0.6469569970845481 0.29591836734693877 0.08035714285714292 0.13411078717201164
10 0.8785987609329448 0.1479591836734694 0.11397594752186613 0.13556851311953358
10 0.9318968658892129 0.08017492711370262 0.0024599125364431983 0.0029154518950437235
10 0.1967930029154519 0.1435860058309038 0.11479591836734696 0.13265306122448983
80 0.19720298833819241 0.5568513119533527 0.1090561224489796 0.13411078717201164
80 0.7510932944606413 0.7048104956268222 0.11151603498542272 0.12682215743440226
80 0.9653334548104957 0.9642857142857143 0.0693330903790087 0.07142857142857138
80 0.8810586734693878 0.03717201166180757 0.11561588921282805 0.07434402332361514
10 0.08199708454810496 0.27769679300291544 0.07871720116618078 0.12973760932944609
81 0.30789905247813415 0.5612244897959183 0.1041362973760933 0.13411078717201164
37 0.9682033527696791 0.1465014577259475 0.063593294460641 0.13848396501457721
37 0.1935131195335277 0.03498542274052479 0.11151603498542276 0.06997084548104958
60 0.08199708454810496 0.41545189504373176 0.11971574344023324 0.1370262390670554
60 0.9641034985422741 0.717930029154519 0.07179300291545175 0.14431486880466465
37 0.08281705539358601 0.6895043731778425 0.11643586005830904 0.13119533527696794
78 0.8683491253644315 0.5736151603498543 0.11643586005830912 0.13556851311953358
78 0.07666727405247814 0.1370262390670554 0.1238155976676385 0.14868804664723032
55 0.6408072157434404 0.5670553935860057 0.10741618075801766 0.1282798833819242
55 0.30994897959183676 0.42419825072886297 0.10495626822157433 0.1311953352769679
27 0.4226949708454811 0.04008746355685131 0.1090561224489796 0.08017492711370262
36 0.9657434402332362 0.435131195335277 0.06851311953352762 0.13556851311953344
59 0.7588830174927114 0.15451895043731778 0.11397594752186592 0.13411078717201166
59 0.07830721574344024 0.9504373177842566 0.11725583090379009 0.09912536443148695
10 0.19761297376093295 0.6938775510204082 0.10659620991253645 0.12827988338192411
68 0.7527332361516037 0.43367346938775514 0.10987609329446073 0.1268221574344024
68 0.30912900874635574 0.152332361516035 0.10987609329446066 0.12973760932944609
11 0.34438775510204084 0.2951895043731778 0.2951895043731779 0.12973760932944603
24 0.7486333819241981 0.9577259475218659 0.10987609329446053 0.08454810495626827
68 0.6465470116618076 0.042274052478134115 0.11233600583090396 0.08454810495626823
68 0.1967930029154519 0.8279883381924198 0.10659620991253643 0.1253644314868805
