81 0.07707725947521867 0.5510204081632654 0.11807580174927114 0.13119533527696794
81 0.7474034256559767 0.5663265306122449 0.11233600583090379 0.129737609329446
81 0.7527332361516037 0.2886297376093295 0.10987609329446073 0.10204081632653061
81 0.9665634110787172 0.2900874635568511 0.06687317784256534 0.11370262390670555
81 0.9612336005830905 0.5714285714285715 0.07753279883381907 0.1428571428571429
81 0.9620535714285714 0.8564139941690962 0.07589285714285708 0.13848396501457727
81 0.743713556851312 0.8418367346938775 0.11151603498542272 0.12390670553935848
81 0.30338921282798836 0.03644314868804664 0.11479591836734696 0.07288629737609328
81 0.5284712099125365 0.040816326530612256 0.1090561224489796 0.08163265306122451
81 0.7560131195335278 0.037900874635568516 0.11479591836734698 0.07580174927113703
5 0.1931031341107872 0.4154518950437318 0.11069606413994172 0.13411078717201172
5 0.8646592565597669 0.4314868804664723 0.11725583090379005 0.1370262390670554
5 0.6387572886297377 0.1552478134110787 0.11151603498542279 0.12973760932944609
73 0.635067419825073 0.4300291545189505 0.11069606413994165 0.13411078717201172
73 0.8613793731778433 0.845481049562682 0.11889577259475206 0.13411078717201105
81 0.0758473032069971 0.827259475218659 0.11725583090379012 0.13848396501457713
80 0.19105320699708458 0.5532069970845481 0.10987609329446066 0.13265306122448983
80 0.8761388483965014 0.03862973760932944 0.11561588921282807 0.07725947521865888
80 0.7424836005830905 0.7033527696793003 0.11725583090379019 0.1268221574344023
80 0.9612336005830905 0.9635568513119535 0.07753279883381907 0.07288629737609327
10 0.8613793731778426 0.7062682215743439 0.11889577259475204 0.12390670553935862
10 0.8708090379008746 0.14723032069970843 0.11971574344023334 0.1370262390670553
10 0.18818330903790093 0.13629737609329445 0.11561588921282802 0.141399416909621
10 0.1935131195335277 0.6895043731778426 0.11479591836734696 0.12827988338192411
10 0.8630193148688048 0.9599125364431486 0.11725583090379016 0.08017492711370258
27 0.41695517492711376 0.03717201166180758 0.1090561224489796 0.07434402332361516
78 0.8621993440233237 0.5706997084548106 0.11561588921282805 0.13556851311953358
78 0.07174744897959184 0.13265306122448983 0.1221756559766764 0.14285714285714288
37 0.07584730320699709 0.6895043731778425 0.115615889212828 0.13119533527696794
60 0.07502733236151606 0.4118075801749271 0.1205357142857143 0.13556851311953344
10 0.0807671282798834 0.27696793002915454 0.08773688046647232 0.1282798833819242
10 0.6387572886297376 0.2915451895043732 0.06887755102040813 0.12244897959183679
59 0.7535532069970846 0.152332361516035 0.11151603498542272 0.13265306122448978
59 0.07174744897959184 0.9518950437317784 0.1188957725947522 0.0962099125364432
68 0.30297922740524785 0.14504373177842567 0.11233600583090379 0.141399416909621
68 0.7494533527696794 0.4285714285714286 0.11151603498542272 0.13411078717201172
55 0.3050291545189505 0.4190962099125365 0.10495626822157438 0.13265306122448975
81 0.30420918367346944 0.5575801749271138 0.10987609329446063 0.12973760932944609
37 0.18900327988338195 0.034256559766763846 0.11069606413994171 0.06851311953352769
37 0.9677933673469389 0.14358600583090378 0.06441326530612229 0.1326530612244898
36 0.963283527696793 0.43075801749271136 0.07343294460641388 0.13265306122448983
55 0.6346574344023324 0.564868804664723 0.10659620991253654 0.12390670553935862
60 0.9616435860058309 0.7150145772594754 0.07671282798833814 0.13848396501457727
11 0.35955721574344024 0.28717201166180756 0.3271683673469387 0.1370262390670554
27 0.641217201166181 0.04008746355685131 0.10987609329446073 0.08017492711370262
81 0.06723760932944607 0.028425655976676387 0.11807580174927114 0.05685131195335277
