81 0.28165998542274057 0.36588921282798836 0.1090561224489796 0.12827988338192423
81 0.7277241253644314 0.3753644314868805 0.10905612244897966 0.12973760932944609
81 0.9519861516034986 0.3753644314868805 0.09347667638483954 0.13556851311953355
81 0.9468841107871719 0.6552478134110788 0.10623177842565595 0.11807580174927111
81 0.9477040816326532 0.9300291545189505 0.10459183673469369 0.13994169096209902
81 0.28125 0.9088921282798833 0.10659620991253643 0.12973760932944614
81 0.055348032069970854 0.9147230320699709 0.10905612244897961 0.1268221574344024
81 0.054528061224489804 0.3629737609329446 0.10905612244897961 0.13119533527696792
5 0.1676840379008747 0.5 0.11233600583090382 0.1311953352769679
5 0.8408801020408164 0.5131195335276968 0.11397594752186592 0.13411078717201172
73 0.1685040087463557 0.7762390670553936 0.115615889212828 0.13265306122448975
73 0.8371902332361516 0.7864431486880465 0.11315597667638462 0.129737609329446
81 0.05575801749271138 0.6275510204081632 0.11151603498542276 0.09766763848396494
73 0.6145681486880467 0.5065597667638484 0.10577623906705547 0.12099125364431494
10 0.3935860058309038 0.5036443148688047 0.11315597667638479 0.1268221574344024
10 0.2849398688046647 0.64067055393586 0.06313775510204085 0.12390670553935848
10 0.45221392128279886 0.12536443148688048 0.1566144314868805 0.2448979591836735
10 0.8380102040816328 0.6545189504373178 0.07871720116618079 0.1282798833819242
71 0.9509839650145773 0.5160349854227405 0.09803206997084529 0.13994169096209916
71 0.39440597667638483 0.37099125364431484 0.10823615160349853 0.12973760932944603
71 0.054528061224489804 0.7755102040816325 0.10577623906705541 0.1311953352769679
49 0.844569970845481 0.3746355685131195 0.11315597667638472 0.1341107871720116
49 0.28165998542274057 0.5036443148688047 0.1090561224489796 0.13265306122448983
50 0.1685040087463557 0.9088921282798833 0.115615889212828 0.12682215743440226
1 0.8347303206997085 0.9293002915451894 0.11807580174927111 0.13556851311953352
1 0.6149781341107873 0.37682215743440234 0.1016763848396502 0.12973760932944603
1 0.2837099125364432 0.7740524781341108 0.10823615160349853 0.12827988338192425
1 0.05329810495626823 0.500728862973761 0.10659620991253646 0.13556851311953352
19 0.16604409620991256 0.3644314868804665 0.1139759475218659 0.13411078717201166
19 0.725674198250729 0.511661807580175 0.11151603498542287 0.13119533527696803
19 0.9474763119533529 0.7944606413994169 0.10413629737609327 0.1428571428571429
