81 0.2295918367346939 0.2900874635568513 0.0934766763848397 0.11078717201166179
81 0.041408527696793006 0.2893586005830904 0.08281705539358601 0.11224489795918366
81 0.04878826530612245 0.7361516034985423 0.0942966472303207 0.10204081632653057
81 0.23615160349854228 0.7346938775510204 0.09183673469387756 0.10204081632653057
81 0.7892219387755103 0.29591836734693877 0.09101676384839649 0.1078717201166181
81 0.7830721574344024 0.521137026239067 0.09675655976676381 0.09183673469387763
81 0.971893221574344 0.293002915451895 0.05621355685131192 0.10787172011661805
81 0.9682033527696794 0.5291545189504374 0.06359329446064138 0.0962099125364432
81 0.9620535714285714 0.7536443148688048 0.07589285714285708 0.11370262390670562
81 0.9595936588921283 0.9628279883381924 0.08081268221574334 0.07434402332361514
81 0.7797922740524781 0.7448979591836736 0.09019679300291539 0.10495626822157465
81 0.7728225218658892 0.9584548104956268 0.09593658892128289 0.0772594752186589
81 0.23902150145772594 0.9511661807580175 0.09265670553935859 0.09766763848396494
81 0.05206814868804664 0.9511661807580175 0.09265670553935859 0.09766763848396494
81 0.044278425655976686 0.5189504373177843 0.08855685131195337 0.09329446064139937
5 0.1373451166180758 0.3986880466472303 0.09429664723032069 0.10641399416909621
5 0.692875364431487 0.40889212827988336 0.0869169096209913 0.10349854227405246
5 0.8769588192419826 0.6384839650145772 0.0893768221574345 0.10204081632653057
71 0.32347849854227406 0.2915451895043732 0.09101676384839646 0.1166180758017493
71 0.785942055393586 0.4103498542274053 0.09101676384839649 0.10349854227405246
71 0.9645134839650146 0.6392128279883381 0.07097303206997069 0.10932944606413997
71 0.0479682944606414 0.6260932944606413 0.0910167638483965 0.10349854227405246
71 0.23984147230320702 0.8418367346938774 0.09429664723032072 0.10058309037900884
49 0.693695335276968 0.2951895043731778 0.09019679300291557 0.10641399416909621
49 0.8749088921282799 0.750728862973761 0.08855685131195329 0.1078717201166181
49 0.14882470845481052 0.9467930029154519 0.0877368804664723 0.09475218658892132
50 0.891308309037901 0.29591836734693877 0.09511661807580168 0.11078717201166174
50 0.14677478134110788 0.7354227405247813 0.09347667638483965 0.10349854227405246
50 0.7822521865889215 0.8607871720116619 0.08363702623906719 0.1005830903790087
1 0.043048469387755105 0.39941690962099125 0.08609693877551021 0.10495626822157433
1 0.2349216472303208 0.6239067055393587 0.08937682215743449 0.10787172011661829
1 0.9690233236151604 0.4125364431486881 0.0619533527696791 0.11370262390670555
49 0.23287172011661808 0.40451895043731784 0.0901967930029155 0.10641399416909629
10 0.32429846938775514 0.40743440233236156 0.08773688046647234 0.10641399416909614
10 0.8851585276967932 0.41472303206997085 0.09593658892128275 0.10349854227405246
10 0.686725583090379 0.5262390670553936 0.06149781341107868 0.09912536443148688
10 0.23287172011661808 0.5182215743440233 0.05903790087463559 0.10058309037900877
10 0.14513483965014579 0.8425655976676384 0.09183673469387758 0.09329446064139958
10 0.8683491253644315 0.8615160349854227 0.09019679300291557 0.10787172011661823
19 0.1340652332361516 0.2857142857142857 0.0942966472303207 0.10787172011661805
19 0.7822521865889214 0.6341107871720116 0.08855685131195344 0.11078717201166172
19 0.05042820699708456 0.8447521865889212 0.0942966472303207 0.10641399416909636
73 0.14103498542274054 0.6260932944606413 0.09347667638483964 0.10641399416909614
73 0.8683491253644315 0.9555393586005831 0.09675655976676381 0.08017492711370253
11 0.469433309037901 0.5255102040816326 0.28452988338192425 0.09475218658892132
