81 0.10946610787172012 0.2529154518950436 0.12873542274052477 0.14723032069970832
81 0.363247084548105 0.2602040816326531 0.11807580174927111 0.15306122448979587
81 0.616618075801749 0.25655976676384834 0.11315597667638466 0.15160349854227398
81 0.8675291545189503 0.2514577259475219 0.129555393586006 0.15014577259475217
81 0.868759110787172 0.8717201166180757 0.13037536443148695 0.15451895043731795
81 0.107006195335277 0.8709912536443142 0.1303753644314869 0.1530612244897957
81 0.11479591836734696 0.5502915451895043 0.13119533527696794 0.11224489795918366
5 0.2406614431486881 0.40670553935860054 0.1254555393586006 0.14868804664723037
5 0.9673833819241984 0.4008746355685131 0.06523323615160337 0.15160349854227406
10 0.9821428571428572 0.5612244897959183 0.03571428571428555 0.1486880466472303
10 0.3706268221574344 0.5612244897959183 0.08527696793002917 0.13994169096209907
10 0.7465834548104957 0.7172011661807579 0.100856413994169 0.14868804664723015
10 0.9686133381924199 0.9781341107871719 0.0627733236151603 0.04373177842565596
73 0.9673833819241984 0.7164723032069971 0.06523323615160337 0.153061224489796
73 0.7396137026239069 0.4103498542274053 0.12463556851311966 0.14723032069970854
73 0.2406614431486881 0.7164723032069971 0.1238155976676385 0.15014577259475204
49 0.10823615160349856 0.715743440233236 0.12955539358600585 0.15160349854227398
49 0.8675291545189505 0.4037900874635568 0.12791545189504375 0.15160349854227398
75 0.11151603498542276 0.40670553935860054 0.12955539358600585 0.14577259475218654
75 0.9686133381924199 0.8746355685131195 0.0627733236151603 0.14868804664723043
21 0.8675291545189505 0.7164723032069971 0.13447521865889228 0.1443148688046648
21 0.7404336734693878 0.2587463556851312 0.1295553935860059 0.14139941690962105
21 0.3648870262390671 0.4096209912536443 0.12135568513119538 0.1486880466472303
71 0.23943148688046648 0.2536443148688047 0.12463556851311954 0.14868804664723034
49 0.022139212827988343 0.25 0.044278425655976686 0.15306122448979592
73 0.022139212827988343 0.40670553935860054 0.044278425655976686 0.14577259475218654
79 0.611698250728863 0.4096209912536443 0.1229956268221573 0.1486880466472303
79 0.24107142857142858 0.8739067055393587 0.13119533527696794 0.15306122448979578
11 0.6932853498542275 0.5583090379008746 0.3419278425655978 0.1282798833819242
