81 0.08855685131195333 0.26603498542274046 0.08855685131195334 0.10058309037900866
81 0.2591107871720117 0.26822157434402333 0.08527696793002913 0.10204081632653061
81 0.42802478134110794 0.27623906705539364 0.07707725947521865 0.10349854227405249
81 0.7761024052478135 0.27623906705539364 0.08445699708454811 0.10349854227405249
81 0.9595936588921283 0.2747813411078717 0.08081268221574334 0.10349854227405249
81 0.9528061224489797 0.49125364431486884 0.09019679300291557 0.08454810495626823
81 0.7699526239067057 0.4803206997084548 0.09511661807580182 0.08309037900874636
81 0.0942966472303207 0.46938775510204084 0.09347667638483965 0.07580174927113703
81 0.26649052478134116 0.6785714285714286 0.08199708454810498 0.09475218658892132
81 0.10290634110787174 0.6785714285714282 0.0877368804664723 0.0976676384839649
81 0.10618622448979594 0.8717201166180757 0.08117711370262391 0.09329446064139958
81 0.26649052478134116 0.8760932944606413 0.07871720116618079 0.0962099125364432
81 0.9409165451895045 0.7026239067055394 0.08773688046647238 0.0962099125364432
81 0.932716836734694 0.9016034985422741 0.0893768221574345 0.1005830903790087
81 0.7617529154518953 0.6902332361516037 0.08363702623906707 0.09183673469387807
81 0.7572430758017495 0.889941690962099 0.08937682215743437 0.0889212827988338
5 0.346847667638484 0.5809037900874635 0.08035714285714285 0.09766763848396515
5 0.17588374635568516 0.37099125364431484 0.08773688046647232 0.09475218658892132
5 0.6846756559766765 0.38483965014577265 0.08527696793002917 0.09912536443148688
5 0.8523596938775511 0.5932944606413995 0.08281705539358597 0.0962099125364432
5 0.18941326530612249 0.9591836734693877 0.07707725947521867 0.07288629737609327
5 0.03197886297376094 0.8709912536443148 0.059037900874635584 0.09766763848396494
73 0.181213556851312 0.5794460641399417 0.08363702623906707 0.09766763848396501
73 0.02172922740524781 0.37099125364431484 0.04345845481049562 0.1005830903790087
73 0.8429300291545191 0.892128279883382 0.08363702623906705 0.09329446064139944
73 0.030748906705539363 0.9620991253644314 0.061497813411078725 0.07288629737609327
10 0.1844934402332362 0.7747813411078718 0.08363702623906707 0.09183673469387756
10 0.2656705539358601 0.4744897959183673 0.04427842565597672 0.09183673469387763
10 0.3464376822157435 0.3753644314868805 0.07953717201166186 0.09475218658892125
10 0.8626093294460643 0.38265306122448983 0.08363702623906705 0.09475218658892132
10 0.8478498542274053 0.7951895043731778 0.08363702623906705 0.1005830903790087
71 0.9454263848396502 0.5954810495626822 0.08199708454810505 0.09475218658892139
71 0.7720025510204083 0.3833819241982507 0.09101676384839663 0.10495626822157433
71 0.34602769679300294 0.271865889212828 0.08035714285714285 0.10349854227405246
10 0.026649052478134115 0.5736151603498542 0.05329810495626823 0.0889212827988338
10 0.030748906705539363 0.7718658892128281 0.061497813411078725 0.09475218658892132
49 0.8494897959183675 0.6946064139941691 0.0819970845481049 0.09766763848396494
49 0.688365524781341 0.27696793002915454 0.08445699708454825 0.10204081632653064
49 0.26321064139941697 0.37755102040816324 0.08199708454810495 0.09912536443148681
49 0.1877733236151604 0.8724489795918368 0.08035714285714286 0.09183673469387756
49 0.028288994169096218 0.6771137026239065 0.056577988338192435 0.0947521865889212
71 0.2664905247813411 0.7747813411078718 0.07707725947521865 0.09183673469387756
50 0.7605229591836735 0.7922740524781341 0.07953717201166172 0.09475218658892132
50 0.9294369533527697 0.9795918367346939 0.08937682215743437 0.040816326530612346
10 0.8400601311953353 0.9715743440233237 0.08281705539358597 0.05685131195335273
50 0.8667091836734694 0.2740524781341108 0.0869169096209913 0.10495626822157433
50 0.1828534985422741 0.6778425655976676 0.07707725947521867 0.09037900874635561
19 0.17547376093294464 0.2653061224489796 0.08691690962099125 0.10204081632653064
19 0.7646228134110788 0.5889212827988338 0.08281705539358597 0.09912536443148688
19 0.9372266763848398 0.8032069970845481 0.09019679300291543 0.08746355685131192
19 0.10085641399416911 0.7755102040816333 0.08035714285714293 0.08746355685131099
19 0.27059037900874633 0.9642857142857142 0.07543731778425655 0.06268221574344025
50 0.01844934402332362 0.2602040816326531 0.03689868804664724 0.09766763848396501
1 0.08937682215743442 0.369533527696793 0.08691690962099127 0.10349854227405246
1 0.2652605685131196 0.5787172011661808 0.07953717201166179 0.09329446064139951
1 0.9573159620991255 0.3826530612244898 0.08445699708454811 0.10058309037900877
71 0.09593658892128282 0.5787172011661806 0.08527696793002916 0.09620991253644309
11 0.48009293002915454 0.49271137026239065 0.27961005830903785 0.09329446064139944
10 0.6826257288629739 0.48906705539358597 0.053298104956268307 0.09475218658892132
10 0.38579628279883393 0.07580174927113699 0.11397594752186607 0.15160349854227398
