81 0.5702417641677852 0.6765009591786226 0.06803926835469631 0.07487919480305216
81 0.569778912002107 0.5168683900380501 0.06896497268605273 0.05842222891227131
81 0.5725560249961762 0.3646414555483289 0.06618785969198364 0.07652489139213017
81 0.6996089444748438 0.36711000043194597 0.06109648586952332 0.07487919480305194
81 0.8252733074564753 0.36834427287375304 0.057856520709773325 0.0757020430975907
81 0.9571861746747645 0.36217291066471136 0.06618785969198548 0.08146198115936353
81 0.955797618177731 0.6806152006513179 0.06803926835469638 0.07981628457028635
5 0.6366610499426077 0.4440463159713457 0.06294789453223615 0.07241064991943497
73 0.6378181803568032 0.600387491933762 0.06341074669791417 0.0757020430975912
73 0.8900726106514258 0.44528058841315415 0.06433645102927045 0.07323349821397393
10 0.6993775183920047 0.5205712073634757 0.04397095573942963 0.06911925674127886
10 0.5204851563573779 0.5995646436392229 0.038879581916969386 0.07734773968666922
10 0.6359667716940903 0.7336889156490856 0.06803926835469631 0.03785102154879539
10 0.892618297562656 0.5999760677864925 0.055542259881384975 0.07652489139213017
71 0.6359667716940904 0.36711000043194597 0.06248504236655791 0.07487919480305194
49 0.955797618177731 0.441166346940459 0.06433645102927073 0.07323349821397407
49 0.5193280259431824 0.36505287969559846 0.03471391242586549 0.07734773968666922
49 0.5713988945819807 0.598741795344684 0.062022190200879665 0.07734773968666922
21 0.955566192094892 0.60203318852284 0.0666507118576618 0.07405634650851298
21 0.8891469063200694 0.368755697021024 0.06711356402334005 0.073233498213974
21 0.5186337476946651 0.6793809282095091 0.03517676459154373 0.07899343627574737
21 0.6979889618949702 0.4440463159713457 0.058782225041131966 0.07241064991943497
73 0.5195594520260215 0.441166346940459 0.040730990579682214 0.07323349821397407
75 0.5727874510790153 0.44322346767680654 0.06294789453223608 0.07076495333035687
79 0.6375867542739642 0.6781466557677005 0.06387359886359228 0.07817058798120818
79 0.8243476031251205 0.44486916426588463 0.06155933803520128 0.07405634650851298
11 0.8754927674325623 0.5185140866271282 0.1610725536560159 0.06500501526858365
