81 0.5272659405845638 0.41537005290666046 0.050404600842356616 0.058833653059540934
81 0.6262931614314161 0.41853801884063574 0.04684063916663454 0.056118253687562215
81 0.8184925232292914 0.42170598477461096 0.047349776548880555 0.05521312056356912
81 0.9187925875317587 0.42080085165061804 0.050404600842356616 0.057023386811555096
81 0.5333755891715161 0.651609798268817 0.04836805131337265 0.05702338681155503
81 0.531339039642532 0.5348476252737282 0.055495974664817 0.040730990579682214
81 0.9177743127672667 0.5402784240176858 0.05549597466481686 0.0461617893236398
81 0.9142103510915445 0.6606611295087464 0.050404600842356616 0.05340285431558343
19 0.5786888161914125 0.41944315196462867 0.0493863260778646 0.059738786183533815
19 0.9157377632382827 0.6000172102012197 0.051422875606848634 0.06245418555551268
19 0.5349030013182542 0.7072754853943826 0.04225840272642038 0.05430798743957624
71 0.6738975066714197 0.42080085165061804 0.04633150178438825 0.057023386811555096
71 0.9182834501495126 0.48099220439614837 0.050404600842356616 0.06154905243151973
71 0.5321027457159012 0.5923235786472798 0.04684063916663454 0.050687454943604486
49 0.868387986689402 0.4221585513366075 0.04836805131337272 0.05792851993554805
49 0.9658877953895163 0.6642816620047182 0.04989546346011067 0.058833653059540934
49 0.6278205735781541 0.47963450471015906 0.046840639166634335 0.05702338681155496
5 0.5791979535736586 0.47782423846217315 0.04633150178438839 0.05521312056356919
5 0.86482402501368 0.48008707127215544 0.050404600842356755 0.05430798743957638
5 0.9653786580072702 0.6036377426971914 0.058041661576046975 0.05340285431558336
1 0.5293024901135478 0.4773716719001766 0.050404600842356755 0.05792851993554812
10 0.697826963636983 0.30449124521752563 0.06567872230973748 0.10861597487915255
10 0.9714883065942226 0.48234990408213785 0.051932012989094715 0.06064391930752677
10 0.8640603189403108 0.5411835571416787 0.02952996817026957 0.05521312056356919
10 0.625529455358047 0.5362053249597176 0.03105738031700767 0.05430798743957631
10 0.9646149519339011 0.7194947825682874 0.050404600842356755 0.057023386811555096
10 0.5840347587049959 0.7122537175763438 0.05091373822460277 0.057023386811555096
50 0.9735248561232066 0.4203482850886216 0.05295028775358673 0.05973878618353389
50 0.5830164839405038 0.6507046651448241 0.048877188695618516 0.05521312056356912
50 0.9119192328714373 0.7208524822542768 0.04785891393112649 0.05249772119159033
73 0.5812345031026427 0.5932287117712726 0.050404600842356616 0.05249772119159033
