81 0.6299496935402737 0.37945272485003145 0.043045251408073 0.05183944255595918
81 0.5403877994815405 0.3769841799664141 0.04535951223646396 0.05183944255595927
81 0.545247747221162 0.48354303410921917 0.045822364402142456 0.04278811131602971
81 0.5484877123809094 0.5839305260429812 0.043045251408073214 0.051016594261419995
81 0.5501076949607829 0.6830837455349346 0.043508103573751386 0.048548049377803014
81 0.6322639543686648 0.5863990709265983 0.04026813841400397 0.05101659426142014
81 0.9726917222249858 0.5942161297247192 0.04165669491103856 0.05348513914503727
81 0.9768573917160895 0.4868344272873753 0.04628521656782098 0.039496718137873615
81 0.8863697933260001 0.4872458514346448 0.04767377306485542 0.038673869843334645
81 0.890766888899943 0.3823326938809181 0.0416566949110387 0.05266229085049822
81 0.980560209041515 0.38068699729183975 0.03887958191696938 0.05266229085049806
81 0.9680632005682027 0.6954264699530195 0.042582399242395465 0.05183944255595914
81 0.8854440889946428 0.5917475848411006 0.04026813841400337 0.046902352788725066
81 0.6327268065343429 0.6830837455349348 0.03749102541993466 0.045256656199646986
5 0.5149309303692395 0.6830837455349348 0.026845425609335862 0.04690235278872478
5 0.5938472246173737 0.7275175534400427 0.0393424340826477 0.038673869843334645
5 0.5873672942978788 0.430057894964182 0.043045251408073144 0.049370897672342054
5 0.8440188201664443 0.4358178330259552 0.04165669491103841 0.05266229085049815
5 0.9291836186512341 0.5411424147269516 0.04350810357375167 0.051016594261419995
73 0.590375833374787 0.5345596283706393 0.04165669491103849 0.04937089767234212
73 0.9233979665802565 0.6933693492166728 0.0421195470767168 0.0477252010832639
81 0.8819726977520572 0.6925465009221337 0.03795387758561276 0.04607950449418581
73 0.5167823390319524 0.7283404017345816 0.030548242934761518 0.038673869843334645
73 0.5116909652094921 0.430057894964182 0.020365495289840965 0.049370897672342054
10 0.6725320927826688 0.4341721364368772 0.041193842745360316 0.04772520108326397
10 0.6322639543686648 0.48395445825648864 0.03008539076908342 0.04690235278872486
10 0.9340435663908554 0.4366406813204942 0.043045251408073144 0.05266229085049808
10 0.9252493752429695 0.6452327239861393 0.041193842745360316 0.05019374596688117
10 0.9222408361660611 0.7353346122381634 0.040730990579682214 0.029622538603405246
10 0.5917643898718218 0.6337128478625926 0.04165669491103856 0.04525665619964677
10 0.5163194868662737 0.6337128478625926 0.02591972127797957 0.046902352788725205
10 0.5137737999550439 0.5320910834870222 0.022679756118232176 0.046079504494185956
49 0.5933843724516954 0.6839065938294737 0.03841672975129121 0.0452566561996467
49 0.6313382500373084 0.43211501570052957 0.0421195470767168 0.050193745966881094
49 0.8454073766634786 0.38068699729184 0.04258239924239476 0.05266229085049808
49 0.9271007839056823 0.5938047055774497 0.041193842745360316 0.05101659426142014
49 0.5130795217065266 0.5859876467793288 0.026845425609336004 0.04690235278872486
71 0.9747745569705376 0.5423766871687601 0.04397095573942934 0.048548049377803014
71 0.5480248602152311 0.5349710525179089 0.04489666007078597 0.04854804937780294
71 0.6734577971140248 0.38150984558637885 0.041193842745360296 0.051016594261419884
81 0.7134945094451899 0.3831555421754571 0.03517676459154373 0.05101659426142014
81 0.8025935513382447 0.38356696632272663 0.042119547076716654 0.050193745966881094
71 0.8884526280715512 0.4362292571732236 0.04443380790510894 0.04854804937780293
10 0.8423988375865704 0.4876572755819144 0.024531164780944862 0.046079504494185956
19 0.5503391210436223 0.635358544451671 0.03934243408264756 0.046902352788725066
19 0.5859787378008441 0.3773956041136839 0.04397095573942956 0.051016594261419995
19 0.9703774613965944 0.6472898447224869 0.04443380790510773 0.04937089767234191
19 0.8845183846632872 0.5407309905796821 0.043970955739429766 0.046902352788724996
19 0.6341153630313774 0.7308089466181973 0.038416729751291546 0.0419652630214906
71 0.6329582326171821 0.6349471203044014 0.03795387758561304 0.0444338079051078
50 0.9358949750535683 0.38109842143910955 0.04211954707671694 0.05348513914503719
50 0.5919958159546608 0.5851647984847899 0.041193842745360455 0.04690235278872493
50 0.5526533818720133 0.7279289775873121 0.03934243408264763 0.03785102154879553
50 0.8828984020834136 0.6427641791025223 0.0388795819169691 0.04854804937780308
50 0.9671374962368471 0.7353346122381634 0.04813662523053324 0.023039752247092905
1 0.6322639543686648 0.5357939008124478 0.03934243408264763 0.05019374596688081
1 0.5443220428898056 0.430057894964182 0.04304525140807328 0.049370897672342054
1 0.9782459482131235 0.4370521054677624 0.04350810357375063 0.055130835734115174
50 0.5093767043811009 0.37616133167187527 0.014811269301702623 0.050193745966881025
19 0.8018992730897274 0.43499498473141623 0.03980528624832573 0.051016594261420065
10 0.6928975880725099 0.2844137468307731 0.06526215536062722 0.06911925674127875
