81 0.5713988945819807 0.6723867177059273 0.06572500752630532 0.073233498213974
81 0.5730188771618543 0.5111084519762769 0.06155933803520142 0.056776532323193296
81 0.5737131554103716 0.36176148651744205 0.0666507118576618 0.07734773968666907
81 0.7023860574689131 0.36505287969559835 0.06757641618901801 0.0757020430975912
81 0.8259675857049942 0.36423003140105936 0.06109648586952346 0.07405634650851312
81 0.9578804529232818 0.35600154845566856 0.06665071185766275 0.07734773968666858
81 0.9569547485919264 0.6756781108840836 0.06572500752630546 0.07817058798120825
5 0.6378181803568029 0.43828637790957164 0.06341074669791472 0.07405634650851288
73 0.5211794346058952 0.4370521054677638 0.0374910254199348 0.07817058798120825
73 0.6387438846881597 0.5921590089883716 0.06341074669791417 0.0757020430975912
73 0.8921554453969768 0.43828637790957176 0.06572500752630644 0.07570204309758989
10 0.7009975009718784 0.5176912383325891 0.04258239924239504 0.073233498213974
10 0.8928497236454951 0.5954504021665277 0.058782225041132105 0.07899343627574723
10 0.6378181803568027 0.7336889156490841 0.06618785969198472 0.0394967181378734
10 0.520485156357378 0.5966846746083363 0.03517676459154366 0.0765248913921301
10 0.5186337476946651 0.7332774915018158 0.0333253559288309 0.03209108348702216
71 0.6366610499426077 0.3629957589592508 0.06294789453223615 0.07652489139213017
49 0.9571861746747657 0.4370521054677637 0.0634107466979144 0.07487919480305201
49 0.5718617467476588 0.591747584841102 0.06572500752630525 0.07158780162489592
49 0.5195594520260215 0.3584700933392861 0.03702817325425656 0.07405634650851298
75 0.5716303206648198 0.4370521054677638 0.06526215536062707 0.07652489139213017
21 0.7047003182973041 0.43993207449865046 0.06572500752630532 0.06747356015220078
21 0.890998314982782 0.3601157899283642 0.06433645102927059 0.07241064991943488
21 0.9560290442605701 0.5942161297247193 0.06387359886359263 0.06994210503581783
21 0.5195594520260215 0.672798141853197 0.03702817325425656 0.07570204309759113
79 0.6389753107709988 0.6723867177059273 0.06479930319494898 0.07487919480305201
79 0.8243476031251205 0.4399320744986504 0.06526215536062722 0.07076495333035694
11 0.8738727848526884 0.5164569658907806 0.15968399715898116 0.06253647038496651
