81 0.13611516034985421 0.23323615160349853 0.13119533527696792 0.1574344023323615
81 0.13611516034985424 0.5335276967930029 0.13775510204081634 0.13119533527696794
81 0.39563593294460647 0.24271137026239067 0.13201530612244894 0.15306122448979592
81 0.6416271865889214 0.24125364431486884 0.11397594752186592 0.14723032069970848
81 0.9015579446064141 0.22959183673469374 0.13201530612244908 0.1530612244897957
81 0.9003279883381926 0.8622448979591837 0.1410349854227405 0.1530612244897961
5 0.2664905247813411 0.3877551020408163 0.12299562682215744 0.14577259475218654
10 0.3927660349854228 0.5400874635568513 0.07707725947521865 0.13848396501457727
10 0.7732325072886299 0.7018950437317784 0.1016763848396502 0.15306122448979578
10 0.036078717201166184 0.6997084548104957 0.07215743440233237 0.16034985422740525
10 0.2529610058309038 0.9635568513119535 0.10577623906705547 0.07288629737609327
10 0.033618804664723036 0.9693877551020408 0.06723760932944607 0.06122448979591837
71 0.264850583090379 0.23615160349854228 0.1246355685131196 0.151603498542274
73 0.767902696793003 0.391399416909621 0.1303753644314868 0.15014577259475215
73 0.2652605685131196 0.6975218658892129 0.12217565597667644 0.15014577259475217
73 0.036898688046647234 0.3855685131195335 0.07379737609329447 0.1472303206997085
49 0.897868075801749 0.3892128279883382 0.12791545189504372 0.1457725947521867
49 0.03484876093294461 0.23104956268221574 0.06969752186588922 0.1501457725947522
49 0.14062500000000003 0.6989795918367346 0.13365524781341104 0.15014577259475215
75 0.13939504373177844 0.3877551020408163 0.12463556851311954 0.14868804664723034
79 0.6371173469387756 0.391399416909621 0.12955539358600568 0.15014577259475215
21 0.899098032069971 0.7018950437317784 0.1418549562682216 0.1588921282798833
21 0.7674927113702625 0.23615160349854228 0.1279154518950436 0.14285714285714285
21 0.033618804664723036 0.8564139941690962 0.06723760932944607 0.14723032069970843
11 0.735103862973761 0.5444606413994169 0.3140488338192421 0.12682215743440226
21 0.39727587463556857 0.39285714285714285 0.13201530612244902 0.13556851311953352
