81 0.5580687522104484 0.3683031304590277 0.06516958492749161 0.07693631553939966
81 0.5583233209015714 0.5226283280998234 0.06364217278075344 0.059738786183533746
81 0.5567959087548333 0.6855522904185523 0.06567872230973748 0.07241064991943504
5 0.6873896473009394 0.3741864957649819 0.06109648586952318 0.0778414486633924
81 0.8146739928624461 0.37463906232697824 0.05600511204706294 0.07331578304342791
81 0.9411946323505839 0.3687556970210242 0.06466044754524561 0.07060038367144912
81 0.9427220444973219 0.6837420241705664 0.06567872230973748 0.07603118241540685
5 0.6234929058290629 0.4484074119324027 0.061605623251769256 0.07422091616742094
5 0.9867624280616039 0.4443343128744347 0.02647514387679277 0.07693631553939938
73 0.8775524595698306 0.44840741193240263 0.06262389801626128 0.07241064991943504
73 0.6262931614314161 0.6049954423831808 0.06618785969198364 0.0742209161674208
71 0.6245111805935549 0.3728287960789924 0.061605623251769256 0.07512604929141375
73 0.513773799955044 0.4465971456844168 0.025456869112301418 0.0760311824154067
49 0.5588324582838176 0.6054480089451773 0.06567872230973748 0.07512604929141375
49 0.94170376973283 0.44569201256042384 0.06262389801626114 0.0760311824154067
10 0.6863713725364474 0.5244385943478095 0.03360306722823779 0.06879011742346314
10 0.8818801273189217 0.6045428758211844 0.048877188695618655 0.0787465817873855
79 0.6247657492846781 0.6846471572945593 0.06415131016299952 0.0742209161674208
21 0.94170376973283 0.6036377426971914 0.06262389801626114 0.07331578304342784
21 0.8762796161142155 0.3723762295169959 0.0651695849274914 0.07060038367144912
21 0.6871350786098164 0.449765111618392 0.0605873484872771 0.07331578304342791
79 0.8136557180979541 0.4511228113043815 0.0539685625180789 0.07603118241540678
21 0.513010093881675 0.6846471572945592 0.017819808378610986 0.08146198115936429
10 0.51173725042606 0.6054480089451773 0.024438594347809327 0.07512604929141375
75 0.9885444088994645 0.6864574235425451 0.022911182201071086 0.0742209161674208
73 0.9877807028260953 0.6068057086311667 0.024438594347809327 0.07784144866339247
10 0.9936357827219245 0.5244385943478094 0.012728434556150746 0.07060038367144905
11 0.8528592965308982 0.5244385943478094 0.1741249847281415 0.06516958492749148
