81 0.5718154615310912 0.36468259796305597 0.06415131016299931 0.07331578304342798
81 0.8248567405073666 0.36649286421104177 0.06415131016299938 0.07512604929141375
81 0.9557050477445957 0.3642300314010595 0.06720613445647544 0.07241064991943497
81 0.9554504790534726 0.6805740582365911 0.06771527183872167 0.07874658178738542
81 0.5715608928399682 0.6805740582365911 0.06873354660321361 0.07874658178738542
5 0.6369850464585827 0.44342917975044144 0.06313303539850736 0.07150551679544201
73 0.6380033212230747 0.5986595105152301 0.06516958492749125 0.07603118241540685
73 0.5214108606887344 0.4438817463124379 0.037676166286206014 0.07784144866339254
73 0.8905354628171043 0.44614457912242034 0.06313303539850736 0.07150551679544201
10 0.5191197424686274 0.6022800430112021 0.03716702890396007 0.07784144866339268
10 0.6988452384014749 0.52308089466182 0.038185303668452096 0.07693631553939959
10 0.8900263254348582 0.6018274764492054 0.0621147606340152 0.07512604929141375
71 0.6364759090763367 0.3687556970210242 0.06211476063401534 0.07422091616742094
49 0.5728337362955833 0.6000172102012197 0.06618785969198342 0.07512604929141382
49 0.5201380172331195 0.36604029764904533 0.03614875413946784 0.07784144866339261
81 0.5738520110600753 0.5190077956038517 0.0682244092209676 0.05792851993554791
75 0.5735974423689523 0.4443343128744344 0.06466044754524546 0.08055684803537147
21 0.9544322042889806 0.6018274764492055 0.06669699707422964 0.07693631553939959
49 0.9549413416712267 0.4443343128744344 0.06466044754524532 0.07874658178738557
21 0.889517188052612 0.36966083014501705 0.06313303539850736 0.07603118241540678
79 0.8253658778896127 0.44750227880840965 0.06109648586952318 0.07241064991943497
21 0.5186106050863812 0.6792163585506016 0.0341122046104838 0.07784144866339261
11 0.8724610857473702 0.5203654952898411 0.16546964922995847 0.060643919307526856
