81 0.9668140223938743 0.3090236980455606 0.05852460443365283 0.06912581511291367
80 0.9644398345679625 0.37965659724445255 0.05956898268039525 0.07111001641283982
81 0.9636007069650318 0.4528232969884215 0.06011060239323949 0.0719454150921857
18 0.9612678386487891 0.5220463961976781 0.061154980639981656 0.06829041643356797
81 0.9596770315757331 0.5895738959831036 0.05852460443365283 0.06912581511291367
34 0.9604748396689956 0.6616165951716316 0.061154980639981656 0.06829041643356797
81 0.9596770315757333 0.7235048949985132 0.058524604433652316 0.05220821523728242
18 0.901792915164282 0.7236477947156105 0.0579829847208073 0.05137281655793657
81 0.6202734682241509 0.7220950950088776 0.0569386064740657 0.05502781521655446
80 0.56119985334301 0.7229428947207925 0.05877598370060087 0.05278261654757295
81 0.5167871013611112 0.7235048949985131 0.029183642181294787 0.05220821523728243
48 0.5159989114947857 0.6630263951612666 0.027056024508863356 0.06829041643356827
81 0.5155976028914212 0.5916885959675562 0.026804645241914796 0.06771601512327735
74 0.5159989114947855 0.5199316962132233 0.025470026549276464 0.06688061644393185
81 0.5163906018712139 0.4492987970143317 0.029976641161088998 0.07053561510254941
18 0.5156024120048892 0.37824679725481647 0.027849023488655703 0.07111001641283865
81 0.5144081044217311 0.30479429807665226 0.02283965034294717 0.07194541509218508
48 0.5564418594642497 0.3070518977782042 0.05877598370060096 0.07251981640247569
81 0.6171014723049772 0.3090236980455606 0.05852460443365283 0.06912581511291367
80 0.6777707033726422 0.31198619774192976 0.057189985741014346 0.07111001641283977
18 0.786808063094237 0.31198619774192976 0.061154980639981656 0.06829041643356797
81 0.848657174404655 0.3118432980248324 0.05852460443365283 0.06912581511291367
34 0.9073439080228364 0.30846169776783994 0.061154980639981656 0.0697002164232038
5 0.9048493376627378 0.380181129271431 0.056396972541742384 0.06970015943721104
10 0.9037754126137653 0.4522612967107013 0.05718998574101459 0.07251981640247615
73 0.9008842977354106 0.5220055150653283 0.061154975900156686 0.06970024491620169
73 0.7874854436249522 0.38243531609137466 0.061154975900156686 0.06970024491620169
73 0.5606877354040348 0.5220055150653283 0.061154975900156686 0.06970024491620169
74 0.9033789131238692 0.5918314956846548 0.05798298472080793 0.06688061644393194
10 0.9025859141440751 0.6630263951612675 0.05956898268039487 0.07111001641284033
10 0.5592173558935256 0.6616165951716314 0.05956898268039487 0.07111001641284033
34 0.5608033538531134 0.589716795700201 0.061154980639981656 0.06829041643356797
34 0.6186922793780332 0.3810663972340883 0.061154980639981656 0.06829041643356797
48 0.8462829865787427 0.3824761972237242 0.05481098880163457 0.07111001641284019
5 0.5602912809424982 0.37877132928179547 0.06036196744070907 0.0725197594164828
5 0.6784481289317175 0.5225709282246561 0.05877596948112187 0.06688055945793904
80 0.6202782773376191 0.5206365962080419 0.05481098880163459 0.0654708164542965
10 0.6801497003120217 0.38247619722372433 0.05718998574101452 0.06547081645429707
10 0.6190887788679287 0.4522612967107013 0.05718998574101459 0.07251981640247615
18 0.6210712763174129 0.6616165951716313 0.05956898268039456 0.06829041643356792
81 0.6210664672039442 0.5909836959727397 0.05852460443365283 0.06912581511291367
48 0.8431109906595691 0.5220463961976777 0.05481098880163457 0.07111001641284019
11 0.76358331323938 0.45443985549428506 0.16891322897892647 0.07122935707006339
