81 0.5855621708517339 0.5343498020555318 0.059365418769886776 0.06670831123827944
81 0.5855621708517339 0.6831989442961706 0.06160562325176919 0.06969525054745603
81 0.9403545556698778 0.5333541556191397 0.059925469890357304 0.0686996041110639
81 0.9400745301096424 0.6807098282051898 0.060485521010828054 0.07069089698384828
81 0.9423147345915251 0.3850028365966973 0.06384582773365195 0.052769261128788186
5 0.6449275896216207 0.46415672828987964 0.05712521428800429 0.06571266480188712
5 0.5281569310034943 0.31530758604924114 0.05208475420376857 0.0706908969838484
5 0.8793089835385784 0.3158054092674371 0.05768526540847353 0.07168654342024051
5 0.9857186964279989 0.4621654354170952 0.028562607144002213 0.07367783629302509
73 0.527036828762553 0.46465455150807583 0.054324958685651126 0.07069089698384837
73 0.8784689068578732 0.4636589050716835 0.05824531652894578 0.06670831123827937
73 0.9862787475484694 0.6836967675143666 0.027442504903061007 0.07268218985663281
10 0.5289970076842002 0.612010224094126 0.050404600842356685 0.0746734827294172
10 0.9854386708677636 0.6075298151303609 0.029122658264472818 0.06969525054745623
10 0.9885189520303521 0.30784023777629943 0.022962095939295893 0.07168654342024056
11 0.6415672828987966 0.3202858182312023 0.0571252142880042 0.07069089698384855
81 0.8202235903289277 0.26452961779323736 0.060485521010828054 0.03484762527372805
81 0.9437148623927016 0.2610448552658646 0.06440587885412243 0.02787810021898242
81 0.7031729061505658 0.2635339713568451 0.0548850098061217 0.03285633240094355
81 0.5833219663698513 0.2610448552658646 0.06384582773365188 0.029869393091766946
10 0.5852821452914985 0.39247018486963897 0.03976362955341479 0.0696952505474561
10 0.8787489324181078 0.3899810687786583 0.03640332283059094 0.06471701836549511
10 0.8787489324181084 0.6075298151303609 0.054324958685651126 0.06969525054745623
80 0.645207615181856 0.5343498020555318 0.056565163167533614 0.07069089698384837
80 0.9403545556698778 0.6055385222575764 0.0610455721312988 0.06372137192910272
36 0.8199435647686925 0.31929017179481006 0.05768526540847489 0.0686996041110639
5 0.5278769054432589 0.7369638518613509 0.04816439636047413 0.02389551447341347
78 0.5278769054432589 0.6871815300417393 0.051524703083297894 0.0756691291658096
78 0.8185434369675159 0.46415672828987964 0.0582453165289455 0.0716865434202407
78 0.5819218385686747 0.31929017179481006 0.05880536764941617 0.06670831123827944
37 0.6421273340192674 0.2640317945750412 0.060485521010828054 0.029869393091766873
37 0.5855621708517339 0.6100189312213415 0.060485521010828054 0.07069089698384828
60 0.5852821452914985 0.46316108185348737 0.05992546989035738 0.06372137192910265
68 0.9400745301096426 0.4611697889807029 0.059365418769886845 0.0696952505474561
59 0.9423147345915251 0.31232064674006443 0.0627257254927106 0.06670831123827944
24 0.8793089835385777 0.2635339713568451 0.05880536764941616 0.030865039528159353
27 0.7605781459988057 0.2660230874478257 0.05656516316753368 0.033851978837335824
55 0.8787489324181085 0.5358432717101203 0.05656516316753368 0.06969525054745616
78 0.986558773108705 0.5353454484919241 0.02688245378259026 0.07069089698384837
68 0.7017727783493894 0.3217792878857907 0.055445060926592474 0.07367783629302509
11 0.735095820017392 0.3974484170516003 0.1780962563096604 0.06770395767467172
24 0.5292770332444355 0.538830211019297 0.04984454972188601 0.073677836293025
24 0.9423147345915251 0.7344747357703703 0.059365418769886845 0.0328563324009437
