81 0.9295162520560831 0.11675836325856814 0.11589972627660156 0.1401099387100207
34 0.8074352015878432 0.12224040281958853 0.11589972527472524 0.1401100845104121
81 0.6876720018558459 0.12500026730071798 0.11126373425998368 0.14010993871002067
18 0.572544939412533 0.12498770416697184 0.11589972527472524 0.1401100845104121
80 0.3484719919426648 0.1249877041669718 0.11589972527472524 0.1401100845104121
81 0.22793612687456452 0.11950566460595143 0.11589972627660156 0.1401099387100207
48 0.10817307241463368 0.1112511974300553 0.12362637863575518 0.140110084510412
81 0.021634592341460056 0.10300732508261863 0.0432691846829201 0.14010993871002028
18 0.025497918521036875 0.2541108674939862 0.047905175697661756 0.140110084510412
81 0.02704324969418101 0.39696856925263113 0.05099583804395003 0.14560454140478696
74 0.02704321212381937 0.5453248103166155 0.050995837042073736 0.140110084510412
81 0.02704324969418101 0.6826879093804936 0.05099583804395003 0.14010993871002034
48 0.027043212123819216 0.8228022464023277 0.050995837042073736 0.1346154818156456
81 0.027815915030284 0.9450551880555977 0.05563183006056799 0.1098896238888046
80 0.11512706043956068 0.945055115155402 0.1158997252747252 0.10988976968919567
18 0.7966178868824022 0.9436835056871936 0.11589972527472528 0.10714246834181317
81 0.9132902799979205 0.9464288387292893 0.11435439560439514 0.10714232254142093
81 0.6814906791670219 0.943681537381906 0.10817307291557157 0.1126369252361878
34 0.9140630179700561 0.8241758970760202 0.11589972527472524 0.13736278316302913
34 0.1151270604395606 0.6840635283594723 0.11589972527472524 0.13736278316302913
34 0.2310268608550096 0.26372642220982845 0.11589972527472524 0.13736278316302913
5 0.11049106842294228 0.2568581688413698 0.11589972527472525 0.14560468720517894
5 0.8043445402434308 0.26372642220982795 0.11280906393031326 0.1373627831630291
80 0.9217896713310862 0.2651000728835197 0.11899038661913716 0.1401100845104121
80 0.23411752219942183 0.548072111663999 0.11589972527472524 0.1401100845104121
80 0.6791727557947463 0.8186812943812534 0.11589972527472532 0.13736278316302877
10 0.7981632175546067 0.8173076437075616 0.11589972527472525 0.14011008451041237
10 0.11512706043956009 0.8255495477497117 0.11589972527472525 0.14011008451041237
10 0.799708548226813 0.40795974294745085 0.11589972527472525 0.14011008451041237
10 0.23257219152721523 0.40521244160006753 0.11589972527472525 0.14011008451041237
73 0.5709996087403271 0.2651000728835198 0.11280906393031329 0.1401100845104121
73 0.11512706043956074 0.5453248103166158 0.11589972527472524 0.1401100845104121
73 0.7981632175546074 0.5453248103166158 0.11589972527472524 0.1401100845104121
48 0.6884447398279819 0.2651000728835198 0.11589972527472524 0.1401100845104121
48 0.6838087478113644 0.5439511596429238 0.10971840258590176 0.1318681804682621
81 0.23257211889118243 0.679955139472143 0.11280906493218955 0.12912073332048749
81 0.682263344503125 0.679955139472143 0.11280906493218955 0.12912073332048749
81 0.9156082760062292 0.6854497421669098 0.11280906493218955 0.12912073332048749
18 0.9186990099866742 0.5466984609903074 0.11589972527472524 0.1318681804682622
81 0.9210169333589497 0.4065986554075055 0.12053571829322018 0.13736263736263712
74 0.7966178868824015 0.6826898776857804 0.11589972527472524 0.13461548181564548
11 0.5192307692307692 0.4065934065934066 0.3523351648351649 0.1428571428571429
