81 0.17916362973760935 0.12536443148688048 0.11725583090379012 0.1370262390670554
81 0.6490069241982508 0.1217201166180758 0.11889577259475224 0.13556851311953352
81 0.9003279883381926 0.11005830903790087 0.12791545189504375 0.13848396501457727
81 0.899918002915452 0.40816326530612246 0.14021501457725946 0.13119533527696794
81 0.8986880466472305 0.7106413994169096 0.1295553935860059 0.15014577259475217
5 0.059037900874635584 0.2696793002915452 0.11807580174927117 0.13702623906705536
5 0.771182580174927 0.2653061224489796 0.1205357142857143 0.14577259475218657
73 0.059857871720116626 0.55466472303207 0.11971574344023325 0.13848396501457721
73 0.7711825801749272 0.5604956268221574 0.12217565597667629 0.14139941690962096
10 0.29764941690962105 0.2696793002915452 0.11315597667638486 0.13702623906705536
10 0.17301384839650147 0.4125364431486881 0.10003644314868806 0.13119533527696794
13 0.7662627551020407 0.4125364431486881 0.07297740524781332 0.13702623906705533
10 0.056577988338192414 0.8520408163265307 0.11315597667638483 0.1384839650145776
81 0.17424380466472308 0.7040816326530611 0.10905612244897961 0.1370262390670554
56 0.05821793002915452 0.7026239067055394 0.11479591836734696 0.1370262390670554
56 0.06313775510204082 0.1217201166180758 0.12627551020408165 0.14723032069970846
71 0.8982780612244899 0.2616618075801749 0.12381559766763843 0.1530612244897959
71 0.9093476676384842 0.85932944606414 0.11315597667638472 0.1413994169096209
61 0.2988793731778426 0.12682215743440234 0.11397594752186588 0.14285714285714288
61 0.8970481049562683 0.5575801749271138 0.12627551020408162 0.1443148688046648
13 0.6494169096209913 0.26895043731778423 0.11315597667638486 0.1355685131195335
13 0.17916362973760935 0.5561224489795918 0.115615889212828 0.13265306122448983
85 0.1799836005830904 0.2660349854227405 0.1139759475218659 0.13556851311953352
85 0.5399508017492711 0.12755102040816324 0.09265670553935862 0.1443148688046647
51 0.7687226676384842 0.11661807580174927 0.11725583090379005 0.1370262390670554
11 0.4813228862973762 0.4154518950437318 0.34930758017492713 0.14285714285714285
