81 0.05862791545189506 0.7813411078717201 0.11725583090379012 0.16034985422740533
81 0.06190779883381925 0.12317784256559769 0.1238155976676385 0.1501457725947522
81 0.32675838192419826 0.13338192419825073 0.13529518950437316 0.1618075801749271
81 0.5829992711370262 0.13629737609329445 0.1279154518950437 0.1588921282798834
81 0.8531796647230321 0.1260932944606414 0.13201530612244908 0.15597667638483967
81 0.8503097667638485 0.44387755102040816 0.1295553935860059 0.11224489795918366
81 0.8535896501457724 0.7798833819241984 0.1361151603498538 0.15743440233236133
5 0.18982325072886297 0.6144314868804664 0.132015306122449 0.15597667638483975
5 0.713784620991254 0.293731778425656 0.1287354227405248 0.15597667638483972
73 0.7100947521865889 0.6151603498542273 0.1443148688046646 0.15451895043731767
85 0.06313775510204082 0.2908163265306123 0.12299562682215745 0.14723032069970846
85 0.05657798833819243 0.9329446064139941 0.11315597667638486 0.13411078717201164
10 0.05862791545189504 0.4518950437317784 0.07953717201166179 0.14868804664723034
10 0.1918731778425656 0.2908163265306123 0.12955539358600582 0.1559766763848397
10 0.7150145772594754 0.45408163265306123 0.10003644314868808 0.15306122448979592
10 0.9612336005830905 0.28498542274052474 0.07753279883381907 0.15597667638483967
10 0.9669733965014577 0.9365889212827985 0.06605320699708406 0.12682215743440226
10 0.18531341107871724 0.9344023323615162 0.12627551020408168 0.1311953352769679
51 0.7146045918367347 0.12900874635568513 0.1270954810495627 0.15597667638483964
51 0.32470845481049565 0.29591836734693877 0.12627551020408168 0.1545189504373178
13 0.9624635568513119 0.11880466472303208 0.07507288629737602 0.1588921282798834
13 0.9645134839650145 0.7798833819241979 0.07097303206997078 0.15743440233236136
13 0.061497813411078725 0.6144314868804664 0.12299562682215745 0.16180758017492708
13 0.5850491982507288 0.2944606413994168 0.12381559766763889 0.15451895043731803
71 0.8511297376093296 0.2900874635568513 0.13283527696793002 0.14285714285714285
71 0.8576895043731778 0.9307580174927114 0.13775510204081642 0.13556851311953352
5 0.9616435860058309 0.6137026239067056 0.07671282798833814 0.15743440233236164
61 0.19064322157434405 0.7791545189504373 0.13693513119533526 0.15597667638483956
61 0.850719752186589 0.6137026239067055 0.13529518950437322 0.14577259475218646
61 0.19433309037900875 0.13338192419825073 0.12955539358600585 0.1618075801749271
11 0.3956359329446063 0.455539358600583 0.3960459183673468 0.14431486880466474
