5 0.9058758527936175 0.2994429501574098 0.12362637362637367 0.14235764235764237
44 0.7825303682302667 0.2944478567985309 0.12362637362637367 0.14235764235764237
44 0.6558132531093758 0.44679820424433175 0.12081668149509 0.14235764235764234
44 0.9016613145966922 0.8863664198256588 0.12362637362637367 0.14235764235764237
86 0.655110830076555 0.2956966301382507 0.11660214329816415 0.13486500231932422
81 0.41558457588462666 0.4368080175265743 0.12362637362637367 0.14235764235764237
81 0.15990259193781764 0.7365136190592975 0.12362637362637367 0.14235764235764237
81 0.9030661606623335 0.4443006575648924 0.12362637362637367 0.14235764235764237
81 0.5335916453985384 0.2919503101190916 0.12362637362637367 0.14235764235764237
32 0.2891484299768638 0.2894527634396523 0.12362637362637367 0.14235764235764237
16 0.15990259102702095 0.28696303696303704 0.12643606393606394 0.14235764235764234
32 0.16130743800345937 0.8838688731462193 0.12362637362637367 0.14235764235764237
16 0.7752251677781323 0.8838766933490437 0.12643606393606394 0.14235764235764234
86 0.16130743800345948 0.434310470847135 0.12362637362637367 0.14235764235764237
86 0.9016613145966921 0.7440062590976154 0.12362637362637367 0.14235764235764237
5 0.2891484299768642 0.43930556420601385 0.12362637362637367 0.14235764235764237
73 0.7801421299186757 0.4443006575648924 0.12222152756073212 0.14235764235764237
10 0.2863387378455804 0.581665724934057 0.12362637362637367 0.14235764235764237
10 0.776630014754571 0.7390111657387366 0.12362637362637367 0.14235764235764237
10 0.9030661606623339 0.5916559116518144 0.12362637362637367 0.14235764235764237
11 0.6501935482463866 0.5904095241366851 0.2922077922077925 0.14485527740095538
