81 0.9656245239241844 0.31254819801965045 0.05931760341344611 0.07053561510254958
34 0.9045684115935595 0.31551069771601936 0.05718998574101461 0.06970021642320388
81 0.8462781774652748 0.317482497983376 0.05693860647406592 0.06912581511291366
18 0.7891870600336176 0.3190351976901088 0.056396986761221374 0.06829041643356792
80 0.6745987074534685 0.3176253977004733 0.057189985741014346 0.07111001641283977
81 0.6171014723049772 0.31466289800410424 0.05852460443365283 0.06912581511291367
81 0.9616595290252168 0.4584624969469651 0.06090360137303349 0.07194541509218527
81 0.959280532085836 0.5987375959157359 0.060903601373032995 0.06771601512327811
81 0.8423131825663072 0.5952130959416457 0.0553526085144794 0.0719454150921851
81 0.6182909707746679 0.5966228959312826 0.05614560749427153 0.07194541509218613
48 0.5556488604844564 0.31410089772638367 0.05877598370060096 0.07251981640247569
81 0.5136151054419379 0.3104334980351958 0.02283965034294717 0.07194541509218508
18 0.5140164140453026 0.3824761972237237 0.02467702756948168 0.07111001641283857
81 0.5152011034015249 0.45493799697287374 0.027597644221707487 0.07053561510254926
74 0.5152059125149919 0.524865996176949 0.025470026549276447 0.06829041643356763
81 0.5148046039116277 0.5973277959260997 0.026804645241914796 0.06771601512327735
48 0.5152059125149924 0.66866559511981 0.027056024508863356 0.06829041643356827
81 0.5148046039116279 0.7263244949777845 0.025218647282327325 0.046569015278738475
80 0.557234858444043 0.7278771946845178 0.058775983700600776 0.045733616599392936
10 0.673805708473675 0.3888202971770854 0.05401798982184045 0.06970021642320448
10 0.6178992803982388 0.45860539666406264 0.05956898268039487 0.07111001641284033
10 0.9002069172046951 0.45719559667442683 0.05956898268039487 0.07111001641284033
10 0.8998104177147985 0.6665508951353567 0.05718998574101482 0.06688061644393326
10 0.5592173558935256 0.6616165951716314 0.05956898268039487 0.07111001641284033
34 0.5592173558935266 0.5953559956587446 0.061154980639981656 0.06829041643356797
34 0.6167097819285501 0.3852957972029957 0.05718998574101389 0.0682904164335679
34 0.9588888417094087 0.6672557951301752 0.061154980639981656 0.06829041643356797
73 0.5598947364242417 0.5248251150445999 0.05956897794056958 0.06970024491620166
73 0.7870889441350559 0.39089411602918966 0.058775978960776645 0.06970024491620164
73 0.9004877982455141 0.5262349150342356 0.058775978960776395 0.06970024491620164
48 0.8446969886191562 0.3895251971719037 0.05481098880163457 0.07111001641284019
48 0.8439039896393616 0.5262757961665854 0.05481098880163449 0.0654708164542965
18 0.8986209192451087 0.7250575947052461 0.0579829847208073 0.05137281655793657
81 0.9596770315757337 0.7270293949726025 0.05852460443365219 0.04515921528910258
18 0.9612678386487891 0.5290953961458577 0.061154980639981656 0.06829041643356797
80 0.6182957798881357 0.5262757961665853 0.05560398778142803 0.06547081645429646
5 0.5571192850233246 0.384410529240339 0.06036196744070907 0.0725197594164828
5 0.9028668402132548 0.38863992920924617 0.05718997152153496 0.07251975941648275
80 0.9620608376285815 0.38882029717708533 0.05639698676122142 0.06970021642320422
11 0.7659623101787604 0.45866925546319265 0.16891322897892647 0.07122935707006339
74 0.9009999161844888 0.5960608956535622 0.05798298472080793 0.06688061644393194
