81 0.17916362973760935 0.11661807580174927 0.115615889212828 0.14285714285714285
81 0.6481869533527697 0.11443148688046648 0.11397594752186592 0.141399416909621
81 0.8999180029154519 0.09839650145772595 0.1303753644314868 0.15306122448979592
81 0.8962281341107873 0.39504373177842567 0.12627551020408162 0.12244897959183675
81 0.901557944606414 0.7026239067055394 0.1270954810495627 0.14577259475218654
81 0.17916362973760935 0.6997084548104957 0.11889577259475219 0.1486880466472303
56 0.059037900874635584 0.11443148688046648 0.11643586005830907 0.13556851311953352
56 0.059447886297376094 0.6946064139941691 0.1139759475218659 0.14431486880466465
73 0.05862791545189506 0.5539358600583091 0.11725583090379012 0.1370262390670554
73 0.7724125364431486 0.5539358600583092 0.12299562682215794 0.139941690962099
85 0.1795736151603499 0.26239067055393583 0.11643586005830907 0.13702623906705536
85 0.5333910349854228 0.1217201166180758 0.1057762390670554 0.141399416909621
10 0.768722667638484 0.4030612244897959 0.07133746355685133 0.14139941690962105
10 0.1812135568513119 0.4096209912536443 0.09347667638483965 0.12244897959183668
10 0.29518950437317787 0.2660349854227405 0.10987609329446066 0.14139941690962096
5 0.0594478862973761 0.26166180758017493 0.11725583090379012 0.14431486880466474
5 0.7711825801749274 0.25728862973760935 0.11725583090379005 0.13556851311953352
51 0.7715925655976676 0.108600583090379 0.11971574344023324 0.13848396501457724
61 0.8982780612244899 0.5510204081632654 0.12545553935860057 0.13994169096209907
61 0.29805940233236156 0.12026239067055393 0.11397594752186592 0.13848396501457727
13 0.6498268950437304 0.2638483965014577 0.11725583090378996 0.13702623906705563
13 0.18080357142857145 0.5495626822157434 0.10741618075801754 0.14285714285714285
71 0.906887755102041 0.8571428571428572 0.12955539358600576 0.14868804664723043
71 0.8962281341107873 0.25145772594752186 0.1295553935860059 0.13556851311953352
13 0.9833728134110788 0.7026239067055394 0.033254373177842356 0.14868804664723037
10 0.05411807580174928 0.8462099125364432 0.10823615160349856 0.14723032069970843
11 0.47681304664723045 0.4110787172011662 0.3517674927113703 0.1282798833819242
