10 0.7776362946761628 0.3093827108337523 0.06937947259262245 0.1277780214655496
71 0.6455419984959916 0.4236042367235291 0.04342456198243304 0.05767424051565466
81 0.8025858264730453 0.4127566536500043 0.04594145798257407 0.06490162744669553
8 0.8578466131169991 0.40753474754356056 0.06089058231384681 0.06855771683627054
7 0.924971954733094 0.4000932451517141 0.06738294100722345 0.07186266401313457
47 0.8597582382586693 0.4756801821530512 0.05789941597657701 0.06921051995357051
73 0.9261781542653522 0.4737899335169141 0.06538640942182442 0.06924118556927311
81 0.9815320828350571 0.46954891135133453 0.03693583432988524 0.0683257475892197
10 0.9897677756248291 0.5498538484529462 0.020464448750341972 0.07808656867339145
10 0.9303190051203429 0.62201939956899 0.06688380811087356 0.07187609018654707
11 0.8819550700132717 0.5471918063390807 0.12029102802030238 0.06566370547535186
8 0.6466139093843403 0.486408511405817 0.042925429086083045 0.05767757913375717
5 0.6932828351930462 0.4815281008637287 0.045421093567832 0.0603396212476207
47 0.9316902739681092 0.6986445372685205 0.06538640942182411 0.07004205870460971
8 0.9845268802131563 0.7060269857997291 0.030946239573687678 0.07453717918823713
5 0.9815320828350571 0.39412438479180784 0.036935834329885314 0.07010044233179451
