81 0.9758928766794458 0.24496538686878808 0.04512358529669793 0.1525644427650156
49 0.888564568454571 0.24862506142284893 0.126717032967033 0.14560439560439561
81 0.7613839676446051 0.2545809415846292 0.12084478823479074 0.14432253872286643
1 0.6366760696355219 0.2568588978433281 0.12053571428571433 0.14560439560439561
81 0.2846494552690577 0.2545809415846292 0.11929945756258481 0.1443225387228664
19 0.16457763092951258 0.2568669168648682 0.12517170129295066 0.14560439560439556
81 0.05053185842985062 0.2545809415846292 0.09921015882390691 0.1443225387228664
1 0.05176853844572424 0.3969712665598761 0.10353707689144848 0.1456043956043956
81 0.05315913026531403 0.545794884407258 0.10631826053062805 0.14432253872286635
71 0.05408653545590944 0.6895667575774103 0.10817307091181888 0.14285704565688162
81 0.054241071428571416 0.8315142245351198 0.1084821428571428 0.14432253872286632
19 0.05485919728544512 0.9546708156716344 0.10971839457089023 0.090658368656728
10 0.169162031306076 0.9527476172482316 0.11291210294023273 0.09450476550353638
50 0.1684409566081512 0.8337895563867704 0.11435439059501407 0.14010989010989022
73 0.16869849852881402 0.6889218925260711 0.11754808193245843 0.1426742842747772
10 0.28737982772983406 0.545698400702498 0.11754809495685078 0.14670349110381928
10 0.8838774672013453 0.545698400702498 0.12372941764567451 0.14670349110381928
73 0.8834139344240834 0.6944164952208376 0.12218407394907613 0.1481688869695438
5 0.16705014537764795 0.403390465394153 0.11816621680621946 0.14194158634191412
5 0.8833109119451232 0.39514856135200316 0.12280220882283738 0.14194158634191412
49 0.28356761028592686 0.39972663552892984 0.11899037960600314 0.14560439560439561
1 0.8839289771884805 0.8447813861833525 0.12362637563012663 0.14560439560439561
73 0.6361610268711256 0.4004552510508255 0.11909341260466459 0.14267428427477724
19 0.761075270401024 0.3997265869287995 0.12517170129295066 0.14560439560439556
71 0.9745020819799012 0.39560551340739664 0.04790517469578513 0.14835164835164794
81 0.9743475460072392 0.5485421857546419 0.05130490798552089 0.15531174411239887
19 0.9737294201503647 0.6991824337935775 0.052541159699268654 0.14560439560439528
81 0.9743475460072395 0.8467933408907592 0.051304907985520364 0.1470698400702487
50 0.9720129061552645 0.9587917676927107 0.04945050236236291 0.07142735642530883
10 0.8831048018652419 0.9609895212903814 0.1252747483178805 0.07802095741923651
11 0.6119505464449204 0.5508226206199985 0.34615384615384615 0.15109880389864
