81 0.8092535943740715 0.2845852226329524 0.09353316807842817 0.10506927590758387
5 0.7194341468754579 0.28651084226007933 0.09316346886502266 0.1082061009476455
7 0.6286148196514016 0.28693057516576326 0.08894555835276023 0.10832545854013914
10 0.38630526788828895 0.2944641190884264 0.07803416396236733 0.09242733440003362
47 0.30973669710350454 0.29685776567184236 0.07441107083353325 0.09279409073347303
71 0.24329930604207217 0.30069952160898483 0.06513372162648769 0.09081799147867425
8 0.24114787425696785 0.3897451182664819 0.06392383975698981 0.09120712538835794
81 0.24539946893692824 0.5627211028432442 0.06671337955253924 0.08917579703842403
7 0.24419785078032497 0.6502100921751242 0.06340290261381792 0.09016148268967122
10 0.24738137879602778 0.8178948904091401 0.06425873451174467 0.08260294253751722
81 0.24795373451082237 0.9010251530582118 0.06671337955253924 0.08463480307580701
5 0.24817214849197902 0.9733361791059031 0.0676208131260813 0.04690268245231674
8 0.2475335381917034 0.7348606594253749 0.06392383975698981 0.08212513746312405
5 0.31777588538059587 0.7406102385217808 0.0714522114869225 0.08550113113456037
81 0.3156417722190188 0.826098752675032 0.07182191070032733 0.08463480307580708
10 0.31733773482629757 0.9101357145181252 0.07064338222285937 0.08260294253751735
8 0.3177758414737937 0.9759661586282519 0.06392383975698981 0.04806768274349615
10 0.31406143210636706 0.4828535227324878 0.0706439485310655 0.09619801306827139
10 0.7131421024037512 0.49551620105842675 0.08720002351420866 0.10335939386967873
10 0.8076725793882983 0.39203364348014796 0.08979959058902857 0.09619801306827153
11 0.5038675601718798 0.4885317471422511 0.29098459275483474 0.09819784852741739
5 0.31075165505238694 0.39322420038157935 0.07272934427386944 0.09458311905979427
81 0.38588407550110904 0.389028083773144 0.076930441848116 0.09598728798234953
81 0.7153843345334603 0.38902808377314413 0.08970176971758721 0.0959872879823495
73 0.6254388248525835 0.3868012074581162 0.08639129915226591 0.09924359428210196
47 0.31360685189778414 0.5692936580862491 0.06927687573480033 0.08375866255353148
71 0.3129030429306889 0.6548970506931113 0.06896511998732896 0.09081799147867424
71 0.802044900331427 0.5992698746510532 0.09195351015237656 0.10217047638521638
81 0.8003136648654432 0.7023566671937178 0.09353316807842776 0.10052828194496684
10 0.7995874316283472 0.8007239268017712 0.09005162816042736 0.09994156290207439
7 0.7988926256530701 0.8982469974166726 0.08766842556581306 0.09978529726792665
47 0.7952929885647464 0.9785793420338442 0.09221222738274407 0.042845730421689786
81 0.705805838631358 0.7954470434273668 0.09353316807842776 0.10052828194496684
8 0.7092170406730791 0.6951269622524759 0.08818936270898453 0.09801861633228343
