5 0.9171146213187517 0.2994429501574097 0.12362637362637367 0.14235764235764237
44 0.7864639372140637 0.2919503101190916 0.12362637362637367 0.14235764235764237
44 0.9114952370561845 0.8838688731462193 0.12362637362637367 0.14235764235764237
44 0.6684568677001519 0.4467982042443318 0.12362637362637367 0.14235764235764237
86 0.6649447525360476 0.29819417681769 0.11660214329816415 0.12986990896044548
86 0.17184378349577337 0.43555924418685465 0.12503121969201494 0.14485518903708164
81 0.42682334440976105 0.4393055642060137 0.12362637362637367 0.14235764235764237
32 0.2989823524363565 0.2919503101190916 0.12362637362637367 0.14235764235764237
16 0.17114135955215537 0.28446549028359763 0.12643606393606394 0.14235764235764234
5 0.29617266030507294 0.4393055642060137 0.12362637362637367 0.14235764235764237
81 0.16833166833166846 0.7290209790209791 0.12362637362637365 0.14235764235764237
81 0.9143049291874681 0.4443006575648924 0.12362637362637367 0.14235764235764237
32 0.16833166833166838 0.8788737797873406 0.12362637362637367 0.14235764235764237
16 0.7822493981063414 0.8863742400284828 0.12643606393606394 0.14235764235764234
10 0.296172660305073 0.5841632716134965 0.12362637362637367 0.14235764235764237
10 0.9129000831218264 0.5916559116518146 0.12362637362637367 0.14235764235764237
10 0.785059091148422 0.7365136190592974 0.12362637362637367 0.14235764235764237
86 0.9136025061546477 0.7427574857578957 0.12503121969201494 0.14485518903708164
73 0.7878687832797056 0.44679820424433175 0.12362637362637367 0.14235764235764237
11 0.662837162837163 0.5904095241366851 0.2922077922077925 0.14485527740095538
