81 0.6499965685141305 0.7434383798020161 0.006385659794750751 0.040868222686404464
10 0.7164477453063608 0.4829097946982442 0.08953983892694611 0.11058016864131978
10 0.37608924956745865 0.2717591485167921 0.07803625191186024 0.09696832684555032
10 0.23588718371350384 0.8224358843717572 0.06425873451174467 0.08260294253751722
10 0.30392834867516316 0.9101357145181249 0.06425873451174469 0.08260294253751731
10 0.8021416972022415 0.7984534298204623 0.09005162816042736 0.09994156290207439
10 0.30001297144994893 0.46696004386332823 0.0706439485310655 0.09619801306827139
81 0.7198542992877749 0.3754051018852929 0.09353316807842856 0.10506927590758375
81 0.3769441459924793 0.3708641079226759 0.076930441848116 0.09598728798234953
81 0.23262814106745724 0.5536391149180102 0.06671337955253924 0.08917579703842403
81 0.8181935238827013 0.26869174376379285 0.09353316807842817 0.10506927590758387
81 0.8054221960132305 0.6978156732311008 0.09353316807842772 0.1050692759075837
10 0.8149359453469469 0.37382900311629563 0.09265173428479001 0.10439957446573916
81 0.3041475771364947 0.826098752675031 0.06671337955253924 0.08463480307580701
81 0.23901380500219271 0.9078366440021374 0.06671337955253924 0.08463480307580701
5 0.3018117255437572 0.37051923056849423 0.07272934427386944 0.09458311905979427
5 0.3050045575111249 0.7383397415404722 0.0714522114869225 0.08550113113456037
5 0.7232655452362993 0.2683468664096113 0.09316346886502266 0.1082061009476455
5 0.23795508619640224 0.9733361791059031 0.0676208131260813 0.04690268245231674
8 0.23093081196139106 0.36931064543470526 0.06392383975698981 0.09120712538835794
8 0.23476221032223235 0.7303196654627577 0.06392383975698981 0.09120712538835794
7 0.23398078848474818 0.6456690982125072 0.06340290261381792 0.09016148268967122
7 0.629253386044875 0.26876659931529523 0.09022269113970732 0.10832545854013922
7 0.7988926256530701 0.8982469974166726 0.08766842556581306 0.09978529726792665
47 0.29951963480792776 0.2741527958587573 0.07441107083353325 0.09279409073347303
47 0.30145467797634634 0.5602116701610143 0.06796091805697246 0.08375866255353133
71 0.2305279781726012 0.2757240548145912 0.06513372162648769 0.09081799147867425
71 0.8084305642661623 0.5947288806884362 0.09195351015237656 0.10217047638521638
73 0.6279930904264774 0.37317822557026514 0.08639129915226591 0.09924359428210196
71 0.30268598063511215 0.6503560567304945 0.06896511998732896 0.09081799147867424
8 0.3062816463912698 0.9759661586282519 0.06392383975698981 0.04806768274349615
47 0.7952929885647464 0.9785793420338442 0.09221222738274407 0.042845730421689786
11 0.5064218257457739 0.470367771291783 0.29098459275483474 0.09819784852741739
