81 0.5340374677684359 0.3158054092674373 0.06048552101082798 0.07566912916580953
81 0.6650894299585633 0.31680105570382944 0.06272572549271054 0.07566912916580953
81 0.9327938655435243 0.3138141163946528 0.06720613445647558 0.08363430065694737
81 0.7958613665884547 0.31929017179480934 0.06104557213129751 0.07865606847498606
81 0.9322338144230524 0.4771001319629768 0.08176746358870911 0.055756200437964906
81 0.9330738911037589 0.6418796171858915 0.06664608333600387 0.08064736134777065
81 0.5340374677684359 0.6388926778767158 0.06048552101082791 0.08064736134777079
61 0.5995634488634995 0.31630323248563336 0.06608603221553423 0.07865606847498623
61 0.5978832955020877 0.6418796171858926 0.06272572549271047 0.07666477560220172
61 0.9322338144230536 0.5592409629653377 0.06832623669741693 0.08064736134777072
5 0.8613873476835191 0.3969505938334041 0.06216567437223972 0.07467348272941728
5 0.9837585175063518 0.5612322558381221 0.03248296498729658 0.08263865422055502
5 0.5995634488634995 0.5607344326199261 0.0627257254927106 0.07965171491137844
85 0.5337574422082006 0.39495930096061954 0.06552598109506377 0.07666477560220165
85 0.5326373399672593 0.7185443927880946 0.06216567437223986 0.06272572549271047
10 0.5953630654599698 0.7155574534789179 0.06104557213129873 0.07069089698384858
10 0.5984433466225583 0.3959549473970118 0.06832623669741686 0.07865606847498618
10 0.5309571866058473 0.4771001319629786 0.046484242999062314 0.07965171491137837
10 0.8616673732437542 0.4805848944903514 0.04816439636047434 0.0746734827294172
10 0.9834784919461163 0.39446147774242346 0.03304301610776733 0.07566912916580953
71 0.9297135843809359 0.3974484170516001 0.06888628781788754 0.07566912916580953
71 0.935314095585642 0.7180465695698984 0.06664608333600512 0.059738786183533815
10 0.984878619747293 0.7185443927880946 0.030242760505414027 0.06869960411106377
51 0.668449736681387 0.3989418867061885 0.06384582773365181 0.07467348272941735
13 0.9837585175063518 0.3118228235218683 0.03248296498729658 0.0816430077841629
13 0.5348775444491382 0.5577474933107444 0.05992546989034962 0.07965171491138788
13 0.7964214177089259 0.4014310027971691 0.06104557213129851 0.0716865434202407
51 0.8641876032858721 0.3187923485766139 0.06552598109506348 0.0756691291658096
11 0.7006526761084482 0.48058489449035136 0.19993825000801493 0.07865606847498632
13 0.9843185686268222 0.6423774404040888 0.030242760505413885 0.077660422038594
