81 0.32798833819241985 0.13921282798833817 0.1246355685131195 0.1588921282798834
81 0.5891490524781342 0.13921282798833817 0.1254555393586007 0.15306122448979592
81 0.8576895043731778 0.12900874635568513 0.13775510204081642 0.17055393586005826
81 0.8535896501457727 0.4518950437317784 0.14759475218658877 0.11370262390670546
81 0.8597394314868805 0.7849854227405249 0.13857507288629747 0.16180758017492708
81 0.06190779883381925 0.7871720116618076 0.1238155976676385 0.15743440233236142
81 0.06313775510204082 0.12682215743440234 0.12627551020408165 0.15743440233236153
61 0.19597303206997085 0.1333819241982507 0.13283527696793007 0.16472303206997083
61 0.8560495626822157 0.6188046647230321 0.14267492711370253 0.15306122448979592
5 0.19474307580174927 0.6166180758017492 0.13037536443148687 0.14577259475218646
5 0.7162445335276968 0.2973760932944607 0.13201530612244894 0.15160349854227406
5 0.9641034985422741 0.6260932944606413 0.07179300291545175 0.16763848396501457
13 0.9653334548104955 0.7893586005830905 0.0693330903790085 0.1734693877551021
13 0.9645134839650146 0.12609329446064138 0.07097303206997069 0.1618075801749271
13 0.5895590379008747 0.30247813411078717 0.11807580174927111 0.15597667638483967
85 0.062317784256559774 0.2944606413994169 0.12463556851311955 0.15743440233236153
85 0.059447886297376094 0.9314868804664723 0.1139759475218659 0.12827988338192411
71 0.8535896501457727 0.2886297376093295 0.134475218658892 0.1545189504373178
71 0.8609693877551021 0.9358600583090378 0.13775510204081626 0.12827988338192425
10 0.9673833819241984 0.9409620991253643 0.06523323615160337 0.11807580174927111
10 0.18818330903790093 0.9358600583090378 0.1254555393586006 0.12827988338192425
61 0.19474307580174927 0.7864431486880467 0.13365524781341107 0.16180758017492708
13 0.06190779883381925 0.619533527696793 0.1238155976676385 0.16034985422740525
10 0.19269314868804666 0.2944606413994169 0.13283527696793004 0.15743440233236153
10 0.05739795918367348 0.456997084548105 0.08527696793002916 0.15306122448979592
10 0.7166545189504373 0.4584548104956268 0.07871720116618079 0.1588921282798833
10 0.9636935131195336 0.2886297376093295 0.07261297376093295 0.1545189504373178
51 0.719524416909621 0.13629737609329445 0.1303753644314868 0.15306122448979592
51 0.3320881924198251 0.3002915451895044 0.13611516034985416 0.1574344023323615
73 0.7158345481049564 0.6224489795918368 0.13611516034985413 0.1545189504373178
11 0.4009657434402332 0.4577259475218659 0.3919460641399417 0.1282798833819242
