81 0.5567959087548334 0.28005265086971637 0.058550798958293584 0.06154905243151964
81 0.6710972510690665 0.2809577839937092 0.05498683728257106 0.06697985117547735
81 0.7805617882519623 0.28186291711770217 0.05498683728257106 0.06516958492749143
24 0.8918083062727196 0.2809577839937092 0.05549597466481739 0.059738786183533815
81 0.9885444088994645 0.2773372514977375 0.022911182201071086 0.05611825368756208
81 0.8890080506703661 0.41265465353468156 0.05804166157604726 0.040730990579682214
81 0.9877807028260953 0.407223854790724 0.024438594347809327 0.04254125682766812
81 0.5613781451950478 0.5506874549436045 0.05855079895829332 0.06516958492749146
81 0.8897717567437351 0.5484246221336222 0.05549597466481686 0.06245418555551275
81 0.9870169967527264 0.5488771886956186 0.02596600649454743 0.06335931867950563
81 0.9882898402083413 0.6846471572945592 0.02342031958331731 0.06879011742346322
81 0.8907900315082273 0.6819317579225804 0.053459425135832676 0.06516958492749154
81 0.5590870269749405 0.6905305226005133 0.05804166157604712 0.06426445180349845
5 0.6181469633154796 0.4841601703301236 0.05396856251807876 0.06245418555551268
5 0.945776868790798 0.4814447709581448 0.05345942513583296 0.06245418555551261
5 0.8345303507700413 0.34884276829317956 0.05396856251807889 0.06154905243151984
5 0.515301212101782 0.342506836425229 0.028511693405777548 0.06879011742346322
73 0.8350394881522872 0.4814447709581448 0.05295028775358702 0.06245418555551261
73 0.9467951435552903 0.6841945907325631 0.05651424942930914 0.06607471805148432
73 0.5163194868662742 0.48506530345411664 0.026475143876793367 0.0678849842994704
10 0.5580687522104484 0.41537005290666046 0.034621341992729884 0.06245418555551261
10 0.6163649824776186 0.3479376351691866 0.05651424942930909 0.06516958492749154
10 0.8350394881522872 0.4171803191546464 0.03156651769925361 0.05702338681155503
10 0.945776868790798 0.3434119695492219 0.05345942513583296 0.0633593186795056
10 0.945776868790798 0.6144993401851067 0.0585507989582932 0.058833653059540934
10 0.9488316930842743 0.7353346122381638 0.0585507989582932 0.03258479246374563
10 0.5158103494840282 0.6212878386150537 0.02851169340577762 0.0669798511754773
80 0.9470497122464132 0.2791475177457234 0.05804166157604712 0.05792851993554805
80 0.8892626193614891 0.6140467736231101 0.05447769990032483 0.06335931867950556
80 0.6176378259332336 0.5515925880675975 0.054986837282570776 0.06335931867950556
24 0.8352940568434102 0.2809577839937093 0.05447769990032483 0.0633593186795056
24 0.5155557807929051 0.5534028543155834 0.02800255602353154 0.0615490524315198
24 0.8905354628171043 0.7335243459901778 0.051932012989094715 0.030774526215759865
68 0.889517188052612 0.4814447709581448 0.05295028775358688 0.06245418555551261
68 0.6718609571424355 0.34884276829317956 0.054477699900324694 0.06335931867950567
37 0.6145830016397575 0.28186291711770217 0.05600511204706294 0.061549052431519764
37 0.9877807028260953 0.34160170330123607 0.024438594347809327 0.0633593186795056
37 0.5603598704305556 0.6221929717390465 0.05753252419380118 0.06335931867950556
78 0.5580687522104485 0.3452222357972078 0.05905993634053921 0.06697985117547735
78 0.9447585940263061 0.5484246221336222 0.055495974664817 0.0678849842994702
60 0.5598507330483095 0.48189733752014136 0.05753252419380111 0.05973878618353389
60 0.9867624280616033 0.6144993401851067 0.026475143876793224 0.06245418555551261
78 0.5147920747195361 0.6946036216584817 0.025456869112301342 0.07060038367144905
55 0.6733883692891736 0.4850653034541165 0.05447769990032498 0.06426445180349859
55 0.8345303507700413 0.5497823218196116 0.0539685625180789 0.06516958492749148
59 0.8890080506703661 0.34748506860719014 0.054986837282570776 0.05702338681155506
36 0.9867624280616033 0.47963450471015895 0.026475143876793224 0.06426445180349859
11 0.702918337459443 0.41310722009667805 0.16954274828792698 0.06154905243151973
