81 0.7692410241590193 0.25654458491379223 0.08076184020895734 0.10279877892627524
10 0.7683068384867349 0.3546940207391366 0.08373640071169279 0.09734248770266664
71 0.7624537839360674 0.5493189410622662 0.08173644785680086 0.09308848845998226
81 0.758630534342661 0.6376801488144049 0.07956262243264856 0.08917579703842435
10 0.754781849516758 0.7294856643051384 0.08259825577890963 0.08413292830837231
7 0.7530451144711279 0.8110952105004653 0.07260137041875489 0.08441651212710694
47 0.7479115000647226 0.8970180278085544 0.07515171279008188 0.08995459720382341
81 0.6860102804336767 0.3515648835815535 0.08203897299590478 0.09825778496365825
5 0.686867260808307 0.25358863603110593 0.07911500820860463 0.0968536160411028
10 0.36842645284577613 0.24678368172239845 0.07803625191186024 0.09696832684555032
10 0.2943527512028445 0.43069393720838745 0.07803625191186024 0.09696832684555032
10 0.6787697200739207 0.44885791305885564 0.07803625191186024 0.09696832684555032
10 0.2273006624865144 0.7667376911873355 0.06654936849259122 0.08332493435088793
47 0.2944111036601394 0.24690683208305522 0.07441107083353325 0.09279409073347303
71 0.2228651814509186 0.2439370970762721 0.06513372162648769 0.09081799147867425
8 0.2232680152397084 0.33752368769638613 0.06392383975698981 0.09120712538835794
81 0.22496534434577467 0.5150406662357656 0.06671337955253924 0.08917579703842403
7 0.2250408589761185 0.6025296555676454 0.06340290261381792 0.09016148268967122
8 0.2245451480266556 0.6849097258365875 0.06392383975698981 0.09120712538835794
5 0.23218431536372133 0.9283737509603758 0.06762081312608126 0.06960765226540239
8 0.30087443320200635 0.9333776921619797 0.061369574183095604 0.07541578014943012
81 0.293930514840918 0.7738773221049354 0.06671337955253924 0.08463480307580701
5 0.2958812415025828 0.6852424249348581 0.06716518423559181 0.07938801288567035
71 0.2950231839134296 0.6049461171043243 0.06896511998732896 0.09081799147867424
47 0.2938114608468859 0.5216257947536067 0.07321178520702616 0.07914876471006553
5 0.2935103624286012 0.3353265273582123 0.07145221148692235 0.08777162811586858
81 0.3692813492707968 0.34134764716566524 0.076930441848116 0.09598728798234953
7 0.6081806950602483 0.2540083689367898 0.07361996490939551 0.09243197967097988
7 0.3686980701611403 0.9393689858237252 0.07361996490939547 0.08334999174574581
11 0.49173479869588227 0.43744556506280985 0.2897074599678876 0.09592735154610883
81 0.7389438020657865 0.9754523821065423 0.06860702513225378 0.046633157247376
