81 0.9758928766794458 0.24496538686878808 0.04512358529669793 0.1525644427650156
71 0.9745020819799012 0.39560551340739664 0.04790517469578513 0.14835164835164794
81 0.9743475460072392 0.5485421857546419 0.05130490798552089 0.15531174411239887
19 0.9737294201503647 0.6991824337935775 0.052541159699268654 0.14560439560439528
81 0.9743475460072395 0.8467933408907592 0.051304907985520364 0.1470698400702487
73 0.8834139344240833 0.6944164952208378 0.12527473529348837 0.14816888696954367
73 0.16869849852881402 0.6889218925260711 0.11754808193245843 0.1426742842747772
1 0.6366760696355219 0.2568588978433281 0.12053571428571433 0.14560439560439561
81 0.7613839676446051 0.2545809415846292 0.12084478823479074 0.14432253872286643
81 0.2846494552690577 0.2545809415846292 0.11929945756258481 0.1443225387228664
81 0.05315913026531403 0.545794884407258 0.10631826053062805 0.14432253872286635
81 0.054241071428571416 0.8315142245351198 0.1084821428571428 0.14432253872286632
49 0.888564568454571 0.24862506142284893 0.126717032967033 0.14560439560439561
49 0.28356761028592686 0.39972663552892984 0.11899037960600314 0.14560439560439561
81 0.05053185842985062 0.2545809415846292 0.09921015882390691 0.1443225387228664
1 0.05176853844572424 0.3969712665598761 0.10353707689144848 0.1456043956043956
1 0.8823836465162741 0.8447813861833531 0.12362637563012642 0.14560439560439561
19 0.16457763092951258 0.2568669168648682 0.12517170129295066 0.14560439560439556
19 0.758757274392715 0.39972658692879925 0.12053570927633268 0.1456043956043955
5 0.16705014537764795 0.403390465394153 0.11816621680621946 0.14194158634191412
5 0.8864015732895352 0.3978958626993865 0.12589287016724923 0.14743618903668063
73 0.6369336922072284 0.39770794970344203 0.11754808193245843 0.1426742842747772
71 0.05408653545590944 0.6895667575774103 0.10817307091181888 0.14285704565688162
19 0.05485919728544512 0.9546708156716344 0.10971839457089023 0.090658368656728
10 0.28737982772983406 0.545698400702498 0.11754809495685078 0.14670349110381928
10 0.8838774672013453 0.5484457020498812 0.12372941764567463 0.14670349110381928
10 0.16838936596997306 0.9527476172482316 0.11136677226802676 0.09450476550353643
10 0.8831048018652419 0.9609895212903814 0.1252747483178805 0.07802095741923651
50 0.17230428328866615 0.8337895563867704 0.12208104395604397 0.14010989010989022
50 0.7579846080547357 0.6936771876702221 0.12208104395604397 0.14010989010989022
50 0.9720129061552645 0.9587917676927107 0.04945050236236291 0.07142735642530883
11 0.6119505464449204 0.5508226206199985 0.34615384615384615 0.15109880389864
