81 0.9264255907116712 0.11401106191118483 0.11589972627660156 0.1401099387100207
34 0.8058898709156372 0.11674580012482196 0.11589972527472524 0.1401100845104121
81 0.689217332528052 0.11950566460595141 0.11126373425998368 0.14010993871002067
81 0.2294814575467705 0.11950566460595141 0.11589972627660168 0.14010993871002067
81 0.9202442680228471 0.401104052712739 0.11899038762101345 0.1428572400574041
81 0.915608276006229 0.6827024408195266 0.11899038762101317 0.14010993871002056
81 0.6830360098392277 0.682702440819526 0.11126373425998348 0.14010993871002042
81 0.23566278023559445 0.67720783812476 0.11899038762101317 0.14010993871002056
81 0.027043249694180857 0.396983100691664 0.054086499388361714 0.14010993871002056
81 0.02704324969418085 0.6799551394721433 0.054086499388361714 0.14010993871002056
81 0.027043249694180857 0.9464433701683223 0.054086499388361714 0.10164771984665355
81 0.021634592341459907 0.10302185652165158 0.043269184682919806 0.14010993871002056
10 0.8027992095712249 0.4024651402526843 0.11589972527472525 0.14011008451041237
10 0.22948153018280323 0.39971783890530105 0.11589972527472525 0.14011008451041237
10 0.3484719919426643 0.2623527715361364 0.11589972527472525 0.14011008451041237
10 0.7981632175546067 0.8200549450549449 0.11589972527472525 0.14011008451041237
10 0.11358172976735421 0.8173076437075616 0.11589972527472525 0.14011008451041237
18 0.572544939412533 0.12498770416697184 0.11589972527472524 0.1401100845104121
80 0.3484719919426648 0.1249877041669718 0.11589972527472524 0.1401100845104121
48 0.10817307241463368 0.1112511974300553 0.12362637863575518 0.140110084510412
48 0.6868994091557759 0.26510007288351956 0.10971840258590168 0.13461548181564562
48 0.6845814131474668 0.5425775089692325 0.11126373325810772 0.13461548181564503
18 0.7966178868824011 0.9423098550135025 0.1128090639303125 0.10988976968919793
5 0.11049106842294228 0.2568581688413698 0.11589972527472525 0.14560468720517894
5 0.804383772527087 0.26087939699786344 0.11280906545974531 0.14286285340464444
80 0.9248803326754981 0.259605470188753 0.11589972527472524 0.1401100845104121
34 0.22948153018280373 0.2596054701887533 0.11589972527472524 0.1401100845104121
34 0.1166723911117666 0.6799425763383973 0.11589972527472524 0.1401100845104121
34 0.9140630179700564 0.8255475065442289 0.11589972527472524 0.1401100845104121
73 0.5694542780681211 0.2651000728835198 0.11589972527472524 0.1401100845104121
73 0.7981632175546074 0.5398302076218491 0.11589972527472524 0.1401100845104121
73 0.11512706043956074 0.5370829062744659 0.11589972527472524 0.1401100845104121
80 0.2341175221994217 0.5425775089692323 0.11589972527472524 0.1401100845104121
18 0.9171536793144672 0.541203858295541 0.11589972527472524 0.13736278316302872
81 0.9132902799979205 0.9464288387292893 0.11435439560439514 0.10714232254142093
80 0.11512706043956068 0.945055115155402 0.1158997252747252 0.10988976968919567
18 0.2341175221994218 0.8200549450549453 0.11589972527472524 0.1401100845104121
74 0.028588542796025358 0.539830207621849 0.050995837042073736 0.140110084510412
74 0.7973905522185042 0.6785689256647055 0.11435439460251909 0.13736278316302866
11 0.5192307692307692 0.4065934065934066 0.3523351648351649 0.1428571428571429
48 0.027043212123819216 0.8228022464023277 0.050995837042073736 0.1346154818156456
18 0.025497918521036875 0.2541108674939862 0.047905175697661756 0.140110084510412
