81 0.5341392952448849 0.42470938104967837 0.05137659039028087 0.06006792550134946
81 0.6375867542739642 0.42800077422783445 0.0490623295618898 0.056776532323193366
81 0.8342989246872018 0.430057894964182 0.04628521656782056 0.057599380617732336
81 0.9347378446393726 0.42800077422783445 0.049062329561889724 0.056776532323193366
81 0.9345064185565336 0.551839442555959 0.05600511204706294 0.05430798743957624
81 0.9349692707222117 0.6740324142950055 0.051376590390280794 0.06171362209042755
18 0.5306679040022975 0.6760895350313523 0.04998803389324669 0.0625364703849678
81 0.532982164830689 0.5460795044941842 0.0592450772068112 0.05924507720681018
5 0.5862101638836833 0.4872458514346449 0.049988033893246214 0.05513083573411521
5 0.8833612542490917 0.4893029721709925 0.04721092089917704 0.05430798743957631
5 0.9807916351243543 0.6151987612354646 0.03841672975129143 0.06253647038496651
73 0.585515885635166 0.6123187922045781 0.050450886058924456 0.06006792550134961
73 0.8828984020834127 0.6131416404991166 0.04998803389324714 0.05842222891227201
73 0.7833851864625991 0.4925943653491485 0.0509137382246027 0.05924507720681049
10 0.6861862316701759 0.49136009290734006 0.04628521656782056 0.060067925501349394
10 0.637355328191125 0.5510165942614199 0.043045251408073144 0.055953684028654325
10 0.9812544872900325 0.489714396318262 0.037491025419934945 0.05677653232319322
10 0.981485913372871 0.7295746741763897 0.03702817325425644 0.04278811131603029
10 0.8838241064147699 0.7291632500291207 0.049062329561889724 0.043610959610568614
10 0.5838959030552923 0.7287518258818513 0.05091373822460263 0.042788111316029644
80 0.9342749924736944 0.4901258204655315 0.049988033893246214 0.05595368402865425
80 0.9814859133728717 0.6744438384422751 0.0370281732542567 0.055953684028654325
80 0.6871119360015322 0.430057894964182 0.048136625230533386 0.05924507720681042
80 0.6352724934455731 0.6102616714682304 0.0462852165678207 0.055953684028654325
48 0.834530350770041 0.4897143963182619 0.046748068733499085 0.058422228912271376
48 0.5302050518366203 0.7283404017345816 0.05091373822460277 0.040319566432412725
18 0.9354321228878899 0.612318792204578 0.05137659039028094 0.06171362209042748
10 0.8803527151721835 0.5510165942614199 0.036565321088578316 0.05430798743957624
10 0.7132630833623509 0.3132134371396393 0.06433645102927073 0.13001003053716734
48 0.5869044421322005 0.4271779259332954 0.050450886058924456 0.06006792550134946
18 0.5341392952448851 0.4876572755819144 0.052302294721637284 0.057599380617732406
34 0.8833612542490917 0.42800077422783445 0.049062329561889724 0.056776532323193366
34 0.6368924760254469 0.48806869972918393 0.04952518172756811 0.05513083573411535
34 0.5845901813038095 0.6756781108840835 0.04952518172756811 0.06335931867950578
74 0.5320564604993331 0.6127302163518474 0.05183944255595918 0.060890773795888434
74 0.8824355499177355 0.6719752935586578 0.049062329561889585 0.05430798743957624
34 0.9349692707222118 0.7275175534400427 0.049525181727567966 0.04525665619964684
74 0.9805602090415152 0.427589350080565 0.038879581916969524 0.0608907737958885
