81 0.9279709213838773 0.11950566460595144 0.11589972627660156 0.1401099387100207
34 0.8058898709156372 0.12498770416697184 0.11589972527472524 0.1401100845104121
81 0.6907626632002579 0.1277475686481013 0.11126373425998368 0.14010993871002067
18 0.572544939412533 0.13048230686173845 0.11589972527472524 0.1401100845104121
80 0.3484719919426648 0.1249877041669718 0.11589972527472524 0.1401100845104121
81 0.22948145754677057 0.12225296595333472 0.11589972627660156 0.1401099387100207
48 0.1066277417424277 0.11399849877743862 0.12362637863575518 0.140110084510412
81 0.021634592341460056 0.1112492291247685 0.0432691846829201 0.14010993871002028
18 0.025497918521036875 0.2541108674939862 0.047905175697661756 0.140110084510412
81 0.02704324969418101 0.39696856925263113 0.05099583804395003 0.14560454140478696
74 0.02704321212381937 0.5453248103166155 0.050995837042073736 0.140110084510412
81 0.02704324969418101 0.6826879093804936 0.05099583804395003 0.14010993871002034
48 0.027043212123819216 0.8228022464023277 0.050995837042073736 0.1346154818156456
81 0.027815915030284 0.9450551880555977 0.05563183006056799 0.1098896238888046
80 0.11512706043956068 0.949176067176477 0.1158997252747252 0.10164786564704593
81 0.23179945355507958 0.9450551880555979 0.10817307291557157 0.10988962388880451
81 0.9132902799979205 0.9464288387292893 0.11435439560439514 0.10714232254142093
34 0.9140630179700561 0.8241758970760202 0.11589972527472524 0.13736278316302913
10 0.7950725562101948 0.8241758970760196 0.11589972527472525 0.13186818046826265
34 0.2325721915272155 0.26372642220982834 0.11589972527472524 0.13736278316302913
10 0.23257219152721512 0.4065860922737592 0.11589972527472524 0.13736278316302927
10 0.8012538788990188 0.40933339362114246 0.11589972527472524 0.13736278316302925
10 0.11358172976735421 0.8241758970760195 0.11899038661913726 0.1373627831630291
81 0.9140629453340233 0.68544974216691 0.11589972627660156 0.12912073332048754
81 0.9186989373506411 0.4052250047338141 0.11589972627660156 0.1401099387100207
81 0.23257211889118246 0.6868233928406012 0.1128090649321895 0.13736263736263718
34 0.11203639909514836 0.6840635283594723 0.11589972527472524 0.13736278316302913
73 0.11358172976735467 0.5425775089692323 0.11589972527472524 0.1401100845104121
73 0.7981632175546072 0.5508194130113823 0.11589972527472524 0.1401100845104121
5 0.11049106842294226 0.26235277153613634 0.11589972527472524 0.14011008451041243
5 0.801253878899019 0.26510007288351967 0.11589972527472524 0.14011008451041243
10 0.34847199194266415 0.2664737235572112 0.11589972527472524 0.13736278316302927
48 0.688444739827982 0.27059467557828626 0.11589972527472525 0.14011008451041196
48 0.3492446572787678 0.6826898776857802 0.11744505594693129 0.13461548181564542
80 0.2341175221994217 0.5425775089692323 0.11589972527472524 0.1401100845104121
80 0.9202443406588803 0.2651000728835197 0.11589972527472524 0.1401100845104121
5 0.3492446572787675 0.5453248103166155 0.11435439460251938 0.1346154818156458
11 0.5192307692307697 0.40934070794078975 0.3523351648351651 0.13736254016237623
81 0.4597357277054625 0.12637391797440975 0.10971840358777768 0.13186803466787086
18 0.23334485686331882 0.8241758970760203 0.11435439460251921 0.13186818046826243
18 0.9179263446505718 0.5480721116639992 0.11435439460251923 0.14011008451041196
74 0.7935272255379894 0.6881844803805468 0.11589972527472524 0.1401100845104121
