81 0.11192602040816321 0.05758017492711372 0.11397594752186584 0.11516034985422742
81 0.3398779154518951 0.0575801749271137 0.10741618075801743 0.1151603498542274
81 0.7797922740524783 0.0575801749271137 0.11315597667638486 0.1151603498542274
81 0.9768130466472303 0.048833819241982504 0.04637390670553927 0.09766763848396501
81 0.7740524781341108 0.31195335276967934 0.10987609329446045 0.09329446064139944
81 0.9710732507288631 0.3075801749271137 0.05785349854227391 0.09912536443148688
81 0.7785623177842567 0.5845481049562682 0.10905612244897954 0.13119533527696794
81 0.9735331632653061 0.5852769679300291 0.052933673469387654 0.1268221574344023
81 0.9751731049562679 0.8586005830903783 0.049653790087463075 0.13702623906705538
81 0.7781523323615162 0.8542274052478134 0.10659620991253646 0.1253644314868805
81 0.11684584548104958 0.597667638483965 0.11397594752186588 0.12827988338192411
81 0.11725583090379008 0.8731778425655977 0.11643586005830901 0.13411078717201164
5 0.23246173469387757 0.4548104956268222 0.10905612244897962 0.13119533527696803
5 0.8876184402332362 0.4504373177842565 0.10905612244897966 0.12536443148688042
5 0.6666362973760934 0.18658892128279883 0.10823615160349853 0.1282798833819242
10 0.1188957725947522 0.32580174927113703 0.07871720116618076 0.12390670553935859
10 0.22918185131195337 0.18513119533527697 0.11397594752186596 0.13119533527696794
10 0.8908983236151604 0.1800291545189504 0.11069606413994165 0.12390670553935859
10 0.8908983236151604 0.7237609329446064 0.11233600583090379 0.1268221574344024
10 0.8949981778425657 0.9620991253644314 0.1205357142857143 0.07288629737609327
10 0.02910896501457726 0.7376093294460643 0.05821793002915452 0.1370262390670554
80 0.02705903790087464 0.18002915451895038 0.05411807580174928 0.1384839650145773
80 0.8917182944606418 0.05393586005830904 0.11233600583090382 0.10787172011661808
80 0.23533163265306126 0.5918367346938775 0.11151603498542279 0.1253644314868805
80 0.7802022594752188 0.7208454810495627 0.11069606413994179 0.12390670553935848
73 0.6670462827988339 0.4584548104956268 0.11233600583090386 0.1268221574344023
73 0.8917182944606415 0.857871720116618 0.11561588921282791 0.13556851311953352
37 0.027879008746355693 0.46137026239067075 0.055758017492711386 0.13848396501457727
37 0.9764030612244897 0.17638483965014579 0.047193877551020336 0.1282798833819242
37 0.22918185131195337 0.05393586005830904 0.1090561224489796 0.10787172011661808
37 0.11766581632653061 0.7317784256559767 0.11397594752186588 0.1370262390670554
24 0.6690962099125366 0.05903790087463557 0.10987609329446073 0.11807580174927114
24 0.02869897959183674 0.5940233236151603 0.05739795918367348 0.13556851311953352
60 0.11684584548104957 0.456997084548105 0.11725583090379008 0.129737609329446
60 0.9735331632653061 0.7230320699708455 0.052933673469387654 0.1311953352769679
68 0.34233782798833823 0.19387755102040813 0.10577623906705537 0.12536443148688048
68 0.777332361516035 0.4548104956268222 0.10823615160349846 0.13119533527696803
55 0.34233782798833823 0.4584548104956268 0.10905612244897953 0.1268221574344023
78 0.027469023323615165 0.8797376093294461 0.05493804664723033 0.13848396501457727
78 0.8867984693877551 0.5852769679300291 0.11233600583090364 0.129737609329446
59 0.7769223760932945 0.184402332361516 0.11069606413994165 0.12973760932944606
78 0.11274599125364432 0.1814868804664723 0.11889577259475217 0.141399416909621
10 0.6690962099125365 0.3214285714285714 0.059037900874635556 0.11807580174927118
55 0.667866253644315 0.5874635568513119 0.10741618075801754 0.12244897959183675
24 0.7806122448979593 0.9628279883381924 0.09839650145772609 0.07434402332361514
59 0.1106960641399417 0.9759475218658892 0.11643586005830903 0.0481049562682216
11 0.39563593294460647 0.3272594752186589 0.3189686588921282 0.12099125364431487
