81 0.6107644712729122 0.30037288950335767 0.059365418769886845 0.06869960411106386
81 0.8454258907501061 0.29539465732139647 0.057125214288004426 0.06471701836549495
81 0.9703172906150566 0.28792730904845476 0.057125214288004426 0.07168654342024058
81 0.9666769583319976 0.4377720977254855 0.06664608333600498 0.052769261128788186
81 0.9697572394945859 0.591101648929889 0.060485521010828054 0.07865606847498612
81 0.6118845735138535 0.5896081792753006 0.0582453165289455 0.06969525054745623
56 0.5502789502620842 0.30037288950335767 0.06048552101082819 0.07069089698384844
56 0.5494388735813782 0.5871190631843202 0.06104557213129851 0.06869960411106397
5 0.5522391291837313 0.37106378648720606 0.05768526540847496 0.06471701836549493
5 0.9061914373211696 0.3670812007416371 0.06440587885412243 0.06670831123827953
71 0.970597316175292 0.3635964382142643 0.05880536764941624 0.06969525054745623
71 0.971437392855998 0.6672686013138948 0.05712521428800429 0.06969525054745623
73 0.5519591036234961 0.5149346965458834 0.059365418769886776 0.06969525054745623
73 0.90675148844164 0.513441226891295 0.06216567437223986 0.0686996041110639
10 0.61328470131503 0.4447416227802311 0.043123936276238554 0.06670831123827937
10 0.669289813362093 0.37554419545097106 0.055445060926592404 0.06571266480188719
10 0.9070315140018753 0.44523944599842724 0.04480408963765029 0.06571266480188712
10 0.5480387457802016 0.6612947226955415 0.05936541876988663 0.06969525054745623
51 0.546638617979025 0.7265095642792325 0.06104557213129858 0.04878667538321935
51 0.9078715906825812 0.29290554123041596 0.06216567437223986 0.06770395767467167
85 0.6110444968331474 0.3735529025781867 0.05320485644470978 0.06571266480188732
61 0.9694772139343506 0.5164281662004717 0.0610455721312988 0.07069089698384837
61 0.672090068964446 0.3028620055943382 0.053204856444709916 0.0696952505474561
13 0.6116045479536178 0.5144368733276865 0.05768526540847519 0.06670831123827928
13 0.8440257629489295 0.3675790239598332 0.056565163167533544 0.05973878618353389
11 0.7597380693180996 0.44673291565301554 0.17921635855060145 0.06272572549271047
