16 0.15063060699378503 0.2842157356156537 0.12643606393606394 0.14235764235764234
16 0.7653912453186398 0.8813791466696042 0.12643606393606394 0.14235764235764234
5 0.8904225460715577 0.2994429501574098 0.12362637362637367 0.14235764235764237
5 0.2807193535830133 0.4418031108854532 0.12362637362637367 0.14235764235764237
44 0.7726964457707737 0.2994429501574097 0.12362637362637367 0.14235764235764237
86 0.6452769076170624 0.2956966301382507 0.11660214329816415 0.13486500231932422
81 0.5209480308077622 0.2969454034779704 0.12362637362637367 0.14235764235764237
32 0.2793145075173711 0.294447856798531 0.12362637362637367 0.14235764235764237
32 0.1458541312813995 0.8813713264667798 0.12362637362637367 0.14235764235764237
86 0.15147351554396685 0.4318129241676957 0.12362637362637367 0.14235764235764237
86 0.8946370842684831 0.741508712418176 0.12362637362637367 0.14235764235764237
73 0.770308207459183 0.4443006575648924 0.11941183542944842 0.14235764235764234
81 0.893232238202841 0.44180311088545304 0.12362637362637367 0.14235764235764237
81 0.15147351554396657 0.7340160723798581 0.12362637362637367 0.14235764235764237
10 0.27369512325480416 0.5791681782546175 0.12362637362637367 0.14235764235764237
10 0.8932322382028411 0.592904684991534 0.12362637362637367 0.14985028239596043
10 0.7653912462294366 0.7365136190592971 0.12362637362637367 0.14235764235764237
44 0.6459793306498831 0.44679820424433175 0.12081668149509 0.14235764235764234
44 0.8946370842684828 0.8838688731462193 0.12081668149509 0.14235764235764234
11 0.6501935482463866 0.5904095241366851 0.2922077922077925 0.14485527740095538
32 0.5209480308077619 0.4418031108854532 0.12362637362637367 0.14235764235764237
81 0.9803233123897559 0.29754358232398126 0.03654368308920368 0.13854388483225338
81 0.9782160432912935 0.8944572387099877 0.040758221286128944 0.1485340715500111
44 0.9756967022560148 0.7440062590976148 0.04074045575350728 0.1423576423576422
10 0.9782254251741704 0.44804697758405154 0.040740455753508244 0.13986009567820315
