81 0.9727769150417543 0.24471705693109666 0.05444616991649142 0.1311501157249096
5 0.8798404605059751 0.24934635818011075 0.12487333875040232 0.12876007565031392
7 0.7544123991656905 0.25741411440875284 0.1106568157308606 0.12194844042799055
8 0.6421675693583562 0.26713828127582295 0.1047920889392978 0.11845308916405975
81 0.532115779606552 0.26528599829183014 0.10630449594790053 0.12096275477674318
47 0.3511909018159849 0.2766878532628178 0.10367990320671701 0.11148718742944495
71 0.2560706339115432 0.28026504877720837 0.08045931506985288 0.10898196732914248
8 0.2571120340938067 0.39315086373844493 0.07797230041340793 0.11164159822013447
81 0.2530622656586111 0.6194835273759574 0.08203897299590474 0.11188076685150943
7 0.25441491307590214 0.7342184804835388 0.08383702720497074 0.11286645250275607
10 0.2562718305064315 0.9469427261976636 0.08771880449311892 0.09249156571682134
5 0.35161990423469397 0.3898184549096166 0.10593479673449412 0.11047659792895387
8 0.2558349013068597 0.8449797630188384 0.08563509713509068 0.10255961029489992
47 0.6404095251251308 0.3970582943111846 0.10740739569881626 0.12971936535794243
73 0.7537906699407667 0.39020695293007923 0.11321108767815481 0.12421906107649507
81 0.8769416320822679 0.38789283528249 0.12163008939126524 0.12550374873936032
10 0.9708276248033313 0.3872765744580494 0.05834475039333633 0.13336051138037414
10 0.8767346905705721 0.5226202878972527 0.1214817196053266 0.1400502214505501
10 0.7511442537427407 0.6508022170382071 0.11637363787033778 0.1242187690430629
47 0.7529435927957465 0.7767905780130103 0.11763689521250782 0.12971936535794215
71 0.7472616065145309 0.9122384313837111 0.11942112273954407 0.13142660704039866
8 0.8745646476222688 0.7901910717612805 0.12073475174184028 0.12979539902702825
81 0.8733571160633127 0.9209259963222537 0.12035295660431827 0.11642176081412642
81 0.9705211782473697 0.8108363123051112 0.058966548663428625 0.14244284969600718
10 0.9689638382373876 0.9333888619179522 0.06217614875417774 0.11292414284684081
71 0.9701554271994367 0.6648942159922671 0.05831118737829814 0.12881970291855865
11 0.6156166790297525 0.5237244503525302 0.31269585013293805 0.13225530324704465
