81 0.522556419798788 0.31281846995826057 0.042003834035297276 0.07566912916580953
81 0.6407272062180909 0.3187923485766139 0.06216567437224001 0.07566912916580958
81 0.8966705682731686 0.32128146466759455 0.06440587885412256 0.07467348272941723
81 0.8910700570684625 0.6369013850039318 0.06664608333600498 0.07666477560220172
81 0.5222763942385527 0.6279405670764016 0.04256388515576788 0.0746734827294172
5 0.5222763942385522 0.4701306069082319 0.045924191878591765 0.05575620043796485
5 0.5788415574060862 0.39446147774242346 0.06384582773365174 0.07766042203859393
5 0.9630366260489385 0.400933179578973 0.06496592997459302 0.0766647756022018
73 0.5774414296049097 0.5517736146923959 0.06216567437224001 0.07965171491137844
73 0.9593962937658793 0.5592409629653378 0.06552598109506348 0.07865606847498632
73 0.8314246127383398 0.4024266492335611 0.06272572549271063 0.07965171491137833
10 0.643807487380679 0.47461101587199733 0.03808347619200241 0.07268218985663272
10 0.95995634488635 0.4815805409267436 0.04424403851717983 0.07069089698384837
10 0.9585562170851734 0.7135661606061336 0.0627257254927106 0.0627257254927106
10 0.5729610206411446 0.7051031658967994 0.05768526540847475 0.07566912916580947
51 0.5222763942385527 0.3959549473970118 0.04144378291482667 0.07666477560220172
51 0.704853059511978 0.32128146466759455 0.060485521010828054 0.07467348272941723
51 0.9591162682056416 0.6373992082221273 0.06608603221553415 0.07168654342023953
3 0.5774414296049097 0.62943403673099 0.06216567437224001 0.07566912916580953
3 0.962756600488703 0.3217792878857907 0.06328577661318122 0.07766042203859402
65 0.894150338231051 0.5582453165289454 0.0627257254927106 0.07268218985663268
65 0.6432474362602086 0.3974484170516001 0.06160562325176919 0.06969525054745623
57 0.6421273340192674 0.5527692611287881 0.06384582773365167 0.07367783629302516
57 0.5780014807253803 0.3158054092674373 0.06328577661318115 0.07566912916580953
57 0.522556419798788 0.7056009891149955 0.040883731794356 0.07268218985663268
39 0.8949904149117569 0.4024266492335613 0.06328577661318135 0.07168654342024063
39 0.5231164709192586 0.5507779682560037 0.043123936276238554 0.07367783629302509
65 0.8319846638588109 0.3222771111039867 0.06048552101082777 0.06670831123827944
11 0.7986616221908085 0.48108271770854755 0.1932176365623674 0.059738786183533815
