81 0.9668140223938743 0.3090236980455606 0.05852460443365283 0.06912581511291367
34 0.9069474085329398 0.3112812977471117 0.06036198166018822 0.06970021642320383
80 0.9656293330376516 0.37965659724445244 0.060361981660188295 0.07111001641284016
81 0.9636420264747007 0.4514134969987861 0.05852460443365283 0.06912581511291367
18 0.9636468355881691 0.5220463961976781 0.061154980639981656 0.06829041643356797
81 0.962849027494907 0.5923934959623753 0.05852460443365283 0.06912581511291367
34 0.9616643381386857 0.6644361951509032 0.05877598370060112 0.06829041643356797
81 0.9612630295353203 0.7249146949881491 0.058524604433652316 0.05220821523728242
18 0.9017929151642825 0.7243526947104284 0.057982984720807346 0.04996301656830053
81 0.6202734682241509 0.7220950950088776 0.0569386064740657 0.05502781521655446
80 0.56119985334301 0.7229428947207925 0.05877598370060087 0.05278261654757295
81 0.5167871013611112 0.7235048949985131 0.029183642181294787 0.05220821523728243
48 0.5159989114947857 0.6630263951612666 0.027056024508863356 0.06829041643356827
81 0.5171836008510075 0.5902787959779211 0.029976641161088998 0.07053561510254941
74 0.5175849094543721 0.519931696213224 0.028642022468450573 0.06688061644393188
81 0.5163906018712139 0.4492987970143317 0.029976641161088998 0.07053561510254941
18 0.5156024120048892 0.37824679725481647 0.027849023488655703 0.07111001641283865
81 0.5144081044217311 0.30479429807665237 0.022839650342947174 0.07194541509218509
48 0.5580278574238365 0.30846169776784016 0.05877598370060096 0.07251981640247569
81 0.6171014723049772 0.3090236980455606 0.05852460443365283 0.06912581511291367
80 0.6777707033726422 0.31198619774192976 0.057189985741014346 0.07111001641283977
80 0.6214677758073097 0.5227512961924959 0.05718998574101428 0.06688061644393244
18 0.7895835595235141 0.3119861977419292 0.0556039877814278 0.06829041643356785
81 0.848657174404655 0.3118432980248324 0.05852460443365283 0.06912581511291367
81 0.6218594661837379 0.5923934959623753 0.05852460443365283 0.06912581511291367
81 0.8431061815461014 0.5916885959675574 0.058524604433652844 0.06771601512327778
10 0.5608033538531124 0.6609116951768138 0.05956898268039508 0.07251981640247618
10 0.6202782773376191 0.4508514967210652 0.05956898268039508 0.07251981640247618
10 0.9025859141440752 0.6623214951664492 0.05956898268039508 0.07251981640247618
10 0.9033789131238688 0.45367109670033706 0.05956898268039508 0.07251981640247618
5 0.5602912809424982 0.37877132928179547 0.06036196744070907 0.0725197594164828
5 0.9052458371526347 0.38441052924033875 0.05877596948112271 0.07251975941648278
34 0.6198817778477228 0.38177129722890624 0.06036198166018822 0.06970021642320383
34 0.5635788502823899 0.5904216956950186 0.060361981660188094 0.06688061644393259
10 0.6785637023524358 0.38388599721336014 0.057189985741014644 0.07111001641284043
73 0.9032632946747912 0.5234153150549643 0.061154975900156686 0.06970024491620169
73 0.7898644405643327 0.38243531609137404 0.05639698202139644 0.06970024491620157
48 0.8478689845383299 0.3824761972237244 0.05481098880163459 0.0654708164542965
48 0.8446969886191563 0.5234561961873139 0.05481098880163459 0.0654708164542965
73 0.5622737333636216 0.5220055150653283 0.061154975900156686 0.06970024491620169
11 0.76358331323938 0.45443985549428506 0.16891322897892647 0.07122935707006339
18 0.6210712763174137 0.6602067951819948 0.056396986761220264 0.06829041643356787
74 0.9033789131238692 0.5918314956846548 0.05798298472080793 0.06688061644393194
