81 0.9787005678809402 0.3945250541372713 0.04128834561665463 0.0664110762898925
10 0.97804511545618 0.4644286682623535 0.041288333294747216 0.06641072589949554
71 0.9777173931740666 0.6056538753925396 0.04194373112071584 0.06641093201149907
81 0.9777175112944166 0.6747373661268855 0.04063297455897066 0.06757620024826945
10 0.978372800985023 0.7289118068138819 0.04194370435242791 0.03844775089845776
81 0.925615512208819 0.7260028202954689 0.06226021946243292 0.04660396899748378
8 0.9249601048227584 0.6694943701477967 0.060949468424313785 0.0617504155667902
71 0.8672875896247692 0.7248373974746976 0.05701725524992251 0.05126440299739689
47 0.8649936521952063 0.6636674312391376 0.055051128055399155 0.06408062226114308
10 0.8649936080062963 0.596670237538121 0.05636186762140099 0.06291535402437372
81 0.9243047312157183 0.4650112714639456 0.060949471823461616 0.06524564316352524
5 0.924960213807906 0.3962714209580687 0.06094948074622104 0.0652459111091184
7 0.8646659246019236 0.3997683077563724 0.0570172386790827 0.06291551891396906
8 0.8080267741730185 0.4018742496370016 0.05242964467446712 0.05942016765003828
81 0.7558744082695691 0.4020983598667271 0.0491527983088224 0.05592496066450447
71 0.6159527890042935 0.4096713667337826 0.04063297880791051 0.05242952695577418
8 0.6159526511263993 0.465597677431862 0.04194370775157827 0.05708991973328487
47 0.808959426763523 0.46443123435671024 0.05177427276699948 0.06175037434439282
73 0.8640105860485854 0.4656412362645432 0.057017245052482755 0.06291564258116494
10 0.9246323742552235 0.5325884198273999 0.06160483608284462 0.06990609777463168
81 0.6162803341058776 0.5844364771975633 0.0412883400930474 0.05242927962138245
5 0.6578965296851077 0.46764277102589363 0.039322237967228946 0.05709006401168061
11 0.8020780659240273 0.5316711897871131 0.14156005668202426 0.06641089078909779
