81 0.699643571520582 0.46810263210877096 0.060687328923998446 0.06489641514400614
81 0.9328573623961912 0.4732291775256287 0.058524604433652885 0.06489641514400614
81 0.5756473674074293 0.610364267426575 0.06212914525089567 0.06489641514400615
10 0.6364657201931029 0.5409190561297916 0.059245500275195574 0.07445008121230383
10 0.9327589753704616 0.5434823288382206 0.059245500275195574 0.07445008121230383
10 0.6999056385765763 0.40186151169752354 0.05924550027519546 0.06804189944123104
5 0.6377111011085485 0.4689244073801077 0.05950766654378792 0.06477988213696793
5 0.9325625399590101 0.40356095331517067 0.05950766654378792 0.06477988213696793
32 0.6377111011085486 0.3997160442525275 0.05950766654378792 0.06477988213696793
32 0.5735502745616268 0.6848801330652424 0.05950766654378788 0.06862479119961133
86 0.5764339072154208 0.4676427710258932 0.05950766654378792 0.06477988213696793
86 0.8128917848265488 0.40099768060674174 0.05950766654378792 0.06477988213696793
86 0.9318416317955613 0.615030951760555 0.05950766654378792 0.06477988213696793
73 0.8720062542293309 0.472769316442751 0.05950766654378792 0.06477988213696793
16 0.5771548153788694 0.3971527715440984 0.05950766654378792 0.06477988213696793
16 0.6369901929451001 0.6086227699894827 0.05950766654378792 0.06477988213696793
44 0.8107290603362032 0.472769316442751 0.05950766654378792 0.06477988213696793
44 0.8720062542293309 0.40227931696095615 0.05950766654378792 0.06477988213696793
44 0.9318416317955613 0.6868025875965641 0.05950766654378792 0.06477988213696793
44 0.9732938511938543 0.6163125881147667 0.019857717554117454 0.0647798821369677
81 0.9736868695609785 0.6878460946830117 0.01946450779377841 0.06664391145853316
10 0.9729659613975301 0.47509824616078267 0.01946450779377841 0.06408068409474353
81 0.9744077777244273 0.40332282404740377 0.01946450779377841 0.06664391145853316
44 0.6369901929451001 0.6803944058254919 0.05950766654378792 0.06477988213696793
11 0.8172171373564471 0.5419242806208286 0.14156005668202426 0.06641089078909779
