16 0.16973651348651358 0.286963036963037 0.12643606393606394 0.14235764235764234
16 0.2905531968031969 0.7315184815184815 0.11238761238761238 0.14235764235764223
81 0.16833166833166846 0.7290209790209791 0.12362637362637365 0.14235764235764237
81 0.42682334440976105 0.4393055642060137 0.12362637362637367 0.14235764235764237
81 0.9143049291874681 0.44679820424433175 0.12362637362637367 0.14235764235764237
5 0.9171146213187517 0.2994429501574097 0.12362637362637367 0.14235764235764237
32 0.3003871985019983 0.2919503101190916 0.12362637362637367 0.14235764235764237
32 0.1669268222660266 0.8838688731462193 0.12362637362637367 0.14235764235764237
5 0.29617266030507294 0.4393055642060137 0.12362637362637367 0.14235764235764237
86 0.17114136046295214 0.434310470847135 0.12362637362637367 0.14235764235764237
86 0.6649447525360476 0.29819417681769 0.11660214329816415 0.12986990896044548
86 0.9143049291874681 0.741508712418176 0.12362637362637367 0.14235764235764237
73 0.7878687832797056 0.44679820424433175 0.12362637362637367 0.14235764235764237
44 0.6656471755688683 0.44180311088545304 0.12362637362637367 0.14235764235764237
44 0.7864639372140637 0.2919503101190916 0.12362637362637367 0.14235764235764237
44 0.9143049291874681 0.8888639665050982 0.12362637362637367 0.14235764235764237
44 0.29195812210814764 0.8863664198256588 0.12362637362637367 0.14235764235764237
10 0.296172660305073 0.5841632716134965 0.12362637362637367 0.14235764235764237
10 0.9171146213187518 0.5966510050106933 0.12362637362637367 0.14235764235764237
10 0.785059091148422 0.7390111657387366 0.12362637362637367 0.14235764235764237
11 0.662837162837163 0.5904095241366851 0.2922077922077925 0.14485527740095538
