81 0.5771614040446744 0.3163032324856334 0.06496592997459295 0.08064736134777072
81 0.7048530595119779 0.3217792878857907 0.059365418769886845 0.07168654342024063
81 0.8331047660997521 0.32377058075857507 0.06048552101082791 0.07766042203859393
81 0.9644367538501148 0.3207836414493984 0.06552598109506363 0.07168654342024063
81 0.9610764471272911 0.4775979551811747 0.07112649229976994 0.05077796825600373
81 0.9593962937658793 0.6364035617857355 0.06552598109506348 0.077660422038594
81 0.577721455165145 0.6289362135127938 0.0627257254927106 0.06869960411106404
5 0.5233964964794939 0.3934658313060313 0.04032368067388532 0.0716865434202407
5 0.6410072317783262 0.5497823218196115 0.059365418769886845 0.07367783629302493
5 0.8969505938334044 0.39962073654918334 0.06384582773365183 0.07132449017064359
73 0.5236765220397291 0.5527692611287881 0.04424403851717983 0.07766042203859407
73 0.8930302359901094 0.556254023656161 0.0616056232517694 0.07467348272941735
10 0.5799616596470275 0.47461101587199805 0.04704429411953292 0.07467348272941728
10 0.6438074873806794 0.3984440634879924 0.06160562325176933 0.07168654342024063
10 0.8961105171526981 0.4766023087447826 0.03864352731247351 0.06670831123827944
10 0.8972306193936394 0.7095835748605646 0.05320485644470978 0.07069089698384858
51 0.641847308459032 0.32128146466759455 0.06104557213129866 0.07666477560220177
3 0.9592690094203179 0.5574759533735516 0.06415131016299938 0.07693631553939959
3 0.8976633861685487 0.3221413411353879 0.06109648586952346 0.07512604929141375
3 0.7039366122239352 0.4008879229227735 0.050404600842356755 0.07512604929141382
3 0.5219199980709804 0.6303391698549831 0.042767540108666256 0.07422091616742094
57 0.5791979535736586 0.5506874549436046 0.06466044754524546 0.07241064991943488
57 0.5226837041443495 0.31354257645745504 0.03818530366845202 0.07422091616742087
57 0.9623238337137942 0.4004353563607772 0.065169584927492 0.07603118241540638
51 0.8938448558017035 0.6335071357889582 0.0616056232517694 0.07512604929141375
65 0.5784342475002896 0.39500455761681935 0.06211476063401534 0.07060038367144912
39 0.9582507346558259 0.7127062841383404 0.0651695849274914 0.07241064991943488
39 0.8322392325499343 0.3995302232367841 0.05753252419380104 0.07422091616742087
10 0.5198834485419964 0.7090857516423685 0.04174926534417409 0.07060038367144898
51 0.5776705414269209 0.7090857516423692 0.06567872230973695 0.07603118241540754
11 0.7349939925409427 0.4737511394042053 0.19296306787124423 0.0706003836714491
