81 0.17957361516034986 0.12755102040816324 0.11807580174927114 0.13848396501457727
81 0.6502368804664723 0.12536443148688048 0.11807580174927125 0.13411078717201166
81 0.8995080174927114 0.11078717201166181 0.12135568513119538 0.1370262390670554
81 0.8929482507288631 0.4008746355685131 0.13611516034985427 0.1311953352769679
81 0.9036078717201167 0.7150145772594754 0.13119533527696803 0.13848396501457727
71 0.8978680758017493 0.2616618075801749 0.12299562682215737 0.13848396501457724
71 0.9060677842565599 0.8637026239067055 0.13775510204081626 0.15014577259475217
61 0.899098032069971 0.5612244897959183 0.12873542274052482 0.1457725947521866
61 0.29723943148688053 0.1333819241982507 0.11561588921282807 0.14139941690962093
56 0.059037900874635584 0.1239067055393586 0.11807580174927117 0.14868804664723034
5 0.059037900874635584 0.2696793002915452 0.11807580174927117 0.1282798833819242
5 0.7715925655976678 0.2718658892128281 0.11807580174927106 0.1384839650145771
85 0.18080357142857145 0.27332361516034986 0.11889577259475219 0.1326530612244898
85 0.5317510932944607 0.12682215743440234 0.11233600583090371 0.13994169096209913
10 0.7703626093294461 0.41326530612244894 0.06641763848396494 0.13556851311953358
10 0.181213556851312 0.41690962099125367 0.07707725947521869 0.13411078717201164
10 0.3009293002915451 0.2747813411078718 0.11479591836734696 0.13848396501457727
10 0.05903790087463557 0.8549562682215744 0.11315597667638486 0.1413994169096209
56 0.06026785714285715 0.7077259475218659 0.11561588921282802 0.13265306122448975
73 0.05821793002915452 0.5619533527696793 0.11479591836734696 0.14139941690962105
13 0.1799836005830904 0.5575801749271136 0.1139759475218659 0.13265306122448975
13 0.6477769679300291 0.2725947521865889 0.11643586005830904 0.13119533527696792
51 0.7715925655976672 0.12463556851311956 0.11971574344023322 0.1501457725947522
73 0.7715925655976678 0.5612244897959183 0.12627551020408162 0.15160349854227398
51 0.7720025510204082 0.7113702623906706 0.1205357142857143 0.14285714285714285
11 0.47763301749271136 0.4176384839650146 0.35176749271137026 0.12390670553935855
