62 0.12267410075136244 0.8585378275402242 0.1176845323315169 0.1460365714671937
62 0.8202396875031382 0.5760463993550142 0.1176845323315169 0.1460365714671937
62 0.9411577338342415 0.13818468566793915 0.1176845323315169 0.1460365714671937
62 0.03130730977590201 0.1438345142316434 0.05889198857339454 0.14603657146719365
81 0.12433530045376638 0.7131514277507135 0.12073542135376289 0.13756182862163713
81 0.35791648781711743 0.15099348566214585 0.11437947067720917 0.1375618286216371
81 0.12592428812290482 0.15099348566214588 0.12073542135376289 0.13756182862163713
81 0.8219008872055426 0.13969382853473752 0.12073542135376289 0.13756182862163713
81 0.1275132757920433 0.42783508528365155 0.12073542135376289 0.13756182862163713
81 0.8203118995364039 0.7216261705962698 0.12073542135376289 0.13756182862163713
81 0.5819637491656375 0.15381839994399804 0.12073542135376289 0.13756182862163713
81 0.8234898748746815 0.967393713117402 0.12073542135376286 0.05846422872977798
81 0.12433530045376713 0.9631563416946242 0.12073542135376289 0.066938971575334
10 0.35717901472651237 0.4387036188351988 0.11168274406063317 0.13930544764994518
10 0.9403374893003205 0.87091550395857 0.11168274406063317 0.13930544764994518
10 0.938748501631182 0.43305379027149465 0.11168274406063317 0.13930544764994518
10 0.24118291487940616 0.8596158468311615 0.11168274406063317 0.13930544764994518
10 0.7004003512604158 0.5771244186459517 0.11168274406063317 0.13930544764994518
10 0.035409011725977935 0.5771244186459508 0.06560210165561836 0.1393054476499451
10 0.032006556993239954 0.8624407611130124 0.06401311398647991 0.139305447649945
5 0.24328039219533387 0.29377074330901864 0.11430684992519147 0.14019337145174463
5 0.9408459789471099 0.2881209147453145 0.11430684992519147 0.14019337145174463
82 0.1251207166943333 0.28898316189703743 0.11495149533893216 0.13930544764994512
82 0.9418603786314922 0.7211950470204086 0.11495149533893216 0.13930544764994512
82 0.03295943188430369 0.7183701327385554 0.06410388992650205 0.13930544764994504
82 0.24270580421057786 0.9641376752596891 0.11495149533893208 0.06020784775808601
73 0.7025357738273609 0.2941890285598419 0.1172306526314066 0.13740068574518313
73 0.9413846736842965 0.5780929138859778 0.11723065263140646 0.14587542859073963
73 0.24490732511548963 0.5738555424631996 0.1172306526314066 0.13740068574518313
73 0.03436645895464603 0.28853919999613764 0.064794059549838 0.13740068574518308
17 0.24307994842410496 0.15131219385970684 0.11143304210578049 0.1407984762290981
17 0.1254948609078603 0.5693995075738174 0.11143304210578049 0.1407984762290981
17 0.8206769661559286 0.8716653357319916 0.11620000511319581 0.140798476229098
87 0.82384199368659 0.2883879625960936 0.11536012330861593 0.1416864000308972
87 0.35826860662902665 0.2940377911597978 0.11536012330861593 0.1416864000308972
87 0.24545048212019738 0.7149500191557604 0.11536012330861593 0.1416864000308972
17 0.6983249156322686 0.15413710814155868 0.11620000511319581 0.140798476229098
11 0.6490995370157131 0.4378531073446327 0.3893009259685739 0.1412429378531073
62 0.359110153327507 0.5805082524771114 0.11122879970444911 0.14406779661016955
5 0.030190677966101694 0.9646892655367231 0.06038135593220339 0.06497175141242949
