81 0.9170039936702069 0.9061463610434929 0.12003631037600901 0.1419692190553433
81 0.9138260183319303 0.6151801900127276 0.11368035969945524 0.14196921905534343
81 0.9162094998356382 0.32421401898196156 0.12162529804514738 0.14196921905534343
81 0.20672650556532382 0.91462110388905 0.11368035969945524 0.14196921905534343
81 0.20752099939989296 0.32986384754566556 0.12162529804514734 0.14196921905534335
81 0.6770668556303027 0.33268876182751783 0.11368035969945524 0.14196921905534343
10 0.08535090947502938 0.478370818966513 0.12053571428571429 0.14285714285714285
10 0.7940394099107744 0.4698960761209565 0.12053571428571429 0.14285714285714285
33 0.08443156466303373 0.3321642284883916 0.12187499999999997 0.13914430477349135
33 0.9154721156224389 0.7615511993299104 0.12187499999999997 0.13914430477349135
2 0.32783072751264053 0.3347441524929557 0.11590505142791623 0.14285714285714274
40 0.7982821633099263 0.33061036183524267 0.11785714285714277 0.13958826667439098
42 0.9144597272895477 0.4731637585207247 0.11917372881355942 0.1440679631845395
5 0.7960804992379944 0.7598870056497176 0.117584745762712 0.14689265536723184
5 0.08659750496768014 0.7740115770589782 0.12235170877012733 0.1468926553672318
45 0.08627025428702492 0.9187055999304806 0.11919642857142858 0.14047619047619037
70 0.20654386376860734 0.47706194259065193 0.11785714285714284 0.14523809523809522
70 0.7960582890189692 0.9092738277140229 0.11785714285714284 0.14523809523809522
73 0.33368642913223856 0.47457610461207095 0.1271186209763416 0.14124304890268727
52 0.6755672815053458 0.4742140189819618 0.1151785714285714 0.14285714285714285
52 0.20840490677864387 0.7708300185764321 0.1151785714285714 0.14285714285714285
11 0.29078389830508483 0.6257061591644756 0.4067796610169492 0.14971762517387358
