81 0.6273147513904831 0.3383885243980388 0.05060772026382372 0.06331173525557093
81 0.5273487433431723 0.7149331905566189 0.05060772026382372 0.06331173525557093
81 0.5279735308934681 0.589418301837092 0.05060772026382372 0.06331173525557093
81 0.6304386891419616 0.5883075506094856 0.05060772026382372 0.06331173525557093
81 0.9375217701122939 0.33838852439803874 0.05123250781412009 0.0633117352555708
81 0.8328698554377663 0.3406100268532517 0.05060772026382372 0.06331173525557093
81 0.9347102261359632 0.46501416434517173 0.05185729536441583 0.06553323771078372
81 0.5257867744674328 0.3361670219428259 0.046234207411753624 0.06331173525557085
81 0.9353350136862598 0.7138224393290125 0.05060772026382372 0.06331173525557093
81 0.5264117041977977 0.4622351168401644 0.0499829335938999 0.06442244774324891
5 0.5773318177965833 0.4005894987410211 0.053106866943518724 0.06331171588560658
5 0.8831648918438865 0.40114484529987804 0.04998293359390004 0.059979520312679994
5 0.9809440065673255 0.5266575645834132 0.03686241352550141 0.059979520312679994
73 0.5788937844713925 0.5266575839533775 0.0512325069337475 0.059979520312679994
73 0.9803197855363739 0.7188175463292877 0.036862393276944926 0.062201022767892675
10 0.5798309653566502 0.6527256497957695 0.051857293603671195 0.06109025217032225
10 0.9803192287011206 0.6549471522509814 0.03936154259775551 0.0610902521703222
10 0.8809785645991741 0.6493933961129501 0.051857293603671195 0.06109025217032225
10 0.6304387569306013 0.46389794110267635 0.051857293603671195 0.06109025217032225
10 0.6797969734039612 0.4016958723567161 0.051857293603671195 0.06109025217032225
10 0.9818811975768598 0.3994743699015034 0.036237604846278006 0.06331175462553508
51 0.5257869166475018 0.4000341521821643 0.04748378691420499 0.062201022767892876
51 0.6794846540202423 0.3389428346638105 0.04998293711538792 0.05997952031267986
51 0.6301264375468828 0.6510639296212175 0.04748378691420498 0.059979520312679925
65 0.6301262914051402 0.4028109624563056 0.05123250693374743 0.06109025217032226
65 0.9809440065673255 0.5916353782554828 0.038111986865349015 0.06331171588560656
57 0.5760822444567357 0.33561168506895106 0.051857293603671056 0.06220098402796435
57 0.6313758647449876 0.5266575645834132 0.04998293359389997 0.05775805659739554
57 0.528286064207569 0.6532809963546264 0.04998293359389997 0.05997952031268014
57 0.8831648927242587 0.7154819803825907 0.052482080273595105 0.06220098402796438
57 0.9362717596677774 0.40114486466984217 0.05123250693374743 0.05775805659739547
3 0.5798309662370221 0.7149266338237339 0.050607720263823736 0.061090252170321976
3 0.8841025032310246 0.34060347012036674 0.050607720263823736 0.061090252170321976
3 0.5792061786867265 0.5883009938766007 0.050607720263823736 0.061090252170321976
39 0.5273488842026834 0.5272129305122344 0.0493581469239762 0.05886878845503773
39 0.8328699962972772 0.40391954424792054 0.0493581469239762 0.05886878845503773
39 0.9825059732421348 0.3345009532113089 0.03373848017588259 0.06220098402796435
11 0.7582075552180199 0.4666780442707331 0.16619326124269204 0.0644224477432486
