81 0.04845001015712211 0.03142365966586135 0.09690002031424422 0.0628473193317227
71 0.0486778811088175 0.13323842913281564 0.09426510087322303 0.1291209277210096
81 0.052313336837637114 0.2682389707270082 0.10462667367527421 0.13427715436368828
69 0.05022321228196167 0.40246924696371555 0.10044642456392334 0.12912112212153207
81 0.05154067150153411 0.5319799000758042 0.1030813430030682 0.12878255166892172
28 0.052712332001524184 0.6675907768048713 0.10508241758241761 0.1263736263736264
81 0.0515406715015341 0.7984681307719835 0.1030813430030682 0.12878255166892172
69 0.05331387362637365 0.9272038043139246 0.10353708590833532 0.1291211221215321
5 0.1606706094137085 0.9300180783083625 0.11246857758103765 0.1380302920476509
5 0.14830796403606064 0.13879529026197396 0.11246857758103765 0.1380302920476509
5 0.37083558083372287 0.4080308223055367 0.11246857758103769 0.13253568935288434
5 0.7973468463625751 0.1470371943041237 0.10628725489221375 0.1270410866581177
28 0.15238616035881034 0.03434014903928861 0.10971840959903557 0.06868029807857721
81 0.2602811037434445 0.038291913034319586 0.1108079963640981 0.07658382606863917
69 0.37242465743691006 0.03846119826062477 0.1019917552361292 0.07692239652124953
81 0.475082067180077 0.03966556370801123 0.1108079963640981 0.07383652472125588
28 0.5827607525681777 0.04395337094886378 0.10508241758241751 0.0769222021207271
81 0.6891103652806063 0.041039214381702875 0.10308134300306811 0.07658382606863916
69 0.7973905922935568 0.03846119826062475 0.10817307792495344 0.0769223965212495
81 0.9093199860699592 0.038291913034319586 0.1108079963640981 0.07658382606863917
8 0.26038801538675466 0.14560109079551847 0.10662775126025244 0.13186832626865405
8 0.6884446115878133 0.15384299483766836 0.10662775126025244 0.13186832626865405
8 0.15685086034895346 0.5357178821239461 0.10662775126025244 0.13186832626865405
73 0.1538497753400701 0.405209256463532 0.10796703697453902 0.12914890063535325
73 0.793616673633349 0.41345116050568187 0.10796703697453902 0.12914890063535325
28 0.684752576933773 0.41209175149822513 0.10508241758241761 0.1263736263736264
28 0.8995535403704054 0.6703380781522545 0.10508241758241761 0.1263736263736264
28 0.2628773034215385 0.40659714880345843 0.10508241758241761 0.1263736263736264
73 0.5803610408689228 0.1497102311568857 0.10796703697453902 0.12914890063535325
81 0.2632509735937545 0.5319799000758042 0.1030813430030682 0.12878255166892172
81 0.8968365491982095 0.5402218041179542 0.1030813430030682 0.12878255166892172
81 0.9045632025592394 0.27922817611654127 0.1030813430030682 0.12878255166892172
81 0.8999272105426214 0.8039627334667503 0.1030813430030682 0.12878255166892172
10 0.2659525800160429 0.2764979234583459 0.10629073531153481 0.13003682443715223
10 0.7929103392382848 0.2792452248057292 0.10629073531153481 0.13003682443715223
10 0.15468877161721173 0.669362016134157 0.10629073531153481 0.13003682443715223
10 0.372580396398256 0.1446274587839478 0.10629073531153481 0.13003682443715223
71 0.15453300209863807 0.8008326565469559 0.1081730769230769 0.13461553041577629
71 0.788118577703093 0.5425863298929265 0.1081730769230769 0.13461553041577629
71 0.37396995755188833 0.5425863298929265 0.1081730769230769 0.13461553041577629
69 0.9032457433396672 0.4134584523532487 0.10353708590833532 0.1291211221215321
69 0.2588428530297703 0.668957477659895 0.10353708590833532 0.1291211221215321
69 0.898609751323049 0.935439438939234 0.10353708590833532 0.1291211221215321
73 0.9769230949568498 0.8090625545288732 0.04615381008629927 0.12914890063535298
10 0.9774210164835165 0.6744505494505495 0.04172390109890103 0.12912087912087913
10 0.9775927187783437 0.9354395604395604 0.04172390109890103 0.12912087912087913
71 0.9071090394629538 0.144227634522349 0.1081730769230769 0.13461553041577629
11 0.5433842268599137 0.2808302537409713 0.3205817048634133 0.1242162279010555
8 0.9789663461538461 0.5439560439560439 0.041723901098901166 0.12637362637362629
