81 0.9170470117357185 0.4600349414190679 0.0493581513258362 0.06220092591807162
81 0.5256540890860163 0.5832532956673205 0.0493581513258362 0.06220092591807162
81 0.5268771919692963 0.7021227668244587 0.04854274940364958 0.059301670523995036
81 0.6259485255150017 0.579629226424725 0.04935815132583618 0.05785204282695678
81 0.6226869178262545 0.33754140101933394 0.04935815132583619 0.05785204282695684
81 0.5240232852416424 0.4585853137220295 0.04772734748146235 0.0622009259180716
81 0.9178624136579052 0.697773883733344 0.0493581513258362 0.06220092591807162
81 0.9170470117357185 0.5803540402732442 0.0493581513258362 0.06220092591807162
81 0.9203086194244661 0.3368165871708149 0.0493581513258362 0.06220092591807162
81 0.5236155842805487 0.33536695947377626 0.04365033787052761 0.062200925918071484
10 0.6230735256737254 0.4575304187731202 0.04816151449726319 0.0614291480097183
10 0.9716578474086162 0.3966460554975128 0.05060772026382379 0.06142914800971825
10 0.5749648122646994 0.6430827639940186 0.04816151449726319 0.0614291480097183
10 0.9671731368365885 0.6401835085999423 0.04816151449726319 0.0614291480097183
10 0.8685095042519759 0.4589800464701584 0.04816151449726319 0.0614291480097183
10 0.6728130429271246 0.3995453108915893 0.04816151449726319 0.0614291480097183
10 0.9681994174613385 0.7409233877117046 0.05055477224094886 0.023193587264664615
51 0.6723364362816969 0.3396507100058319 0.04998293359389966 0.05930172863388755
51 0.8664020937621746 0.5788392800171467 0.049982933593899714 0.062200984027964215
51 0.5247486883658725 0.3976358178873628 0.049982933593899714 0.062200984027964215
3 0.918349383962872 0.5208498332636327 0.051857293603671126 0.05350321784573486
3 0.5762882776054775 0.7020532953934157 0.047780283992737614 0.0593017286338879
3 0.5758805766443847 0.5788349411451634 0.051857293603671195 0.059301728633888
3 0.8702406705538482 0.33964637113384905 0.051857293603671195 0.059301728633888
81 0.8200141829954797 0.3397158425648915 0.0493581513258362 0.06220092591807162
39 0.9184294135174227 0.6404353736863166 0.049982933593899916 0.056402511979739375
39 0.5266287899066273 0.52011627483214 0.045905923982965995 0.05930176737381588
39 0.8197657809328106 0.4026964313720406 0.049982933593899936 0.059301767373815956
39 0.9722459403817573 0.33456392961124193 0.049982933593899936 0.059301767373815956
5 0.572942414850688 0.39873596855029475 0.04883924208032084 0.057513205097453585
5 0.9675969451891377 0.5205046951015094 0.05047004592469469 0.05751320509745359
5 0.868117910682338 0.40018559624733313 0.05047004592469469 0.05751320509745359
57 0.5720053043951847 0.3350799138653493 0.0493581469239762 0.06109025217032225
57 0.9193665232467951 0.39741390483799494 0.0493581469239762 0.06109025217032225
57 0.624191027415145 0.5191826313892096 0.0493581469239762 0.06109025217032225
57 0.5263427967527196 0.6424009856374624 0.0493581469239762 0.06109025217032225
73 0.8670907225934329 0.5212169038168303 0.053816382299608986 0.05798393966866509
73 0.5747691334894385 0.5190424622712732 0.04973937268867545 0.059433567365703155
73 0.9669774580613273 0.7002459244010569 0.04973937268867545 0.059433567365703155
65 0.6235703047405071 0.3992912957391844 0.04998293359389648 0.05930172863388755
65 0.9693007197477435 0.5790451301719297 0.04998293359389648 0.05930172863388755
11 0.7464107262084569 0.45970109938815 0.16144913741917463 0.06088325204873477
51 0.6266739286392323 0.6382740155957156 0.049982933593899714 0.062200984027964215
81 0.6255408245539084 0.7006731391274201 0.04854274940364958 0.059301670523995036
