62 0.976761125794732 0.32709821799706496 0.04484694456615646 0.07827858496221762
81 0.9209062647587047 0.32710243496058033 0.06360118403663167 0.07248007417406398
17 0.8564896859096263 0.33145127531220014 0.060339571608056294 0.07248004568106736
17 0.5482677593229855 0.5590428237472085 0.060339571608056294 0.07248004568106736
17 0.6118691092535625 0.33290090300923836 0.060339571608056294 0.07248004568106736
17 0.9209064377623897 0.7127033596332649 0.060339571608056294 0.07248004568106736
81 0.7920727610531779 0.33290094574873336 0.06360118403663167 0.07248007417406398
81 0.6722086784917066 0.33290094574873336 0.0603395763478842 0.07248007417406398
81 0.5466367824749273 0.3285520626576186 0.0603395763478842 0.07248007417406398
81 0.5466367824749273 0.6329738790356554 0.0603395763478842 0.07248007417406398
81 0.5474521843971142 0.4807629708466369 0.0603395763478842 0.07248007417406398
81 0.9209062647587039 0.6344235067326938 0.06523198788100734 0.07537932956814035
5 0.9763534331283388 0.4052110784566795 0.04729313374332276 0.07682881480019506
10 0.9759457250575041 0.48293044585449296 0.04810854988499165 0.07972812718026553
73 0.9763534283885116 0.5583138641676628 0.047293143222977306 0.07392964488510938
82 0.9759469029045185 0.6365964666424201 0.0448469469360764 0.07682907123716563
10 0.9763534260185984 0.7134212496835768 0.04729314796280356 0.0739296163921117
62 0.9184598883583681 0.5575890218261488 0.06360118877645837 0.07248007417406656
10 0.8524123338461916 0.5583110861004849 0.0636011864065432 0.07103036099803563
87 0.8528208761265788 0.6344219966038664 0.06441658832873419 0.07537927258214754
62 0.5466366118411512 0.7112495577122055 0.06360118877645837 0.07248007417406656
87 0.9213146375902767 0.4053808204718198 0.06441658832873419 0.07537927258214754
87 0.6102388042759819 0.6315227412097897 0.061970382562174 0.07537927258214776
87 0.6734324532454653 0.4097297035629346 0.06441658832873419 0.07537927258214754
73 0.8568980516314575 0.40755258367568503 0.06278577974453095 0.07392964488510963
5 0.6114621180815668 0.40521107845668086 0.061154966420502596 0.07392955940611863
82 0.5466377908731253 0.4046560351162978 0.0619703873019993 0.07682907123716574
73 0.6130928768975805 0.5597634918647034 0.06278577974453095 0.07392964488510963
10 0.6118687668010623 0.7061731111983884 0.0636011864065432 0.07103036099803563
10 0.6738393128872648 0.48293044585449485 0.0636011864065432 0.07103036099803563
11 0.8271352463348195 0.48220974924400273 0.20221918613025008 0.07827835701824319
