62 0.9491026721799335 0.11982274283590048 0.09861668030185519 0.1601611428764542
81 0.8346127885586498 0.12698171426640312 0.1270913720303171 0.15168640003089767
17 0.7046808663088224 0.1315377938867419 0.11937798045147277 0.14644830479280216
17 0.0889481445176763 0.5863489932649295 0.12732291879716498 0.14644830479280216
17 0.21050570120676707 0.12588796532303767 0.11937798045147277 0.14644830479280216
17 0.8325943736744668 0.8942646499868083 0.12414494345888824 0.15209813335650618
81 0.5803747614964991 0.1354564571119594 0.1270913720303171 0.15168640003089767
81 0.3356706604491789 0.12839417140732912 0.12073542135376343 0.1488614857490456
81 0.08302162105616664 0.12415679998455087 0.1270913720303171 0.15168640003089748
81 0.08461060872530514 0.43348491384735555 0.12391339669204025 0.15451131431274964
81 0.8298458255512344 0.7385756562873823 0.12391339669204025 0.15451131431274964
81 0.08619959639444356 0.7357507420055301 0.12391339669204025 0.14886148574904542
87 0.8333759197014209 0.2813256768914633 0.12489404932344654 0.1501611428764535
73 0.7049192553310687 0.28430182857335956 0.12199761563882214 0.15152525715444362
11 0.6490995370157131 0.4378531073446327 0.3893009259685739 0.14689276641681162
10 0.9489255909770986 0.43164133313056874 0.1021488180458027 0.15343001905920536
10 0.326988249012882 0.43164133313056857 0.1021488180458027 0.15343001905920536
5 0.9495854111273718 0.27823371475883213 0.10000596090294649 0.15431794286100536
73 0.9480343687092504 0.589392571013385 0.09975178827088421 0.15152525715444345
82 0.9474218354734767 0.7423819041343003 0.1038285816549627 0.153430019059206
10 0.949076921480582 0.9005771039180175 0.10055983037666506 0.15343001905920559
62 0.8321570950216765 0.5901709707642747 0.1288074460154864 0.15168640003089834
62 0.08533289052660883 0.8867869703587451 0.1288074460154864 0.15168640003089834
10 0.7027838327641236 0.5898365329142863 0.11962768240632576 0.1534300190592054
87 0.33761176693022693 0.28415059117331537 0.12489404932344654 0.1501611428764535
87 0.21525971640656702 0.7361368762696512 0.12489404932344654 0.1501611428764535
87 0.704667918501207 0.738961790551503 0.12489404932344654 0.1501611428764535
5 0.21308962648170346 0.2838835433225363 0.12066280060174522 0.14866811429730095
82 0.08619051880044147 0.2776835047696289 0.12607440902290126 0.15060510477735384
82 0.5803656839024969 0.2889831618970373 0.12607440902290126 0.15060510477735384
73 0.21551105323642858 0.5837427424496819 0.12199761563882214 0.15152525715444362
