81 0.9185929813393459 0.615180190012728 0.12321428571428573 0.14761904761904762
81 0.20752099939989307 0.32986384754566594 0.11844732270687039 0.1476190476190476
81 0.20990448090360075 0.9146211038890503 0.12321428571428573 0.14761904761904762
81 0.9217709566776229 0.9033214467616419 0.12321428571428573 0.14761904761904762
81 0.6770668556303027 0.33268876182751783 0.11368035969945524 0.14196921905534343
81 0.9201819690084844 0.3270389332638139 0.12321428571428573 0.14761904761904762
33 0.08443156466303373 0.3321642284883916 0.12187499999999997 0.13914430477349135
33 0.9218280662989925 0.7643761136117625 0.12187499999999997 0.13914430477349135
42 0.9208156779661019 0.4774011299435028 0.11917372881355945 0.1355932203389831
52 0.6755672815053458 0.4742140189819618 0.1151785714285714 0.14285714285714285
52 0.20840490677864387 0.7680051042945799 0.1151785714285714 0.14285714285714285
5 0.0858030111331109 0.7711866627771259 0.117584745762712 0.14689265536723184
45 0.08627025428702492 0.9187055999304806 0.11919642857142858 0.14047619047619037
5 0.7944915115688559 0.7542371770860133 0.117584745762712 0.14689265536723184
40 0.7982821633099263 0.33061036183524267 0.11785714285714277 0.13958826667439098
10 0.7988063729181897 0.4755459046846609 0.12053571428571429 0.14285714285714285
10 0.08535090947502938 0.478370818966513 0.12053571428571429 0.14285714285714285
2 0.3333921843546249 0.33474415249295547 0.12702796511188535 0.14285714285714277
73 0.33368642913223856 0.47457610461207095 0.1271186209763416 0.14124304890268727
70 0.20654386376860734 0.47706194259065193 0.11785714285714284 0.14523809523809522
70 0.7976472766881076 0.9064489134321708 0.11785714285714284 0.14523809523809522
11 0.29078389830508483 0.6257061591644756 0.4067796610169492 0.14971762517387358
