81 0.028124999999999997 0.14523809523809522 0.056249999999999994 0.13333333333333333
81 0.21830357142857143 0.15 0.10446428571428569 0.12857142857142856
81 0.6381696428571427 0.14761904761904762 0.103125 0.12380952380952381
81 0.8491071409699873 0.1380952796164766 0.10446428571428569 0.12380952380952381
81 0.8464285714285704 0.40119045542985726 0.10982142857142853 0.13095258855857383
81 0.8491071428571427 0.6535714285714286 0.1151785714285714 0.12619047619047621
81 0.857142857142857 0.9166666666666667 0.11249999999999986 0.13809523809523824
81 0.6395089285714285 0.6559523809523811 0.10044642857142862 0.12142857142857146
81 0.028125 0.9380952380952381 0.05357142857142857 0.1238095238095238
81 0.22232142857142853 0.6642857142857143 0.10178571428571431 0.12380952380952387
81 0.028794642857142855 0.6714285714285714 0.05491071428571428 0.13809523809523816
81 0.030803571428571427 0.4107142857142857 0.06160714285714285 0.12619047619047621
56 0.11517857142857142 0.6690476190476191 0.10982142857142856 0.1333333333333335
56 0.10982142857142857 0.14642857142857144 0.10446428571428572 0.1357142857142857
56 0.6381696428571427 0.5321428571428571 0.103125 0.12619047619047621
5 0.1138392857142857 0.2833333333333333 0.10714285714285714 0.12857142857142853
5 0.7426339285714285 0.2726190476190476 0.103125 0.11666666666666668
5 0.9515625 0.5261904761904762 0.0950892857142857 0.1238095238095238
73 0.95625 0.9202380952380952 0.08303571428571431 0.13095238095238115
73 0.7399553571428572 0.5297619670437625 0.10044642857142862 0.12142869599228706
73 0.11718749999999996 0.5404761904761906 0.1084821428571428 0.12380952380952373
85 0.5296875 0.1523809523809524 0.10312499999999993 0.1285714285714286
85 0.22232142857142853 0.28095238095238095 0.10446428571428569 0.1238095238095238
85 0.03013392857142857 0.5380952380952381 0.05758928571428571 0.12380952380952387
10 0.9549107142857142 0.7904761904761903 0.08839285714285722 0.12857142857142848
10 0.7446428571428569 0.7845238095238095 0.10982142857142847 0.13095238095238101
10 0.11249999245137822 0.8023809523809524 0.11517857142857142 0.12380952380952377
10 0.22499999999999998 0.40833333333333327 0.10446428571428569 0.12619047619047613
10 0.7412946428571427 0.3988095238095238 0.10044642857142862 0.13095238095238101
10 0.3294642857142857 0.28452380952380957 0.10446428571428573 0.13571428571428573
10 0.9515625 0.26666666666666666 0.0950892857142857 0.1285714285714286
51 0.11651785714285712 0.9345238095238095 0.11785714285714283 0.12619047619047621
51 0.7453125 0.14523809523809525 0.10580357142857152 0.12380952380952383
51 0.7439732142857142 0.6559523809523811 0.10044642857142846 0.12142857142857146
13 0.22433035714285712 0.5380952380952381 0.10044642857142855 0.12380952380952387
13 0.6375 0.2761904761904762 0.10178571428571431 0.11904761904761901
13 0.9520089247971177 0.1321428156216186 0.09062499999999997 0.130952463994858
13 0.9535714285714286 0.6583333333333333 0.08839285714285708 0.13095238095238096
13 0.6401785714285714 0.7857142857142857 0.09910714285714285 0.1238095238095238
71 0.8558035714285714 0.7845238095238095 0.11250000000000014 0.13095238095238101
71 0.7486607142857141 0.9214285714285714 0.10982142857142847 0.12857142857142875
71 0.8511160714285714 0.26904761904761904 0.10312500000000015 0.11904761904761901
61 0.026785714285714288 0.8071428571428573 0.05089285714285714 0.13333333333333328
61 0.328125 0.15357142857142858 0.10446428571428573 0.1214285714285714
61 0.8470982142857142 0.5261904761904762 0.11116071428571431 0.11428571428571431
73 0.5310267866578633 0.2797618217194277 0.10312500188715559 0.12619055923295322
11 0.4921875 0.40714277410038 0.3174107142857144 0.12380968989447788
