81 0.6323820307022953 0.5886464948737918 0.04998293887613252 0.06331167714567822
81 0.5239335750514403 0.3349616478920946 0.04998293887613252 0.06331167714567822
81 0.5263797808180011 0.4639785129285006 0.04998293887613252 0.06331167714567822
81 0.527195182740188 0.7147641045161212 0.04998293887613252 0.06331167714567822
81 0.5255643788958142 0.5915457502678685 0.04998293887613252 0.06331167714567822
81 0.6291204230135478 0.33931053098320946 0.04998293887613252 0.06331167714567822
81 0.9348961438336272 0.7176633599101971 0.05161374272050619 0.06331167714567813
81 0.9389731534445608 0.33713608943765183 0.05161374272050634 0.06476130484271647
81 0.8329709035602675 0.3436594140743243 0.04998293887613252 0.06331167714567822
81 0.9365269476780013 0.4625288852314622 0.04998293887613252 0.06331167714567822
81 0.9357115457558141 0.5915457502678682 0.05161374272050624 0.06331167714567816
10 0.681427635508452 0.40296242589143866 0.050607720263823805 0.05997952031268
10 0.9820347571677693 0.39861354280032324 0.0359304856644595 0.05997952031267999
10 0.9795885514012085 0.6537480174790588 0.0375612895088328 0.05997952031267994
10 0.883647312210798 0.4652964168640843 0.050607720263823805 0.05997952031268
10 0.5795023952350921 0.6522983897820211 0.050607720263823805 0.05997952031268
10 0.6300573144106786 0.4652964168640843 0.050607720263823805 0.05997952031268
51 0.8834772860592206 0.590676109832974 0.049358146923976276 0.06220098402796438
51 0.5255158422191806 0.40077488152096064 0.049358146923976276 0.06220098402796438
51 0.6796268055125008 0.3398905182453532 0.049358146923976276 0.06220098402796438
51 0.6323334940256617 0.6515604731085815 0.049358146923976276 0.06220098402796438
65 0.6288767171849207 0.40074092343622575 0.04998293359389991 0.062200984027964444
65 0.9819394495416399 0.5920917794452748 0.036121100916720265 0.062200984027964173
3 0.5815883900996925 0.5904319627214697 0.051857293603671195 0.06220098402796452
3 0.5799575862553188 0.716549572363799 0.051857293603671195 0.06220098402796452
3 0.9362882262509845 0.5280979717488241 0.051857293603671195 0.06220098402796452
3 0.8841025032310248 0.3396463711338491 0.051857293603671195 0.06220098402796452
39 0.9354039899545903 0.6539900532644647 0.04998293359389994 0.06220102276789251
39 0.8326633477590433 0.4061037170709206 0.04998293359389994 0.06220102276789251
39 0.5277030288611506 0.5293220713191735 0.04998293359389994 0.06220102276789251
39 0.9822896004803334 0.335796773764563 0.03449029707234577 0.06365065046493053
73 0.9803192198974017 0.7195210053194717 0.035612840185653735 0.05997952031268014
73 0.882852499389297 0.5268090280185462 0.050607720263823666 0.061090252170322046
73 0.5795229843357778 0.5268090280185465 0.050607720263823666 0.061090252170322046
5 0.5786502283059949 0.4016352239443713 0.05373165361344241 0.06331171588560665
5 0.9810510769052186 0.526303205889661 0.03660821324751567 0.06331171588560643
5 0.882795145281701 0.40308485164140945 0.05373165361344241 0.06331171588560665
57 0.9366806500208676 0.4036635557203266 0.05425055845709823 0.06109025217032211
57 0.5770884023364549 0.3355310539595284 0.0493581469239762 0.06109025217032225
57 0.6300895272786019 0.5268819099685799 0.0493581469239762 0.06109025217032225
57 0.5273488850830552 0.650100264216833 0.0493581469239762 0.06109025217032225
81 0.6326625017008469 0.7139608282700332 0.05137017179322209 0.05943359585869995
10 0.8846209633533181 0.6530776759467871 0.04973937268867545 0.05943356736570337
65 0.8331285987425328 0.5297577884726283 0.046721325905147305 0.062200984027964076
11 0.7598648211908803 0.46607937862542664 0.17368012596344795 0.06523207815385572
