81 0.608258757957809 0.3144200319569952 0.05360669627945768 0.06597747234394799
81 0.8223419104071817 0.31625273952210486 0.05017036959487697 0.06475566730054151
81 0.9316170989768454 0.3125873243918856 0.05291943094254165 0.06719927738735436
81 0.928868037629181 0.44454226907978156 0.05291943094254165 0.06719927738735443
81 0.9302425683030134 0.575275408724271 0.057043022964038244 0.06719927738735429
81 0.9333352623191358 0.7084521584555733 0.05910481897478661 0.0696428874741673
81 0.8264655024286784 0.7072303107982458 0.04742130824721258 0.06475566730054155
81 0.5127288761264677 0.7151720861943087 0.02061796010748374 0.06353386225713492
81 0.5130725087949258 0.5826062389847095 0.022679756118232034 0.06719927738735429
81 0.5141034068003 0.44759678168829764 0.024741552128980403 0.06597747234394795
81 0.5130725087949257 0.3101437143050727 0.024054286792064374 0.0696428874741673
81 0.6099769213000994 0.5777190188110839 0.05154490026870924 0.06475566730054155
56 0.5549956943468094 0.5795517263761935 0.05704302296403831 0.06842108243076084
56 0.5536211646413863 0.31197640056322173 0.05291943094254165 0.06842108243076084
56 0.8213110124018076 0.5099088389020262 0.05085763493179329 0.06353386225713507
5 0.5536211636729771 0.3816193093443496 0.05704302296403838 0.06353386225713507
5 0.8752613413497233 0.37795389421413034 0.05154490026870917 0.06597747234394795
5 0.978007509218684 0.5123524489888391 0.042610450888799674 0.06109025217032226
73 0.5560265923521834 0.513574243378765 0.056355757627122346 0.06353388356409556
73 0.9814438344506504 0.7121175735857923 0.03573780042486568 0.06964288747416723
73 0.8752613413497233 0.5111306439454327 0.05291943094254179 0.06353386225713514
73 0.7687352141277242 0.3816193093443496 0.05291943094254165 0.06842108243076084
85 0.768735214127724 0.31564183700040166 0.0556684922902059 0.0635338622571351
85 0.6099769213000994 0.3828411143877561 0.05429396161637392 0.06353386225713507
10 0.8756049740181814 0.6406419785465157 0.05360669627945768 0.06597747234394802
10 0.9797256725609742 0.6436964911550318 0.03917412420421926 0.06475566730054162
10 0.553277531004519 0.6491946138503607 0.056355757627122284 0.06597747234394788
10 0.6099769213000993 0.4475967816882976 0.05291943094254158 0.06353386225713507
10 0.8752613413497233 0.4457640741231879 0.05291943094254179 0.062312057213728594
10 0.9780075077660692 0.3767320891707219 0.04123592312019295 0.06597747234394738
51 0.5525902656676029 0.7157829887160119 0.056355757627122284 0.06475566730054126
51 0.8749177086812652 0.5764972137676774 0.052232165605625484 0.0647556673005414
51 0.8766358729919645 0.31686372727165063 0.05291943094254137 0.06353386225713507
13 0.6099769213000994 0.5117415464671359 0.05154490026870924 0.06475566730054155
13 0.8213110124018076 0.6406419785465157 0.05223216560562534 0.06353386225713514
13 0.979382039892516 0.5777190188110839 0.038486858867302944 0.06475566730054155
13 0.9790384052872401 0.3103991550064007 0.03917412420421911 0.06526654870319754
13 0.821998274833495 0.382230211866052 0.05085763105815932 0.06475566730054126
71 0.8783540353658458 0.7084521584555733 0.05360669627945768 0.0671992773873545
71 0.9319607316453036 0.6430855886333284 0.05773028830095456 0.063533862257135
71 0.9305862009714708 0.3797866337396808 0.05498122695328999 0.06231199329284667
81 0.8216546450702658 0.575275408724271 0.05154490026870931 0.0647556673005414
11 0.740213702645705 0.44576407412318786 0.1745653955766956 0.06719927738735443
61 0.5127288761264676 0.6496155812244072 0.023367021455148133 0.06353386225713521
61 0.5130725087949257 0.37959666663158315 0.024054286792064374 0.06597747234394795
85 0.5134161414633838 0.5139952214062921 0.024741552128980472 0.061090252170322185
