81 0.9347102226144756 0.5899693192089479 0.05185729712515817 0.0622009840279643
81 0.8325574581411306 0.34005029299750134 0.04998293447427189 0.06220098402796436
81 0.627939535419291 0.3378287905422886 0.0493581469239762 0.06220098402796438
81 0.5273487398216845 0.7132627054732619 0.05060772202456758 0.062200984027964354
81 0.5279735273719802 0.5888585679813417 0.0493581469239762 0.06220098402796438
81 0.9353350101647686 0.4650098061032248 0.05060772202456948 0.06553323771078313
81 0.5273487398216845 0.4633436792618153 0.0493581469239762 0.06220098402796438
81 0.9384589479162503 0.336718039314682 0.05310687222575075 0.06220098402796432
81 0.6298138980701782 0.5877478167537354 0.04935814692397621 0.06220098402796438
81 0.9343978288393275 0.7177057103836862 0.05373165977604478 0.06664398893839008
81 0.6316882580799495 0.7099283210943799 0.05435644028336625 0.059979520312679994
81 0.525786917527874 0.33505631914013007 0.04873336025405251 0.06775464331617556
5 0.5773318186769552 0.3994787668833789 0.053106866943518585 0.061090252170322115
5 0.9800073948425282 0.5283259092857244 0.03748717818612434 0.061090252170322004
5 0.8822281432212534 0.4028110205661982 0.053106866943518585 0.061090252170322115
10 0.579830966237022 0.6505041763955028 0.05185729360367119 0.061090271540286276
10 0.8825405343552846 0.46500872138522914 0.052482081153966555 0.06331177399549916
10 0.6804217618346289 0.40336202825307227 0.051857293603671195 0.059979520312679925
10 0.6291891827103819 0.4644533457714259 0.051857293603671195 0.059979520312679925
10 0.9812564100265649 0.39891902334264634 0.03748717994687012 0.06442252522310543
10 0.9806316224762681 0.6538364300783206 0.03873675504745973 0.06109027154028624
51 0.680421618334002 0.3394992465706989 0.05310686694351887 0.06331171588560665
51 0.5260993108628358 0.4005894987410211 0.048108573584128816 0.05886878845503773
51 0.6332502247547589 0.6499488007816998 0.052482080273595105 0.05775805659739547
51 0.882540106054335 0.5916353782554833 0.04873336025405251 0.061090252170322115
73 0.5785813911364308 0.5266575645834134 0.053106866943518655 0.06220098402796445
73 0.8828524993892968 0.5283236623698766 0.051857293603671334 0.06109025217032226
73 0.9806316132323637 0.7182588100266966 0.037487200195425036 0.06331171588560651
3 0.8834772860592206 0.3372777828554145 0.050607720263823805 0.061090252170322115
3 0.9353345796628918 0.5283236623698767 0.050607720263823805 0.058868788455037804
3 0.5788937844713926 0.7138158825961276 0.0512325069337475 0.061090252170321976
3 0.5788937835910207 0.5894138758002704 0.05248208027359504 0.061090252170322115
57 0.5276612775376452 0.6516148985681631 0.04998293359389997 0.058868788455037804
57 0.6307510780750639 0.5266575645834132 0.0499829335938999 0.059979520312679925
57 0.9362717596677774 0.40003413281219996 0.05123250693374743 0.059979520312679994
57 0.5770194244616214 0.3361670509977722 0.0512325069337475 0.0633117158856066
39 0.5270364908677214 0.5261021986545922 0.04998293359390004 0.05886878845503773
39 0.8313075991205875 0.4028109624563056 0.0499829335938999 0.06109025217032226
39 0.9334602170120047 0.6527255723159128 0.053106866943518724 0.06331171588560665
39 0.9825059723617625 0.3352885670144655 0.03373848017588258 0.06155470917906464
65 0.6295015047352163 0.4028109624563056 0.04873336025405244 0.06109025217032226
65 0.9806316132323637 0.5916353782554833 0.037487200195425036 0.061090252170322115
11 0.7810122787945148 0.33838851471305664 0.0493581337183964 0.0633117158856065
11 0.7560208053947758 0.4661226783419121 0.15932060083055619 0.06331171588560665
