62 0.9411577338342415 0.13818468566793915 0.1176845323315169 0.1460365714671937
81 0.823489874874681 0.14816857138029385 0.12073542135376289 0.13756182862163713
17 0.7015028909705455 0.15413710814155868 0.11620000511319581 0.140798476229098
81 0.5819637491656375 0.15381839994399804 0.12073542135376289 0.13756182862163713
81 0.357121993982548 0.153818399943998 0.11279048300807078 0.1375618286216371
81 0.12433530045376628 0.14534365709844171 0.12073542135376289 0.13756182862163713
81 0.12592428812290468 0.43348491384735577 0.12073542135376289 0.13756182862163713
81 0.12592428812290477 0.7131514277507135 0.12073542135376289 0.13756182862163713
81 0.8187229118672654 0.7159763420325654 0.12073542135376289 0.13756182862163713
17 0.24307994842410496 0.15131219385970684 0.11143304210578049 0.1407984762290981
62 0.03130730977590201 0.1438345142316434 0.05889198857339454 0.14603657146719365
73 0.03436645895464603 0.28853919999613764 0.064794059549838 0.13740068574518308
10 0.035409011725977935 0.5771244186459508 0.06560210165561836 0.1393054476499451
82 0.03295943188430369 0.7183701327385554 0.06410388992650205 0.13930544764994504
10 0.032006556993239954 0.8624407611130124 0.06401311398647991 0.139305447649945
5 0.030190677966101694 0.9646892655367231 0.06038135593220339 0.06497175141242949
82 0.1251207166943333 0.28898316189703743 0.11495149533893216 0.13930544764994512
82 0.942524252330534 0.7211950470204084 0.11495149533893216 0.13930544764994512
5 0.24328039219533387 0.29377074330901864 0.11430684992519147 0.14019337145174463
87 0.35826860662902665 0.2940377911597978 0.11536012330861593 0.1416864000308972
87 0.8206640183483132 0.2912128768779457 0.11536012330861593 0.1416864000308972
5 0.9428465750374044 0.28247108618161026 0.11430684992519147 0.14019337145174463
87 0.24227250678192047 0.7149500191557604 0.11536012330861593 0.1416864000308972
73 0.7025357738273609 0.2941890285598419 0.1172306526314066 0.13740068574518313
73 0.9413846736842969 0.5795053710269039 0.1172306526314066 0.13740068574518313
73 0.2433183374463512 0.5738555424631996 0.1172306526314066 0.13740068574518313
17 0.1254948609078603 0.5693995075738174 0.11143304210578049 0.1407984762290981
17 0.8230604476596362 0.8660155071682877 0.1177889927823338 0.14644830479280235
62 0.8202396875031382 0.5760463993550142 0.1176845323315169 0.1460365714671937
62 0.12426308842050084 0.8613627418220764 0.1176845323315169 0.1460365714671937
10 0.35717901472651237 0.4387036188351988 0.11168274406063317 0.13930544764994518
10 0.2427719025485446 0.8567909325493095 0.11168274406063317 0.13930544764994518
10 0.7035783265986928 0.5799493329278037 0.11168274406063317 0.13930544764994518
10 0.9403374893003208 0.43022887598964266 0.11168274406063317 0.13930544764994518
10 0.9419264769694591 0.8652656753948658 0.11168274406063317 0.13930544764994518
62 0.35943326345299026 0.5774588564959403 0.11132858165496319 0.13756182862163754
82 0.2411168165414397 0.9642462475572522 0.11495149533893208 0.0715075048854943
11 0.6403601048354518 0.4378531073446324 0.40677979032909695 0.14124293785310724
81 0.8234898748746815 0.967393713117402 0.12073542135376286 0.05846422872977798
