81 0.5969188798986929 0.3065105103987249 0.05566849229020598 0.06597747234394795
81 0.7068813338052728 0.3101759255289443 0.05566849229020605 0.0635338622571351
81 0.8106583996796077 0.3120086330940539 0.0501703695948774 0.06475566730054155
81 0.9151227308908585 0.3077323154421313 0.05017036959487711 0.0635338622571351
81 0.9137482002170263 0.4396872601300273 0.05291943094254151 0.06353386225713507
81 0.9144354655539425 0.565533179600891 0.05429396161637385 0.061090252170322185
81 0.9182154249069812 0.6980990268104903 0.052232165605625484 0.0696428874741673
81 0.5972625125671509 0.7042080520275225 0.05498122695328988 0.06719927738735436
81 0.5982934105725252 0.5716422048179233 0.05429396161637378 0.06597747234394788
10 0.5989806759094413 0.44151996769513696 0.05704302296403831 0.06719927738735436
10 0.6515564741835249 0.3773752029162986 0.053606696279457966 0.06353386225713514
10 0.862203299948317 0.44029816265173055 0.05017036959487711 0.062312057213728594
10 0.9707912231810647 0.6321215544665422 0.05429396161637399 0.06719927738735457
10 0.9711348558495227 0.7420840083731222 0.04948310425796109 0.0232142958247222
10 0.967354896496484 0.3730988852643761 0.05154490026870931 0.062312057213728594
10 0.5402194896031126 0.6412850922920906 0.05910481897478668 0.06597747234394802
56 0.5405631222715707 0.5734749123830329 0.05704302296403838 0.06719927738735443
56 0.5395322262030146 0.30528870535531843 0.05773028830095448 0.07086469251757378
5 0.6536182701942732 0.5068865375173818 0.053606696279457605 0.061090252170322185
5 0.9690730598387743 0.5026102198654592 0.05773028830095456 0.0574248370401029
5 0.8628905652852332 0.37615339787289215 0.05017036959487711 0.061090252170322185
5 0.5402194886347035 0.3755424953511891 0.056355757627122124 0.06475575252838395
73 0.542281285613861 0.5068865375173818 0.05773028830095448 0.06597747234394802
73 0.861516034611401 0.5044429274305688 0.05154490026870917 0.06109025217032226
73 0.9704475905126067 0.6993208318538967 0.05085763493179314 0.05986844712691564
85 0.5976061452356091 0.3761533978728922 0.055668492290206116 0.06597747234394802
85 0.5972625125671509 0.6388414822052778 0.05498122695328988 0.06353386225713514
51 0.5391885915977385 0.7103170772445546 0.05704302296403838 0.06475566730054155
51 0.8628905652852332 0.3101759255289443 0.05017036959487711 0.0635338622571351
51 0.707224966473731 0.3773752029162986 0.05773028830095441 0.06353386225713514
13 0.5996679412463574 0.5062756349956785 0.05291943094254158 0.05986844712691578
13 0.9704475905126069 0.3071214129204281 0.05223216560562562 0.06719927738735443
13 0.9701039578441487 0.565533179600891 0.05566849229020605 0.06597747234394795
71 0.9154663635593167 0.6308997494231358 0.056355757627122076 0.06475566730054162
71 0.9151227308908585 0.37370978778607933 0.05017036959487711 0.063533862257135
61 0.6522437395204409 0.3089541204855378 0.05223216560562562 0.06597747234394806
61 0.9137482002170265 0.5044429274305688 0.05154490026870931 0.06109025217032226
61 0.6543055355311893 0.5722530860326659 0.0549812269532898 0.0647556246866203
11 0.7415882333195372 0.44274177273854337 0.17868898759819246 0.06475566730054147
