81 0.9046839940533412 0.2023037383898092 0.11080799636409813 0.12878255166892175
81 0.6898830306167091 0.20917199175826742 0.101536012330862 0.12054064762677194
81 0.06866010038990193 0.18994088232658435 0.10462667367527397 0.12603525032153856
81 0.2834610638265343 0.2036773890635008 0.101536012330862 0.12054064762677194
81 0.06711476971769594 0.44269260628584733 0.10462667367527397 0.12603525032153856
81 0.06556943904548995 0.7009389329398771 0.10462667367527397 0.12603525032153856
81 0.9015933327089293 0.4591764143701471 0.10462667367527397 0.12603525032153856
81 0.9000480020367234 0.7064335356346436 0.10462667367527397 0.12603525032153856
81 0.6883376999445031 0.7064335356346436 0.10462667367527397 0.12603525032153856
81 0.0640241083732839 0.9493452309024552 0.1015360123308619 0.10130953819508944
71 0.1707589741568011 0.949186929305654 0.10353708490645888 0.09615331155241012
8 0.7950724279700259 0.9505496449499726 0.10971841260466517 0.09890071010005437
81 0.9031386633811348 0.9493452309024552 0.1015360123308619 0.09581493550032188
28 0.9026442017148176 0.8379234603426355 0.10508241758241761 0.1263736263736264
28 0.06507497737917207 0.8296815563004856 0.10508241758241761 0.1263736263736264
28 0.28142127148801044 0.5714352296464562 0.10508241758241761 0.1263736263736264
28 0.6924792302948032 0.579677133688606 0.10508241758241761 0.1263736263736264
28 0.5858514139125901 0.2032968490970948 0.10508241758241761 0.1263736263736264
28 0.17788411645020916 0.195054945054945 0.10508241758241761 0.1263736263736264
71 0.06953981512730883 0.32142857142857145 0.10817307692307693 0.1263736263736264
71 0.7927545697197113 0.7087980614096158 0.10817307692307693 0.1263736263736264
71 0.9009277167741303 0.33241777681810464 0.10817307692307693 0.1263736263736264
5 0.17921457748018033 0.32423813121034617 0.10628725489221376 0.12429378531073448
5 0.7958015156903696 0.3297327339051128 0.10628725489221376 0.12429378531073448
8 0.2804773141254325 0.32417567837543254 0.1004464285714285 0.12087912087912088
8 0.6899899422600193 0.3269229797228158 0.1004464285714285 0.12087912087912088
8 0.1753948284154253 0.703303264314327 0.1004464285714285 0.12087912087912088
10 0.7929103392382848 0.45781981238564334 0.10629073531153481 0.13003682443715223
10 0.7960010005826967 0.8396946996719212 0.10629073531153481 0.13003682443715223
10 0.1747780703558896 0.8287054942823877 0.10629073531153481 0.13003682443715223
10 0.2844965480825149 0.45507251103826 0.10629073531153481 0.13003682443715223
73 0.5865423635577466 0.3310321200841831 0.10796703697453902 0.12365429794058665
73 0.17857506609536586 0.5727946386539129 0.10796703697453902 0.12365429794058665
73 0.7905260122889369 0.581036542696063 0.10796703697453902 0.12365429794058665
69 0.06876661128268513 0.5700546291540965 0.1066277472527473 0.1181319167319988
69 0.9001545129295064 0.5782965331962463 0.1066277472527473 0.1181319167319988
69 0.7950720272194993 0.2019162486047352 0.1066277472527473 0.1181319167319988
10 0.5858360291626824 0.5841956743652748 0.10629073531153481 0.13003682443715223
69 0.3901953911015306 0.19916894725735193 0.1066277472527473 0.1181319167319988
28 0.9783654046529107 0.197802246402328 0.04326919069417736 0.1263736263736263
10 0.9777612457883526 0.325949347711245 0.0444775084232953 0.13003682443715214
10 0.9777612457883526 0.8424420010193042 0.0444775084232953 0.13003682443715214
5 0.9785356513341159 0.5879790605591427 0.04292869733176834 0.12429378531073447
8 0.9766487819542304 0.7115451683564771 0.046359855044220126 0.12087912087912085
73 0.9776957602929531 0.9560367432007899 0.04151781806968167 0.08792651359842008
11 0.536430238834987 0.4525365879524273 0.3066737288135593 0.12146892655367232
