40 0.9221526872862283 0.36227037463726397 0.05875538098312041 0.0693323730452882
40 0.6302387991433249 0.7181539742601588 0.05875538098312034 0.05918497916601982
81 0.8612187047037112 0.5073470556679069 0.0587553809831196 0.06910455039165642
81 0.6288291568804506 0.6537594530687724 0.0587553809831196 0.06910455039165642
81 0.6271983530360768 0.3638339136611183 0.0587553809831196 0.06910455039165642
81 0.9753749738098699 0.5066222418193862 0.04733975407250145 0.07345343348277177
81 0.5207884021906884 0.6566587084628466 0.03673952908407497 0.06910455039165615
81 0.8604033027815242 0.3638339136611184 0.0587553809831196 0.06910455039165642
81 0.9753749738098726 0.6508601976746944 0.04733975407250167 0.07200380578573286
81 0.9763301229637494 0.3609346582670417 0.04570895022812707 0.06910455039165622
81 0.5183421964241278 0.3623842859640798 0.031847117550954436 0.06910455039165614
10 0.5666092615460917 0.435682462232411 0.05918637314949476 0.07032635543506266
10 0.9221244996195709 0.4327832068383344 0.05918637314949476 0.07032635543506266
10 0.5698708692348375 0.7198094908519111 0.05918637314949464 0.05583007846467849
10 0.9221244996195679 0.7183598631548732 0.05918637314949464 0.0587293338587556
10 0.5176851462148777 0.5110631024784003 0.03309351163951683 0.0703263554350624
33 0.5189723173907934 0.7206288038985396 0.03378077697643103 0.052703000416970014
45 0.569119535605289 0.6546344808713102 0.0612015867496797 0.06933237304528783
5 0.5688632624347472 0.5829724303729847 0.06094531357913838 0.07001584100618401
5 0.9211168928194791 0.5786235472818699 0.06094531357913838 0.07001584100618401
33 0.56463482503326 0.3640203904271261 0.06150444233078242 0.07009853278143066
33 0.9760050947765394 0.5800149172858279 0.04764260965360454 0.07009853278143059
73 0.6868866323598212 0.436941380383314 0.058708774873423186 0.07103036099803565
2 0.6857974097672696 0.3667331690551947 0.05643731180182979 0.07200380578573289
70 0.6277700712084184 0.43656253329536887 0.058755380983120414 0.07100982339595827
70 0.9213147631956946 0.6525570601540711 0.058755380983120414 0.07100982339595827
2 0.9756727931047017 0.7182678855869742 0.04583708681339778 0.061856411906464626
52 0.8622149805071818 0.43488508294469896 0.05750898689455818 0.07100982339595785
52 0.6290100307617343 0.5841967357396407 0.05750898689455818 0.07100982339595785
70 0.5189139145964696 0.5829749306962342 0.035108725239702404 0.07100982339595813
2 0.5190477166800523 0.43776492621006924 0.03442145990278486 0.07200380578573276
42 0.9755671786877792 0.43354936657447724 0.04669907114614928 0.07368125613640295
11 0.6416319655033463 0.5086965409833707 0.15411051537966672 0.07247996020207716
11 0.6416319655033463 0.5086965409833707 0.15411051537966672 0.07247996020207716
70 0.804712288322971 0.3611818930493788 0.058755380983120414 0.07100982339595827
