81 0.6263829511138903 0.3638339136611185 0.0587553809831196 0.06910455039165642
81 0.8612187047037112 0.36383391366111845 0.0587553809831196 0.06910455039165642
40 0.9205218834418549 0.3637200023343023 0.05875538098312041 0.0693323730452882
81 0.9770057776542468 0.3580354028729652 0.04570895022812707 0.06910455039165622
42 0.9755671786877792 0.43354936657447724 0.04669907114614928 0.07368125613640295
10 0.9213090976973841 0.43278320683833443 0.05918637314949476 0.07032635543506266
52 0.8622149805071818 0.43488508294469896 0.05750898689455818 0.07100982339595785
70 0.7994121758287568 0.3655307761404936 0.059570782905307214 0.0710098233959583
2 0.6841666059228959 0.3652835413581565 0.05643731180182979 0.07200380578573289
33 0.56463482503326 0.3640203904271261 0.06150444233078242 0.07009853278143066
81 0.5183421964241278 0.3623842859640798 0.031847117550954436 0.06910455039165614
2 0.5190477166800523 0.43776492621006924 0.03442145990278486 0.07200380578573276
10 0.5674246634682787 0.43713208992944935 0.05918637314949476 0.07032635543506266
10 0.5185005481370665 0.5110631024784013 0.03472431548388744 0.07032635543506266
70 0.628993174091699 0.43656253329536904 0.059570782905307214 0.0710098233959583
73 0.6848481275543541 0.43549175268627577 0.05789337295123634 0.07103036099803565
5 0.569678664356934 0.5815228026759466 0.06094531357913838 0.07001584100618401
5 0.8012528102580079 0.43511040527508127 0.06094531357913838 0.07001584100618401
81 0.8604033027815241 0.5058974279708689 0.0587553809831196 0.06910455039165642
81 0.9741518709265949 0.5058974279708688 0.049785959839065724 0.06910455039165626
81 0.9753749738098726 0.6508601976746944 0.04733975407250167 0.07200380578573286
70 0.9225378660789755 0.6511074324570327 0.059570782905307214 0.0710098233959583
10 0.9221244996195672 0.7190846770033928 0.059186373149494625 0.060178961555795024
2 0.9756727931047017 0.7182678855869742 0.04583708681339778 0.061856411906464626
33 0.9757709942121018 0.5778404757402703 0.048458011575789425 0.07154816047846879
5 0.9203014908972922 0.57862354728187 0.060945313579138426 0.07291509640026066
45 0.8598103208649117 0.5792538406253203 0.0620169886718666 0.07223162843936458
40 0.629423397221138 0.7196036019571973 0.0587553809831203 0.05918497916602073
10 0.5674246634682781 0.7198094908519116 0.05918637314949468 0.05872933385875606
33 0.5189723173907934 0.7206288038985396 0.03378077697643103 0.052703000416970014
81 0.5199730002685019 0.6552090807658089 0.03673952908407488 0.06910455039165618
45 0.5687118346441961 0.653184853174272 0.0620169886718666 0.07223162843936458
81 0.6288291568804509 0.6537594530687724 0.0587553809831196 0.06910455039165642
52 0.6273792269173615 0.5827471080426024 0.057508986894558196 0.0739090787900344
70 0.5189139145964696 0.5829749306962342 0.035108725239702404 0.07100982339595813
11 0.6416319655033464 0.5108709825289278 0.15411051537966666 0.07392958789911537
81 0.8604033027815245 0.650860197674696 0.06038618482749348 0.06910455039165642
