81 0.619044333814208 0.36238428596408 0.0587553809831196 0.06910455039165642
81 0.854695489326216 0.5029981725767922 0.0587553809831196 0.06910455039165642
81 0.8555108912484027 0.36238428596408 0.0587553809831196 0.06910455039165642
81 0.6214905395807685 0.6508601976746955 0.0587553809831196 0.06910455039165642
81 0.9722531133528135 0.6494105699776566 0.05549377329437102 0.07200380578573307
81 0.9717056651600331 0.5029981725767921 0.05630917521655854 0.06910455039165642
81 0.9730685152750002 0.3580354028729647 0.053862969449997106 0.06910455039165632
81 0.5152449661734824 0.6564117541160825 0.026908185225021128 0.0710303609980356
81 0.5140218668450723 0.3606935164916078 0.024461986568201012 0.07103036099803567
33 0.557296207733578 0.36112113503304955 0.06150444233078242 0.07009853278143066
33 0.971286283640075 0.5742164064976741 0.055796628875473264 0.07009853278143055
52 0.8548763632074998 0.4334354552476606 0.05750898689455818 0.07100982339595785
52 0.6208560115398656 0.5827471080426023 0.05750898689455818 0.07100982339595785
10 0.9156012842420758 0.43133357914129605 0.05918637314949476 0.07032635543506266
10 0.5592706442464096 0.4356824622324108 0.05918637314949476 0.07032635543506266
10 0.9156012842420717 0.7176350493063535 0.0591863731494946 0.06597747234394734
10 0.5617168500129687 0.7183598631548728 0.05918637314949463 0.05583007846467849
45 0.5609655163834202 0.6531848531742719 0.0612015867496797 0.06933237304528783
40 0.915629471908733 0.36082074694022565 0.05875538098312041 0.0693323730452882
40 0.621269377999269 0.718153974260159 0.05875538098312034 0.062084234560097235
42 0.9718978700379375 0.4320997388774382 0.05240688460145816 0.07368125613640278
70 0.6204314539087364 0.43656253329536887 0.058755380983120414 0.07100982339595827
70 0.9156069497403866 0.6482081770629563 0.058755380983120414 0.07100982339595827
70 0.7965582691011024 0.36118189304937887 0.058755380983120414 0.07100982339595827
73 0.6811788189045128 0.436941380383314 0.058708774873423186 0.07103036099803565
2 0.6776433905454007 0.3652835413581565 0.05643731180182979 0.07200380578573289
2 0.5149707070691175 0.43486567081599176 0.027898244525290584 0.0720038057857326
2 0.9724111854159552 0.7175430717384552 0.053991106035267994 0.06620529499757954
5 0.9137782755197966 0.5771739195848314 0.05768370589039115 0.070015841006184
5 0.5607092432128777 0.5800731749789079 0.05768370589039115 0.070015841006184
70 0.5156523069077216 0.5829749306962331 0.028585509862208213 0.07100982339595804
33 0.5161184106631375 0.7199039900500194 0.028072963521123852 0.05415262811400781
10 0.5160543423705034 0.5088886609328425 0.02983190395077013 0.07467523852617783
11 0.6416319655033453 0.5086965409833688 0.16878774997903043 0.07247996020207677
