81 0.5213196928379191 0.7253524331446559 0.03917412420421918 0.04887220173625792
81 0.9728530191918131 0.7259633356663591 0.05291943094254179 0.052537616866477205
81 0.9694166925072324 0.5921756834133534 0.05566849229020605 0.07330830260438667
81 0.6288767180652927 0.5927865859350567 0.052232165605625484 0.0671992773873545
81 0.5220069581748353 0.5958410985435728 0.03642506285655458 0.07330830260438667
81 0.5230378561802095 0.4565553235952382 0.042610450888799674 0.06597747234394802
81 0.5233814888486675 0.31788045116860675 0.044672246899548115 0.07208649756098019
81 0.6278458200599184 0.31849135369031 0.05566849229020605 0.07086469251757371
81 0.8522379525630331 0.31238232847327774 0.05498122695328988 0.07086469251757371
81 0.9711348558495227 0.30382969316943265 0.05498122695329016 0.07086469251757378
81 0.9687294271703163 0.44922449333479947 0.05841755363787058 0.06842108243076084
51 0.569771899090506 0.7277960432314687 0.05360669627945768 0.053759421909883545
51 0.911686404206278 0.3087169133430584 0.057043022964038244 0.06597747234394795
51 0.9109991388693618 0.5915647808916502 0.05566849229020605 0.06475566730054162
81 0.6244094914385196 0.7265742168811015 0.04879583892104491 0.05131581182307059
10 0.9096246091639386 0.44983535324258156 0.05979208431170278 0.07208649756098019
10 0.6299076199443028 0.45716620480998044 0.05154489252143609 0.07453006503387234
10 0.6831706796816667 0.38630153359936764 0.05360669627945768 0.06475566730054155
10 0.5714900624327963 0.6648730834960368 0.05704302296403831 0.06719927738735429
13 0.630251248739125 0.5268091135911086 0.05360669627945768 0.062312057213728664
13 0.8529252178999494 0.3832470209908515 0.05773028830095441 0.06597747234394802
56 0.5704591644274221 0.5927865859350567 0.053606696279457536 0.0671992773873545
56 0.5714900624327963 0.31849135369031 0.05154490026870924 0.07086469251757371
5 0.5732082257750867 0.38935604620788367 0.05910481897478661 0.06353386225713514
5 0.91134277153782 0.37958160586063217 0.056355757627122215 0.06597747234394795
5 0.6838579450185827 0.5268091135911086 0.04948310425796109 0.06719927738735436
73 0.5728645931066285 0.5255873085477022 0.05566849229020598 0.062312057213728525
73 0.9099682408639876 0.5231436984608894 0.056355757627122215 0.06719927738735429
85 0.6288767180652927 0.3887451436861805 0.05085763493179314 0.062312057213728664
85 0.5230378561802095 0.5261982110694055 0.03986138954113528 0.06842108243076077
71 0.9707912231810647 0.6648730834960368 0.05704302296403838 0.06719927738735429
71 0.9707931108116898 0.37861524151855375 0.05704679822528846 0.066488353746604
61 0.9701039578441487 0.5219218934174829 0.05566849229020605 0.06964288747416723
61 0.520288794832545 0.6660948885394433 0.03711232819347068 0.062312057213728594
61 0.5230378561802095 0.38935604620788367 0.04398498156263202 0.06353386225713514
61 0.6842015776870408 0.31849135369030995 0.05291943094254165 0.06353386225713503
61 0.7694224780120262 0.45411163893406276 0.17112907179734219 0.06842123157948493
