81 0.6287503448038041 0.1901737211299907 0.09200208631603085 0.12054064762677194
81 0.2473933042105781 0.6591094919174391 0.09835803699258455 0.11489081906306767
81 0.8265793096115401 0.8992272058748676 0.09994702466172295 0.12054064762677194
81 0.8249903219424016 0.6619344061992911 0.09994702466172295 0.12054064762677194
81 0.8265793096115401 0.4246416065237149 0.09994702466172295 0.12054064762677194
81 0.24024285969945502 0.17887406400258235 0.09994702466172295 0.12054064762677194
81 0.8297572849498169 0.18452389256628657 0.09994702466172295 0.12054064762677194
81 0.04600104315801538 0.4218166922418629 0.09200208631603075 0.12054064762677194
81 0.04917901849629229 0.6619344061992913 0.09835803699258455 0.11489081906306767
81 0.04917901849629227 0.8964022915930155 0.09835803699258455 0.11489081906306767
10 0.9266735666448704 0.30055596781555133 0.09701875127829891 0.11904761904761911
10 0.9219066036374552 0.7807913957304079 0.09701875127829891 0.11904761904761911
10 0.7248721326642884 0.42202728193519157 0.09701875127829891 0.11904761904761911
10 0.33557015372537025 0.30620579637925555 0.09701875127829891 0.11904761904761911
10 0.24340886891534058 0.42202728193519157 0.09701875127829891 0.11904761904761911
10 0.14489163342875722 0.7807913957304079 0.09701875127829891 0.11904761904761911
10 0.9232101856073999 0.9774011299435028 0.09853906146550585 0.04519774011299432
3 0.1489992920106422 0.9022328387429234 0.09701875127829923 0.11904761904761901
3 0.7289797912461734 0.18470461115249046 0.09701875127829923 0.11904761904761901
3 0.8227300637253415 0.546293639229559 0.09701875127829923 0.11904761904761901
3 0.14423232900322686 0.659290210503643 0.09701875127829923 0.11904761904761901
51 0.7199579372852658 0.6643152755377665 0.09776785714285711 0.12142857142857143
51 0.24802859955114853 0.7857865896574066 0.09776785714285711 0.12142857142857143
51 0.043322471729444006 0.3027262474606978 0.08664494345888801 0.1214285714285714
51 0.33701190902290123 0.1869047619047619 0.09776785714285711 0.12142857142857143
81 0.04282306781973852 0.1760491497207304 0.08564613563947704 0.11489081906306767
81 0.4368920097660721 0.18452389256628662 0.09835803699258455 0.11489081906306767
57 0.8275440386192358 0.30855035881863396 0.09701875127829894 0.12558537141312273
57 0.24120758870715078 0.540193329930506 0.09701875127829891 0.11428571428571438
57 0.04894008074139937 0.7859608724516386 0.09701875127829894 0.12558537141312273
57 0.13633440254401366 0.17860430185343748 0.09701875127829894 0.12558537141312273
57 0.9870233050847458 0.7816642013154429 0.025953389830508367 0.11700038586632672
39 0.6263208383959159 0.30824716917361494 0.1004464285714289 0.11860365714671937
39 0.04625074511286836 0.5413025974264128 0.09250149022573673 0.12142857142857148
39 0.8201773340308058 0.7785953971019892 0.10044642857142891 0.1214285714285715
39 0.9298174832013584 0.17406374078564024 0.10044642857142891 0.1214285714285715
5 0.13903598000282466 0.3022597204312799 0.10010593220338983 0.12429378531073447
5 0.7269614175840482 0.30508463471313196 0.10010593220338983 0.12429378531073447
5 0.927173863895492 0.5423774343887082 0.10010593220338983 0.12429378531073447
73 0.14568528181768667 0.5397494095508448 0.10178571428571433 0.11815969524581976
73 0.7193098303766642 0.5369244952689928 0.10178571428571433 0.11815969524581976
73 0.9258782273646615 0.8956886090642092 0.10178571428571433 0.11815969524581976
65 0.23993640834992921 0.30649711961645293 0.10169490601765534 0.11581920903954802
65 0.9247900937485977 0.6624363191298173 0.10169490601765534 0.11581920903954802
81 0.9902012711864407 0.42149454321564933 0.019597457627118474 0.11982524462338894
81 0.9902012711864407 0.6587873428912254 0.019597457627118474 0.11982524462338892
11 0.4846398305084746 0.42514124293785316 0.2955508474576271 0.11581920903954802
