81 0.04845001015712211 0.03142365966586135 0.09690002031424422 0.0628473193317227
28 0.14620483766998638 0.03434014903928861 0.10971840959903557 0.06868029807857721
81 0.2602811037434445 0.038291913034319586 0.1108079963640981 0.07658382606863917
69 0.366243334748086 0.03846119826062477 0.1019917552361292 0.07692239652124953
81 0.475082067180077 0.03966556370801123 0.1108079963640981 0.07383652472125588
28 0.5812154218959714 0.0398347517340552 0.10508241758241751 0.0796695034681104
81 0.6891103652806063 0.041039214381702875 0.10308134300306811 0.07658382606863916
69 0.7973905922935568 0.03846119826062475 0.10817307792495344 0.0769223965212495
81 0.9093199860699592 0.038291913034319586 0.1108079963640981 0.07658382606863917
71 0.0486778811088175 0.13323842913281564 0.09426510087322303 0.1291209277210096
81 0.052313336837637114 0.2682389707270082 0.10462667367527421 0.13427715436368828
69 0.04713255093754969 0.40246924696371555 0.09426510187509939 0.12912112212153207
81 0.04845001015712211 0.5319799000758042 0.0969000203142442 0.12878255166892172
28 0.048849005321009206 0.6675907768048713 0.09735576422138764 0.12637362637362637
81 0.04999534082932811 0.7984681307719835 0.09999068165865622 0.1287825516689217
69 0.04945054694585866 0.9272038043139247 0.09581043254730534 0.12912112212153215
5 0.15139862538047255 0.9323585046498661 0.11246857758103762 0.13528299070026759
5 0.14985329470826658 0.13426746323501942 0.11246857758103765 0.1325356893528843
5 0.7950288503542666 0.14663031929824427 0.10783258556441964 0.12978838800550102
5 0.3731535768420319 0.4103712486470406 0.1140139082532436 0.1297883880055009
71 0.15453300209863807 0.8008326565469559 0.1081730769230769 0.13461553041577629
10 0.15468877161721173 0.669362016134157 0.10629073531153481 0.13003682443715223
10 0.26131658799942487 0.2737506221109626 0.10629073531153481 0.13003682443715223
10 0.36639907370943203 0.14462745878394784 0.10629073531153481 0.13003682443715223
10 0.7929103392382848 0.2792452248057292 0.10629073531153481 0.13003682443715223
10 0.7882743472216666 0.6748566188289236 0.10629073531153481 0.13003682443715223
5 0.9798248621364247 0.4134615384615385 0.04035027572715045 0.12362637362637356
8 0.9789663461538461 0.5439560439560439 0.041723901098901166 0.12637362637362629
10 0.9774210164835165 0.6744505494505495 0.04172390109890103 0.12912087912087913
73 0.9769230949568498 0.8090625545288732 0.04615381008629927 0.12914890063535298
10 0.9775927187783437 0.9354395604395604 0.04172390109890103 0.12912087912087913
69 0.8970644206508431 0.935439438939234 0.10353708590833532 0.1291211221215321
81 0.9006998758787244 0.8067100348141338 0.1077173350196859 0.12878255166892177
81 0.8991545452065184 0.5402218041179541 0.1077173350196859 0.12878255166892177
81 0.9022452065509302 0.2792281761165414 0.1077173350196859 0.12878255166892177
81 0.6812629204254742 0.5429691054653375 0.1077173350196859 0.12878255166892177
81 0.2640236389298573 0.5402218041179541 0.1077173350196859 0.12878255166892177
8 0.7888911052812025 0.8049534141675088 0.10662775126025244 0.13186832626865405
8 0.15530552967674754 0.5384651834713293 0.10662775126025244 0.13186832626865405
8 0.2588426847145488 0.14285378944813495 0.10662775126025244 0.13186832626865405
8 0.6868992809156075 0.15109569349028487 0.10662775126025244 0.13186832626865405
71 0.791209239047505 0.5425863298929265 0.1081730769230769 0.13461553041577629
71 0.9071090394629542 0.14148033317496558 0.1081730769230769 0.13461553041577629
73 0.1507591139956581 0.4079565578109153 0.10796703697453902 0.12914890063535325
73 0.5819063715411288 0.1497102311568856 0.10796703697453902 0.12914890063535325
73 0.7920713429611429 0.41070385915829855 0.10796703697453902 0.12914890063535325
28 0.2628773034215385 0.40659714880345843 0.10508241758241761 0.1263736263736264
28 0.6816619155893612 0.41209175149822497 0.10508241758241761 0.1263736263736264
28 0.8980082096981995 0.6703380781522545 0.10508241758241761 0.1263736263736264
71 0.3693339655352703 0.5398390285455431 0.1081730769230769 0.13461553041577629
69 0.8986097513230493 0.4134584523532488 0.10353708590833532 0.1291211221215321
69 0.2619335143741823 0.6744520803546616 0.10353708590833532 0.1291211221215321
11 0.5433842268599137 0.2808302537409713 0.3205817048634133 0.1242162279010555
