81 0.9606977392105114 0.705221236313631 0.05875538098311958 0.0763526888768477
81 0.6059979030592187 0.7073956778591887 0.0587553809831196 0.06910455039165642
81 0.9598823372883243 0.41312125536041977 0.0587553809831196 0.06910455039165642
81 0.839202852804666 0.41747013845153447 0.0587553809831196 0.06910455039165642
81 0.6051825011370319 0.41602051075449625 0.0587553809831196 0.06910455039165642
81 0.9606977392105109 0.559533652761285 0.0587553809831196 0.06910455039165642
33 0.5442497769785888 0.41403254597494693 0.06150444233078249 0.07444741587254577
33 0.9592893553717105 0.62930225898513 0.05987363848640878 0.07299778817550762
45 0.5442497769785899 0.7097203333587645 0.0620169886718666 0.07223162843936458
5 0.5452166066913283 0.6373334690119203 0.06094531357913844 0.07436472409729891
10 0.5429626058026726 0.4893186870228277 0.060817176993868544 0.07032635543506269
10 0.8992932457983387 0.48641943162875095 0.05918637314949476 0.07032635543506266
52 0.6053633750183166 0.6349337051359805 0.05750898689455825 0.07390907879003498
52 0.8393837266859511 0.4877964938865961 0.057508986894558245 0.06956019569892023
70 0.6057542193093738 0.4901987580857859 0.057124577138746 0.07100982339595843
2 0.6645969597904111 0.41602051075449603 0.05643731180182979 0.07200380578573289
40 0.9001368353871834 0.41590659942768005 0.05875538098312041 0.0693323730452882
81 0.7242311817763161 0.41602051075449625 0.0587553809831196 0.06910455039165642
73 0.6648707804607755 0.49057760517373017 0.058708774873423186 0.07103036099803565
11 0.617985309759927 0.5623327657737868 0.15411051537966672 0.07247996020207716
42 0.9588514392829501 0.48718559136489376 0.058930099978953446 0.07078200074232674
