81 0.8579570970149626 0.508071869516426 0.05875538098311954 0.07345343348277122
81 0.8571416950927765 0.6523098253717342 0.0587553809831196 0.06910455039165642
81 0.6231213434251425 0.3667331690551949 0.0587553809831196 0.06910455039165642
81 0.8587724989371501 0.3638339136611183 0.0587553809831196 0.06910455039165642
81 0.9729287680433117 0.5073470556679059 0.05223216560562367 0.07200380578573314
81 0.6255675491917031 0.6552090807658105 0.0587553809831196 0.06910455039165642
81 0.9763301229637494 0.3609346582670417 0.04570895022812707 0.06910455039165622
81 0.9745595718876844 0.6515850115232128 0.05060136176125008 0.07345343348277183
81 0.5163036916186603 0.6566587084628459 0.03266251947314038 0.06910455039165612
81 0.5163036916186599 0.3652835413581556 0.027770107940020567 0.07490306117980942
10 0.5633476538573442 0.4356824622324109 0.05918637314949476 0.07032635543506266
10 0.9172320880864495 0.4356824622324109 0.05918637314949476 0.07032635543506266
10 0.918862891930822 0.716910235457835 0.0591863731494947 0.06162858925283265
10 0.5641630557795296 0.7205343047004306 0.05918637314949466 0.05438045076764071
10 0.516869744292691 0.5110631024783978 0.02983190395076942 0.0703263554350623
10 0.7981834074471651 0.5081638470843244 0.05918637314949476 0.07032635543506266
42 0.9743440758044971 0.43499899427151495 0.04914527691271084 0.07078200074232653
40 0.9184833786363852 0.3644448161828203 0.059570782905310905 0.07078200074232566
52 0.8581379708962473 0.4363347106417372 0.05750898689455818 0.07100982339595785
52 0.6249330211507999 0.5841967357396407 0.05750898689455818 0.07100982339595785
70 0.7998198767898494 0.36408114844345535 0.058755380983120414 0.07100982339595827
70 0.6245084635196707 0.4409114163864837 0.058755380983120414 0.07100982339595827
70 0.9172377535847599 0.6496578047599944 0.058755380983120414 0.07100982339595827
70 0.5172831107520957 0.5844245583932719 0.03184711755095507 0.07390907879003467
33 0.5165261116242328 0.7191791762015014 0.03378077697643103 0.052703000416970014
45 0.5642271240721677 0.6575337362653866 0.0612015867496797 0.06933237304528783
5 0.563563149940532 0.5851468719185422 0.06176071550132588 0.07436472409729901
45 0.856956414137257 0.5807034683223584 0.0612015867496797 0.06933237304528783
5 0.918262986091823 0.5800731749789078 0.060129911656953 0.07001584100618388
5 0.7975835016081649 0.43656003297211887 0.060129911656953 0.07001584100618388
73 0.6824018660948251 0.4385369937486383 0.05463175341292189 0.07392955940611867
33 0.5613732173445124 0.3640203904271261 0.06150444233078242 0.07009853278143066
2 0.6817204001563352 0.36818279675223303 0.05643731180182979 0.07200380578573289
11 0.6416319655033463 0.5115957963774473 0.15411051537966672 0.07247996020207716
2 0.516875765278029 0.4399865929526802 0.028538984329567897 0.0710303609980356
2 0.9747226138795253 0.719034439730677 0.04892397313640217 0.05798396816166175
33 0.9745478913288218 0.5800149172858261 0.05090421734235043 0.07009853278143047
