81 0.9456057717146996 0.21969219055343425 0.10732440902290169 0.14196921905534338
40 0.8316509043618336 0.22326361912486287 0.11785714285714277 0.13958826667439098
81 0.7104355966822099 0.2281669333989905 0.12003631037600887 0.14196921905534332
70 0.24150159248965303 0.3753650284439764 0.11785714285714281 0.13958826667439106
2 0.3604049747299785 0.23304723834627997 0.11749403909705469 0.14285714285714277
81 0.24009524661723114 0.2309918476808426 0.12003631037600887 0.14196921905534332
81 0.4800323846571359 0.2309918476808426 0.12003631037600887 0.14196921905534332
40 0.4788956418130995 0.37298407606302403 0.11785714285714277 0.13958826667439098
33 0.11621131804580255 0.2276424000598639 0.12187499999999997 0.14479413333719568
81 0.028238401805235583 0.2253420191171384 0.056476803610471166 0.15326887618275162
2 0.02855625383489695 0.37711786672073677 0.0571125076697939 0.14285714285714268
10 0.12030863819607532 0.37384899053798537 0.12053571428571429 0.14285714285714285
73 0.36546618251500745 0.3728791904653954 0.1271186209763416 0.14124304890268727
52 0.7105250102263915 0.3725171048352863 0.1151785714285714 0.14285714285714285
10 0.8305861263009588 0.36819916197428126 0.12053571428571429 0.14285714285714285
42 0.9459745924352048 0.36864193009219703 0.10805081512958999 0.1440679631845393
81 0.7120245843513483 0.5106583615842003 0.12003631037600887 0.14196921905534332
81 0.9439543139848413 0.5163081901479042 0.11209137203031723 0.14196921905534324
33 0.9456628813360674 0.661266742324161 0.10598512330861506 0.14196921905534327
81 0.9455433016539803 0.8016245326149648 0.10891339669203909 0.1419692190553431
2 0.9460199434588872 0.9308010659637473 0.10796011308222435 0.12025782860232531
70 0.831016017740015 0.8019270850036432 0.11785714285714281 0.13958826667439106
5 0.8278602526207637 0.658190091503042 0.11758474576271201 0.13559299823982346
40 0.24769793595345624 0.9393793895743698 0.11626815518800442 0.11981386670142673
10 0.12348661353435297 0.9398710856988373 0.12053571428571297 0.1202578286023256
33 0.03040598391232673 0.9395207990865928 0.05831549323446232 0.11089516195497108
81 0.2488346787974926 0.8100992754605224 0.11844732270687047 0.1419692190553433
45 0.12440595834634749 0.8057090286563967 0.11919642857142858 0.14047619047619037
81 0.030621883308943266 0.8100992754605209 0.061243766617886525 0.14196921905534315
70 0.03175522016337878 0.6663311994747423 0.060653586768158935 0.13958826667439103
5 0.12234972752329554 0.6666648343485982 0.11758474576271201 0.13559299823982346
52 0.24336263549968962 0.6663081901479044 0.1151785714285714 0.14285714285714285
10 0.36342375157425694 0.6619902472868994 0.12053571428571429 0.14285714285714285
33 0.36727136976967645 0.8067498278395443 0.12187499999999997 0.14479413333719568
10 0.032119822558891814 0.5207445331942935 0.06174317052759195 0.14285714285714274
11 0.3241526393569922 0.5211843307359478 0.4067796610169492 0.14971762517387358
