62 0.9722764152227056 0.3191252656633547 0.055447169554589004 0.07392970187110239
81 0.5629448209186652 0.32275355186946597 0.057077968659135454 0.0724800741740641
81 0.6819935015579496 0.32855206265761894 0.057077968659135454 0.0724800741740641
81 0.7953343687419256 0.32855206265761905 0.057077968659135454 0.0724800741740641
81 0.9135676474590233 0.32275355186946597 0.057077968659135454 0.0724800741740641
81 0.9151984513033969 0.6112294635800817 0.057077968659135454 0.0724800741740641
81 0.564575624763039 0.4677163215732928 0.057077968659135454 0.0724800741740641
17 0.8540434801430672 0.3249279506755282 0.05870876776368263 0.06813116258995258
17 0.9143832223848958 0.6858852472380577 0.05870876776368263 0.06813116258995258
17 0.5662066016110987 0.5409224775342304 0.05870876776368263 0.06813116258995258
17 0.6224693342419935 0.3234783229784899 0.05870876776368263 0.06813116258995258
82 0.5653920350834252 0.3945086412370306 0.05707797576887724 0.06813130505493614
82 0.9714610121155611 0.6134024234898087 0.05707797576887701 0.07392981584308976
62 0.5176898436035213 0.3249237764515076 0.031800513811167934 0.07392970187110232
73 0.519729356807187 0.39813000364493717 0.03424671246798827 0.06958076179399408
10 0.5185062586637338 0.5394659260389877 0.03343131528562887 0.07103036099803554
82 0.5180987235965872 0.6105031680957326 0.03424672194764306 0.06813130505493604
10 0.5193216605859208 0.6786301849546618 0.03506211913000262 0.07103036099803563
5 0.5189139608097852 0.7337215650834811 0.03098510240932502 0.03334009786103464
81 0.5641686004122535 0.7329981473918019 0.05789337295123587 0.03189035619200936
82 0.6232855715586951 0.7344463361925051 0.05707797576887713 0.03768912341713269
81 0.9147914269526111 0.7358974027858781 0.056262569106862316 0.028991100797932826
10 0.9718687154465687 0.6844286957428146 0.05626256910686252 0.0710303609980356
10 0.9718687154465687 0.46698454118707405 0.05626256910686252 0.0710303609980356
10 0.6245074965949581 0.6786301849546615 0.05626256910686252 0.0710303609980356
10 0.6799548273036661 0.4684341688841123 0.05626256910686252 0.0710303609980356
10 0.8528200348072841 0.5394659260389877 0.05626256910686252 0.0710303609980356
87 0.682401874389523 0.3995823096836677 0.05626256910686237 0.06958076179399413
87 0.9139760202905969 0.39523342659255284 0.05626256910686237 0.06958076179399413
5 0.6232854068497039 0.3959583116735639 0.05870876776368256 0.06813116258995251
5 0.9714610180403455 0.39523349782504447 0.05707796391930851 0.0695807902869909
87 0.6245083379142545 0.6068790703601403 0.05626256910686237 0.06958076179399413
81 0.565391026685226 0.6083302081860049 0.057077968659135454 0.0724800741740641
73 0.6253239057303873 0.5358446348635728 0.05789336821140907 0.06958076179399406
73 0.9710533158942954 0.5387438902576492 0.05789336821140907 0.06958076179399406
73 0.8528210420205267 0.3937811205538223 0.05789336821140907 0.06958076179399406
62 0.9131606195533674 0.5394686756131718 0.06115498300989661 0.07103044647702582
62 0.6848480813410411 0.5394686756131718 0.06115498300989661 0.07103044647702582
62 0.5666148026239437 0.680082562225884 0.06115498300989661 0.07103044647702582
11 0.8271352463348195 0.4677134722736201 0.20221918613025008 0.07827835701824319
