81 0.9281269073541764 0.90755881818442 0.11368035969945493 0.13914430477349118
81 0.929715895023315 0.61800510429458 0.12321428571428573 0.14761904761904762
81 0.21864391308386222 0.3326887618275181 0.12162529804514727 0.1419692190553433
81 0.22420536992584686 0.9117961896071982 0.12321428571428573 0.14761904761904762
81 0.6834228063068568 0.33127630468659197 0.1232142857142857 0.13914430477349105
81 0.9281269073541766 0.3242140189819619 0.12321428571428573 0.1363193904916393
40 0.8062271016556185 0.33061036183524267 0.11785714285714277 0.13958826667439098
10 0.8083402989330204 0.478370818966513 0.12053571428571429 0.14285714285714285
10 0.09806281082813686 0.4755459046846609 0.12053571428571429 0.14285714285714285
33 0.09555447834700283 0.33357668562931764 0.121875 0.14761904761904762
33 0.9297730046446847 0.7657885707526886 0.121875 0.14761904761904762
70 0.21925576512171488 0.47988685687250404 0.11785714285714284 0.14523809523809522
70 0.8087701903720769 0.9064489134321708 0.11785714285714284 0.14523809523809522
2 0.015049858647220178 0.3290943239292507 0.030099717294440352 0.1428571428571426
73 0.34004237980879237 0.48022593317577517 0.117584694961511 0.14124304890268732
52 0.6843067136856069 0.4770389332638137 0.11994553443598671 0.14285714285714282
52 0.22032231429718213 0.7708300185764324 0.11994553443598671 0.14285714285714285
42 0.928760616311794 0.47175130137979865 0.11917372881355945 0.1355932203389831
5 0.09692592481707997 0.7740115770589778 0.117584745762712 0.14689265536723184
5 0.8087924005911019 0.7683617484952737 0.117584745762712 0.14689265536723184
45 0.09898215564013245 0.9187055999304806 0.11919642857142858 0.14047619047619037
2 0.3405426288657481 0.3347441524929553 0.11908302676619313 0.14285714285714277
