81 0.9093199860699592 0.038291913034319586 0.1108079963640981 0.07658382606863917
81 0.9682271940375418 0.4004428848228714 0.05804748922958595 0.07330830260438664
81 0.9670376955678519 0.5414228837864613 0.057254490249792865 0.07048870262511489
81 0.8512598445180131 0.5400130837968252 0.057254490249792865 0.07048870262511489
81 0.9678306945476453 0.6809930827604151 0.057254490249792865 0.07048870262511489
81 0.6296166296657529 0.5378983838123716 0.056461491269999324 0.06907890263547899
81 0.854828339927084 0.27215108576600505 0.05328949535082523 0.04793190279094102
81 0.7414294858166253 0.26933148578673327 0.05328949535082523 0.04793190279094102
81 0.6276341322162702 0.2679216857970973 0.05566849229020512 0.047931902790941026
81 0.9698131919971295 0.27074128577636897 0.05487549331041226 0.045112302811669294
81 0.5205792699441592 0.26721678580227914 0.031878522896402056 0.03806330286349015
81 0.5213722689239512 0.39480368486432793 0.03505051881557649 0.0733083026043866
81 0.5213722689239515 0.537898383812371 0.03663651677516305 0.0690789026354791
81 0.5221652679037452 0.6788783827759609 0.03505051881557614 0.0690789026354791
81 0.6605966566921907 0.5413499838326564 0.003171993862689959 0.001409775050084292
10 0.9084351106942485 0.4019021535949608 0.05899908533190943 0.06926689758170827
10 0.9088316101841452 0.6091427520714374 0.05979208431170277 0.07208649756098019
10 0.6281099713372755 0.4004923536053252 0.05979208431170277 0.07208649756098019
10 0.5710140447921497 0.6091427520714376 0.05979208431170277 0.07208649756098019
10 0.6859988968621952 0.33141215411316616 0.05662008839252923 0.07208649756098016
5 0.5676572329165325 0.32521014667945025 0.059104818974786616 0.0734024621845867
5 0.9102327921872887 0.3322591466276297 0.059104818974786616 0.0734024621845867
5 0.5688467313862229 0.7326423436842237 0.05672582203540637 0.036747662454052955
5 0.9082502947378055 0.7326423436842237 0.05672582203540637 0.036747662454052955
73 0.5700890966773516 0.46778550897263055 0.059633487189172794 0.0679512571722719
73 0.9094926600289344 0.4720149089415382 0.059633487189172794 0.0679512571722719
73 0.7945078079588889 0.33385450995722044 0.059633487189172794 0.0679512571722719
28 0.8525022853849239 0.4722710063785229 0.053923895665726744 0.06625942735396485
28 0.6288765730831805 0.469451406399251 0.05550989362531362 0.06625942735396485
28 0.7981818552690747 0.2727843078450436 0.054716894645520216 0.05357122744724203
71 0.5690053339070225 0.6802128262659657 0.05788888799408895 0.06766920240404914
71 0.9099946741461767 0.5406450963076143 0.05630289106274418 0.06484965230388057
71 0.687558604525054 0.5385304337324877 0.058681886459761474 0.06907897745413365
71 0.9686768197229049 0.3277628288569918 0.05788888799408895 0.06766920240404914
69 0.9698660583044466 0.4722710063785229 0.057095889528416564 0.06625942735396485
69 0.6296694959730708 0.6062020053939327 0.057095889528416564 0.06625942735396485
69 0.911977132779527 0.2713745078554076 0.057095889528416495 0.047932027488698445
69 0.6867654225181965 0.27278430784504354 0.0570958895284165 0.047932027488698445
69 0.9666940613570312 0.733084004461163 0.057095889528416446 0.03524382758197437
8 0.5705913308383674 0.5378255462074455 0.059474884925433784 0.06766920240404929
8 0.8536919666246173 0.33128984772578685 0.057888886965846965 0.06907900239368527
8 0.6276872573834935 0.329175147741333 0.059474884925433784 0.06766920240404929
8 0.908408896230363 0.6802153451606711 0.059474884925433784 0.06766920240404929
28 0.9666941384751763 0.6104314053628406 0.05550989362531362 0.06625942735396485
5 0.686607079885545 0.4704195456119475 0.059104818974786616 0.07058286220531475
28 0.5218217108110692 0.6090216053732048 0.03647791811027131 0.0662594273539649
69 0.5214251352312693 0.4666318064199791 0.03568491707399403 0.06625942735396477
71 0.5218218946093147 0.32071382890881195 0.033305919620492196 0.07048880238332078
28 0.5686086506188808 0.26996470786577154 0.058681889544487005 0.042292827530155105
11 0.7751849349818599 0.4031920164546134 0.1784246547763017 0.06907900239368503
