81 0.5257869175278741 0.32026026006447794 0.049483104257961014 0.07086469251757371
81 0.6350621060975379 0.3196493575427748 0.05498122695329002 0.06475566730054155
81 0.862890565285233 0.3135403323257425 0.05841755363787058 0.06719927738735439
81 0.9769766112133097 0.3037658919784909 0.0432977162257157 0.06719927738735436
81 0.5278487135386224 0.4589351324911093 0.05085763493179314 0.07208649756098012
81 0.5264741828647902 0.5994427124828503 0.04673404291029648 0.074530107647793
81 0.5264741828647901 0.7258995344754172 0.045359512236464145 0.05131581182307073
81 0.9756020805394775 0.5933336872658181 0.04742130824721258 0.07208649756098005
81 0.9745711825341011 0.45160430223067044 0.046734042910296425 0.07453023548955665
81 0.6350621060975379 0.5939445897875214 0.05085763493179329 0.06597747234394788
10 0.9223390169284778 0.6690855999570176 0.06047934964861909 0.07697371773460603
10 0.9189026902438974 0.45343700979578033 0.057730288300954696 0.07086469251757364
10 0.6364366367713701 0.45771332744770293 0.05773028830095441 0.06719927738735429
10 0.5790499811388737 0.6660310873485016 0.055668492290206116 0.07086469251757394
5 0.5790499811388737 0.3880704399735356 0.05429396161637392 0.06719927738735436
5 0.9213081189231024 0.38135048027435886 0.05841755751150719 0.0708647564384555
56 0.580768144481164 0.5951663948309278 0.05773028830095448 0.06353386225713507
56 0.5790499811388737 0.32209301024350895 0.05429396161637392 0.0696428874741673
56 0.862203299948317 0.5236907997916508 0.05841755363787044 0.06719927738735457
73 0.8034421136419883 0.3850159273650195 0.05773028830095456 0.06597747234394795
73 0.5811117771496219 0.5291888798730586 0.05429396161637384 0.06842108243076098
73 0.9209644848020315 0.5243016383924721 0.06047935642748325 0.07330830260438662
71 0.9762893458763935 0.3770741945828776 0.0446722468995479 0.07208649756098026
71 0.9759457132079357 0.6684746974353143 0.04535951223646393 0.07575191269119969
85 0.8030984809735304 0.31720574745596186 0.054293961616373704 0.0696428874741673
85 0.6364366367713701 0.39051405006034856 0.056355757627122215 0.06719927738735443
85 0.5271614482017063 0.5291889224869799 0.04810857358412868 0.06353386225713521
51 0.9209644862546458 0.30498769702189743 0.060479349648618806 0.06719927738735436
51 0.9213081189231036 0.5945554923092246 0.05979208431170278 0.06475566730054147
51 0.5783627158019575 0.7283431445622301 0.05704302296403831 0.05131581182307059
13 0.6367802665346006 0.526745312400167 0.0556684922902059 0.06842108243076098
13 0.861516034611401 0.3831832197999098 0.0570430229640381 0.06719927738735443
81 0.9786947745556001 0.7311600848741315 0.04261045088879996 0.04228803192599614
11 0.7986312562835742 0.454047933624444 0.1388275980570572 0.07208645494705876
61 0.5254432848594159 0.6696965024787209 0.04604677757338024 0.06353386225713521
61 0.9762893458763938 0.5230798972699475 0.04604677757338024 0.06597747234394802
