81 0.6237222280384218 0.3124529258371108 0.07078832970236078 0.08674815808185751
81 0.9024083221579104 0.3118420233154076 0.06872653369161241 0.08552635303845105
81 0.9010337914840779 0.6527256304258054 0.06872653369161241 0.08552635303845094
81 0.6261276567176283 0.6551692405126184 0.07147559503927688 0.08308274295163813
10 0.6250967587122541 0.4841165344357162 0.06941379902852866 0.08552635303845108
10 0.9670112638280259 0.4835056319140129 0.06322841099628362 0.08430454799504467
10 0.9676985291649421 0.722979420421676 0.06047934964861895 0.05009400677966425
10 0.5536211636729772 0.7235903229433791 0.07353739105002532 0.04887220173625778
71 0.8319636251240076 0.3142856334022205 0.06803926835469624 0.08063913286482528
71 0.6237222280384219 0.39981198644067156 0.06941379902852851 0.08063913286482531
73 0.8302454617817172 0.4004228889623748 0.06735200301778008 0.08674815808185748
73 0.9670112638280259 0.569031984952464 0.06322841099628362 0.08674815808185742
73 0.5539648040461365 0.5696428661672068 0.07285012571310907 0.08552635303845117
5 0.552246632999145 0.39797927887556184 0.07353739105002532 0.08674815808185748
5 0.96838818550065 0.39589471011608734 0.061858662320034626 0.08013541047609543
8 0.5508721023253127 0.31062021827200115 0.07216286037619297 0.08796996312526396
8 0.5539647963414351 0.6557801430343215 0.0714755950392768 0.08186093790823179
8 0.9003465261471619 0.5665883748656512 0.06872653369161241 0.08430454799504446
67 0.9680421618334003 0.6545583379909151 0.06116661498553512 0.08186093790823151
67 0.9690754508375662 0.3114865614950324 0.06048413164620243 0.08725903948451358
35 0.6257840240491703 0.5702537899958705 0.06803926835469638 0.08430454799504453
35 0.9017210568209941 0.7242012254650823 0.06735200301777994 0.050094006779664114
35 0.9000028934787039 0.39859018139726515 0.06666473768086419 0.085526353038451
53 0.6931360270669503 0.31550743844562695 0.06529020700703185 0.08308274295163816
11 0.7941640315936206 0.4835056319140129 0.21648858112857894 0.08430454799504467
81 0.508605284104971 0.6570019480777279 0.01511983741215488 0.08919176816867051
