81 0.6199422686853826 0.32198301582916145 0.054981226953289976 0.0647556459935808
81 0.9395211006616299 0.5803992889317975 0.05498122695329002 0.06597747234394795
81 0.832307557030888 0.3219830158291616 0.05360669434263916 0.06231199329284669
81 0.6213168012960336 0.7148001874721756 0.05498122695329002 0.06597747234394795
81 0.6233786002120094 0.5828429416325318 0.05498122695329002 0.06597747234394795
81 0.9443319647989062 0.7154111006473594 0.054981226953289976 0.0647556459935808
81 0.9436446984935809 0.3183175367780603 0.054981226953289976 0.0647556459935808
81 0.5216631870238697 0.45149660896807114 0.0384868356254842 0.06475564599358072
81 0.9402083669669525 0.4508856957928878 0.054981226953289886 0.06597747234394777
81 0.5196013881078939 0.5846756811580822 0.0384868356254842 0.06475564599358072
81 0.5192577549552311 0.3183175367780602 0.03505050409885812 0.0647556459935806
81 0.5192578968271708 0.7166260341959624 0.03367600150889004 0.06475566730054169
56 0.564273776395177 0.3207612640531565 0.05360669627945781 0.06475566730054158
56 0.5663355753111528 0.5822321030317102 0.05360669627945781 0.06475566730054158
10 0.6216604320276734 0.45332704734187373 0.05291943094254172 0.06597747234394795
10 0.5646173286856766 0.6488192634006046 0.05566849616384297 0.06597747234394785
10 0.6745799375377187 0.38979207712278596 0.05291943094254172 0.06597747234394795
10 0.9845370412394103 0.3836829453709499 0.029552376561480274 0.06597747234394764
10 0.8841961606619237 0.6488192634006056 0.05291943094254172 0.06597747234394795
10 0.884883426967249 0.45210522099150663 0.05291943094254172 0.06597747234394795
10 0.9848801625878453 0.6506485618520145 0.028865144150477137 0.0696428874741673
85 0.6220040646961316 0.6494267568086078 0.056355757627122284 0.062312057213728594
85 0.519601529495629 0.5168609095990088 0.037112328193470816 0.061090252170322115
85 0.6189113706800089 0.3873495749979259 0.05291943094254165 0.061090252170322185
5 0.5656483070690093 0.38551686743281616 0.052232165605625484 0.062312057213728594
5 0.8859139540719234 0.38612776995451936 0.05498122695328988 0.06353386225713507
5 0.6762980263125052 0.5174718121207121 0.05360669627945768 0.06475566730054147
5 0.9831619992455549 0.517471812120712 0.03230147083505784 0.062312057213728594
73 0.5673664704112995 0.517471812120712 0.05291943094254158 0.062312057213728594
73 0.8852266887350072 0.5193045196858218 0.053606696279457536 0.063533862257135
73 0.9859110605932193 0.7196805468044787 0.02542881746589643 0.06353386225713521
51 0.563930143726719 0.7172369367176655 0.05429396161637392 0.06597747234394802
51 0.8841957907296331 0.5822274794212535 0.05291943094254151 0.062312057213728664
51 0.8876321174142134 0.32015029761057145 0.05291943094254137 0.06353386225713507
13 0.6220040646961316 0.5186936171641185 0.052232165605625484 0.05986844712691564
13 0.8323072577924657 0.38796047751962903 0.05223216560562562 0.06475566730054155
13 0.9862546932616775 0.31526307743694565 0.026116082802812742 0.06597747234394795
13 0.9841928972509291 0.5830938226442848 0.03161420549814181 0.06160113357297838
71 0.9415824463621294 0.6506485618520144 0.05773028830095456 0.06719927738735429
71 0.9419260790305874 0.38551686743281616 0.05291943094254151 0.062312057213728594
61 0.673892597633299 0.32381571274079074 0.05154490026870931 0.0684210824307608
61 0.9395206503513811 0.5156391045556024 0.05360669627945768 0.061090252170322115
61 0.5185706314902547 0.6512594643737176 0.03505053218272238 0.063533862257135
61 0.5209760601694612 0.3873495749979259 0.03711232819347068 0.06597747234394795
56 0.8329945231293817 0.5162500070773056 0.046734042910296265 0.062312057213728525
11 0.7532717440471104 0.45393792855661647 0.1594455581645409 0.06475570991446293
71 0.8862575867403814 0.7160151316742591 0.05841755363787058 0.06353386225713507
