81 0.24174107142857137 0.125 0.140625 0.16904761904761906
81 0.7995535714285714 0.12976190476190477 0.13928571428571432 0.16904761904761906
81 0.7975446428571428 0.8047619047619047 0.140625 0.17142857142857137
81 0.24642857142857139 0.807142857142857 0.13660714285714287 0.16666666666666657
81 0.014062499999999999 0.8107142857142857 0.025446428571428568 0.1785714285714286
73 0.932142857142857 0.6404761904761905 0.12857142857142861 0.16666666666666663
73 0.6575892857142857 0.29642857142857143 0.13392857142857145 0.16904761904761906
73 0.10312499999999998 0.6392857142857143 0.14464285714285713 0.16904761904761897
71 0.6582589285714284 0.12976190476190477 0.13526785714285716 0.16904761904761906
71 0.24441964285714282 0.3 0.13794642857142855 0.16666666666666669
10 0.9321428571428569 0.4654761904761905 0.13125000000000014 0.1785714285714286
10 0.9352678571428571 0.9464285714285714 0.12946428571428584 0.10714285714285708
10 0.10044642857142856 0.9464285714285714 0.14464285714285713 0.09761904761904759
10 0.38303571428571426 0.2976190476190476 0.13124999999999998 0.16190476190476186
10 0.2450892857142857 0.4714285714285715 0.13928571428571432 0.1666666666666667
5 0.09910714285714282 0.29523809523809524 0.1446428571428571 0.1761904761904762
5 0.9348214285714286 0.29523809523809524 0.12589285714285708 0.16666666666666663
53 0.38169642857142855 0.1285714285714286 0.1339285714285714 0.1761904761904762
67 0.015401785714285713 0.6416666666666667 0.028125 0.16428571428571423
67 0.9366071428571427 0.12023809523809524 0.12678571428571445 0.16428571428571426
35 0.7982142857142855 0.2976190476190476 0.13928571428571432 0.16190476190476186
35 0.24776785714285712 0.6392857142857143 0.13928571428571432 0.16428571428571423
35 0.7988839285714284 0.9464285714285714 0.1379464285714286 0.10238095238095227
8 0.10245535714285714 0.8119047619047619 0.14330357142857142 0.17142857142857137
8 0.7968749999999999 0.6345238095238095 0.13928571428571415 0.16904761904761892
8 0.09843749999999997 0.12023809523809526 0.1459821428571428 0.17380952380952383
67 0.9341517857142857 0.8083333333333332 0.12455357142857139 0.16428571428571417
11 0.5919642857142854 0.4678571428571429 0.42857142857142855 0.1690478681750502
