81 0.8612187047037112 0.36383391366111845 0.0587553809831196 0.06910455039165642
81 0.5183421964241278 0.3623842859640798 0.031847117550954436 0.06910455039165614
81 0.5199730002685019 0.6552090807658089 0.03673952908407488 0.06910455039165618
81 0.9753749738098726 0.6508601976746944 0.04733975407250167 0.07200380578573286
81 0.9738839171971866 0.5058974279708679 0.048970557916875365 0.06910455039165614
81 0.6288291568804509 0.6537594530687724 0.0587553809831196 0.06910455039165642
81 0.8604033027815241 0.5058974279708689 0.0587553809831196 0.06910455039165642
81 0.6263829511138903 0.3638339136611185 0.0587553809831196 0.06910455039165642
81 0.9770057776542468 0.3580354028729652 0.04570895022812707 0.06910455039165622
40 0.9205218834418549 0.3637200023343023 0.05875538098312041 0.0693323730452882
10 0.9213090976973841 0.43278320683833443 0.05918637314949476 0.07032635543506266
10 0.5666092615460917 0.43568246223241114 0.05918637314949476 0.07032635543506266
10 0.5176851462148777 0.5110631024784003 0.03309351163951683 0.0703263554350624
10 0.9221244996195672 0.7190846770033928 0.059186373149494625 0.060178961555795024
10 0.5674246634682777 0.7219839323974692 0.059186373149494695 0.0630782169498709
40 0.629423397221138 0.7196036019571973 0.0587553809831203 0.05918497916602073
45 0.5687118346441961 0.653184853174272 0.0620169886718666 0.07223162843936458
33 0.56463482503326 0.3640203904271261 0.06150444233078242 0.07009853278143066
2 0.6841666059228959 0.3652835413581565 0.05643731180182979 0.07200380578573289
2 0.9756727931047017 0.7182678855869742 0.04583708681339778 0.061856411906464626
33 0.9757709942121018 0.5778404757402703 0.048458011575789425 0.07154816047846879
5 0.569678664356934 0.5815228026759466 0.06094531357913838 0.07001584100618401
5 0.9203014908972922 0.57862354728187 0.060945313579138426 0.07291509640026066
52 0.6273792269173615 0.5827471080426024 0.057508986894558196 0.0739090787900344
52 0.8622149805071818 0.43488508294469896 0.05750898689455818 0.07100982339595785
42 0.9755671786877792 0.43354936657447724 0.04669907114614928 0.07368125613640295
70 0.6281777721695123 0.43656253329536887 0.059570782905307214 0.0710098233959583
70 0.9225378660789755 0.6511074324570327 0.059570782905307214 0.0710098233959583
70 0.5189139145964696 0.5829749306962342 0.035108725239702404 0.07100982339595813
2 0.5190477166800523 0.43776492621006924 0.03442145990278486 0.07200380578573276
33 0.5189723173907934 0.7206288038985396 0.03378077697643103 0.052703000416970014
73 0.6885174362041948 0.436941380383314 0.058708774873423186 0.07103036099803565
70 0.7994121758287568 0.3655307761404936 0.059570782905307214 0.0710098233959583
11 0.6416319655033464 0.5115957963774471 0.15411051537966672 0.07247996020207716
45 0.8598103208649117 0.5792538406253203 0.0620169886718666 0.07223162843936458
