81 0.621871515904068 0.336816587170815 0.0493581513258362 0.06220092591807162
81 0.9162316098135312 0.5774547848791677 0.0493581513258362 0.06220092591807162
81 0.9186778155800921 0.6977738837333441 0.0493581513258362 0.06220092591807162
81 0.9178624136579052 0.46003494141906776 0.0493581513258362 0.06220092591807162
81 0.6259485255150022 0.5803540402732442 0.0493581513258362 0.06220092591807162
81 0.5240232852416424 0.6992235114303824 0.0493581513258362 0.06220092591807162
81 0.5264694910082031 0.5818036679702825 0.0493581513258362 0.06220092591807162
81 0.5248386871638294 0.45713568602499133 0.0493581513258362 0.06220092591807162
81 0.8183833791511058 0.34116547026192967 0.0493581513258362 0.06220092591807162
81 0.9194932175022789 0.3368165871708149 0.0493581513258362 0.06220092591807162
3 0.8694252686316601 0.33892155728532947 0.050226489759297624 0.06075135633092617
3 0.9179416830017796 0.5194002055665937 0.04941108783711082 0.05640247323981176
3 0.5762882776054771 0.582459010387758 0.04778028399273728 0.060751356330925856
3 0.5758805766443843 0.700603667696378 0.051857293603671195 0.059301728633888
39 0.525813387984441 0.5201162748321402 0.0475367278273397 0.059301767373815914
39 0.9710228374984767 0.33456392961124165 0.0475367278273397 0.059301767373815914
39 0.9180217125563297 0.6375361182922402 0.0475367278273397 0.059301767373815914
39 0.8185426780495304 0.40124680367500204 0.0475367278273397 0.059301767373815914
10 0.6238889275959126 0.4582552326216392 0.04816151449726279 0.05997952031268
10 0.5749648122646999 0.639458694751423 0.04816151449726279 0.05997952031268
10 0.9679885387587757 0.6394586947514231 0.04816151449726279 0.05997952031268
10 0.6719976410049385 0.39882049704307 0.04816151449726279 0.05997952031268
10 0.8676941023297894 0.4597048603186774 0.04816151449726279 0.05997952031268
10 0.9720655483697095 0.3959212416489936 0.04816151449726279 0.05997952031268
57 0.6250064293373324 0.5206322590862478 0.049358146923976214 0.05819099677624571
57 0.9193665232467957 0.39741390483799494 0.049358146923976214 0.05819099677624571
57 0.5263427967527201 0.6409513579404242 0.049358146923976214 0.05819099677624571
57 0.5711899024729984 0.33507991386534924 0.049358146923976214 0.05819099677624571
5 0.5727306346087542 0.3966435482588395 0.0521855666056698 0.060883166569744816
5 0.9673851649472033 0.5198619025070924 0.0521855666056698 0.060883166569744816
5 0.8679061304404041 0.4024420590469919 0.04892395891692165 0.06088316656974477
51 0.52434098740478 0.39473656249328637 0.04264431629421674 0.06220098402796438
51 0.8684405985676424 0.5802889077141846 0.044275120138590356 0.062200984027964326
51 0.6715210343595107 0.3382010823087931 0.049982933593899596 0.062200984027964264
81 0.5242143612484894 0.33503561058007236 0.044846975375035215 0.06233276577378632
10 0.9681994174613385 0.7416481873137252 0.0521855713454957 0.02029438885658152
73 0.8674984235545281 0.519042462271273 0.04973937268867545 0.059433567365703155
73 0.9686082619057009 0.7002459244010568 0.04973937268867545 0.059433567365703155
73 0.5763999373338123 0.5204920899683113 0.04973937268867545 0.059433567365703155
65 0.9684853178255576 0.5804947578689685 0.0516137374382694 0.0593017286338876
65 0.6223472018572263 0.3992912957391814 0.0459059239829632 0.05930172863388739
11 0.7460030394668457 0.4618755409337074 0.16389531000694718 0.060883166569744844
5 0.5755845330417116 0.7401985881096838 0.05300097089776891 0.017395190448498424
