81 0.8551810876560318 0.6873586347359599 0.103125 0.1261904761904762
81 0.6549686413445883 0.18734880684813868 0.103125 0.1261904761904762
81 0.0515625 0.9274763486933884 0.103125 0.1261904761904762
81 0.0515625 0.6788838918904037 0.103125 0.1261904761904762
81 0.04600104315801546 0.17604914972073032 0.09200208631603092 0.12619047619047624
81 0.25613273639083944 0.6704091490448475 0.103125 0.1261904761904762
81 0.8551810876560322 0.4331163493692712 0.103125 0.1261904761904762
81 0.8615370383325858 0.17887406400258235 0.103125 0.1261904761904762
81 0.2497767857142857 0.18452389256628657 0.103125 0.1261904761904762
81 0.0515625 0.427466520805567 0.103125 0.1261904761904762
81 0.8551810876560322 0.9303012629752403 0.103125 0.1261904761904762
10 0.7526794168742111 0.43332693906260006 0.10178571428571427 0.11904761904761914
10 0.35225452425132386 0.3118556249429599 0.10178571428571426 0.11904761904761914
10 0.1520420779398802 0.803390709985225 0.10178571428571426 0.11904761904761914
10 0.2553262764338789 0.43050202478074795 0.10178571428571426 0.11904761904761914
10 0.9536863570202243 0.8062156242670767 0.08748482526346832 0.11904761904761914
10 0.9570520812028349 0.3062057963792556 0.08589583759432991 0.11904761904761914
57 0.25948094690224294 0.5571428156216186 0.10178571428571428 0.11993554284941861
57 0.14507383472427507 0.18142921613528956 0.10178571428571428 0.12558537141312273
57 0.05089285714285714 0.8029103581427514 0.10178571428571431 0.11428571428571428
57 0.8617072735057123 0.3043129873958559 0.10178571428571428 0.1227604571312706
39 0.8551350627518512 0.8040196256386579 0.1004464285714285 0.11577874286486663
39 0.05022321428571425 0.5554271688356738 0.1004464285714285 0.1157787428648676
39 0.9584192612458502 0.17830111220841843 0.08137857654176765 0.12990331427412782
39 0.6533336287712695 0.31530945487824524 0.10044642857142856 0.12142857142857148
73 0.7526785714285714 0.5623487238056616 0.10178571428571431 0.12380952380952387
73 0.9546685996991274 0.9352374090101385 0.0906628006017452 0.12380952380952386
73 0.15204123249424034 0.5595238095238095 0.10178571428571431 0.12380952380952387
51 0.3529017857142857 0.1869047619047619 0.09776785714285711 0.12142857142857144
51 0.2575625255659792 0.799911161066667 0.09776785714285711 0.12142857142857143
51 0.049405140908843306 0.30272624746069793 0.09776785714285711 0.12142857142857143
51 0.7549156660063114 0.6840896755107311 0.09776785714285711 0.12142857142857143
5 0.14856990601765532 0.3079095489949841 0.10010593220338983 0.12429378531073447
5 0.955775641939984 0.5536770915161163 0.08739403085028241 0.12429378531073444
5 0.7523852202902632 0.31355937755868823 0.10010593220338983 0.12429378531073447
3 0.8568932986118181 0.5604182106388194 0.10178571428571442 0.11904761904761903
3 0.15456074885262688 0.6818895247584597 0.10178571428571442 0.11904761904761903
3 0.15297176118348838 0.92483215299774 0.10178571428571442 0.11904761904761903
3 0.7551980877869577 0.18752952543434248 0.10178571428571442 0.11904761904761903
65 0.25105932203389836 0.3093220338983051 0.10487288135593226 0.11581920903954802
65 0.9552436440677967 0.684206407622429 0.08951271186440664 0.119825244623389
65 0.6530720338983051 0.5635593220338982 0.09851694915254235 0.12146892655367225
11 0.5076800847457628 0.43644067796610175 0.3130296610169492 0.1271186440677966
