81 0.6713932765695196 0.319854296475389 0.0603395763478842 0.07248007417406398
81 0.5466367824749268 0.4677163215732923 0.06033957634788416 0.07537932956814052
81 0.5474521843971136 0.6199272297623103 0.06360118403663254 0.07248007417406391
81 0.5462290815138329 0.31333097183871667 0.06278578211444648 0.0768289572651788
81 0.7937035648975516 0.31840466877835066 0.0603395763478842 0.07248007417406398
81 0.919275460914328 0.6228264851563862 0.06360118403663273 0.07537932956814075
81 0.9200908628365164 0.3169550410813121 0.0636011840366346 0.07537932956814011
17 0.6094229034870016 0.3162301844932983 0.06033957160805627 0.07392967337810563
17 0.5474523574007987 0.5438217329283066 0.06033957160805627 0.07392967337810563
17 0.9188679329569198 0.7003815242084386 0.06441658121899159 0.07682892877218252
17 0.8581204897539993 0.3191294398873748 0.06033957160805627 0.07392967337810563
82 0.5466377908731251 0.39160938584295335 0.0619703873019993 0.07682907123716574
82 0.9751303207654003 0.624999445066113 0.04810855462481966 0.07682907123716563
5 0.6106467161593799 0.39216442918333627 0.061154966420502596 0.07392955940611863
5 0.9763534331283359 0.39071480148629767 0.04729313374332329 0.07392955940611856
87 0.6726170513232778 0.3945086127440324 0.05952417679561331 0.0739296448851089
87 0.9192761327848082 0.39378379889551296 0.06197038256217404 0.07537927258214709
87 0.609831103314888 0.6192009057849642 0.0595241767956133 0.0739296448851089
73 0.6106466711310197 0.5452672148943205 0.061154975900157164 0.07392964488510961
73 0.8560826497092703 0.395955562099379 0.06278577974453095 0.07392964488510963
73 0.9747226245441294 0.5467168425913574 0.048923947067351745 0.07392964488510893
10 0.8560816424960322 0.54526443682714 0.061154980639982176 0.07103036099803554
10 0.6726162100039841 0.4698837965811499 0.061154980639982155 0.07392961639211196
10 0.6098302619955949 0.6945760896220818 0.061154980639982176 0.07103036099803554
10 0.9751303231353142 0.46988379658114954 0.04973935372936176 0.07972812718026635
10 0.975538024096409 0.7018242281072727 0.047293147962803206 0.07103036099803751
62 0.9751303219503581 0.31550119642075886 0.04484694456615646 0.07827858496221762
62 0.9176444864361812 0.5459920002498425 0.06360118877645837 0.07248007417406656
62 0.5450058079967773 0.6924043976507079 0.06360118877645837 0.07248007417406656
87 0.8540439790098587 0.6228249750275602 0.06360118640654702 0.07537927258214751
11 0.8230582367238851 0.47206235536473484 0.20221918613025008 0.07827835701824319
