62 0.976761125794732 0.32709821799706496 0.04484694456615646 0.07827858496221762
5 0.9763534331283388 0.4052110784566795 0.04729313374332276 0.07682881480019506
10 0.9759457250575041 0.48293044585449296 0.04810854988499165 0.07972812718026553
73 0.9763534283885116 0.5583138641676628 0.047293143222977306 0.07392964488510938
82 0.9759469029045185 0.6365964666424201 0.0448469469360764 0.07682907123716563
10 0.9763534260185984 0.7134212496835768 0.04729314796280356 0.0739296163921117
17 0.9213141387234833 0.7127033596332655 0.06278577737461702 0.07537930107514372
81 0.920090862836518 0.6344235067326937 0.06360118403663167 0.07537932956814061
62 0.9184598883583681 0.5575890218261488 0.06360118877645837 0.07248007417406656
10 0.8556739415349393 0.5583110861004849 0.0636011864065432 0.07103036099803563
87 0.8536362780487656 0.6344219966038664 0.0627857844843602 0.0753792725821475
87 0.6139081129258226 0.6329723689068281 0.06278578448436077 0.07248001718807093
87 0.9204992356680897 0.4053808204718198 0.06441658832873419 0.07537927258214754
87 0.6730247522843713 0.40828007586589615 0.06197038256217394 0.07537927258214747
81 0.547452184397114 0.32710243496058033 0.06360118403663167 0.07248007417406398
81 0.547452184397114 0.631524251338617 0.06360118403663167 0.07248007417406398
81 0.5482675863193007 0.47931334314959867 0.06360118403663167 0.07248007417406398
81 0.674654884258267 0.33290094574873336 0.06360118403663167 0.07248007417406398
81 0.9192754609143309 0.32710243496058033 0.06360118403663167 0.07248007417406398
81 0.7937035648975512 0.3343505734457717 0.06360118403663167 0.07248007417406398
62 0.5474520137633376 0.7097999300151672 0.06360118877645837 0.07248007417406656
17 0.5494908622062661 0.5561435683531317 0.0627857773746171 0.0724800456810673
17 0.8568973868707183 0.3321760891607189 0.06278577737461706 0.07682892877218213
17 0.6114614082924689 0.33145127531219976 0.0627857773746171 0.0724800456810673
82 0.5466377908731253 0.4046560351162978 0.0619703873019993 0.07682907123716574
5 0.6114621180815668 0.40521107845668086 0.061154966420502596 0.07392955940611863
73 0.8568980516314575 0.40755258367568503 0.06278577974453095 0.07392964488510963
73 0.6122774749753938 0.558313864167665 0.06278577974453095 0.07392964488510963
10 0.6754701167316383 0.4822056320059756 0.06360118640654315 0.07537924408915055
10 0.6118687668010623 0.7061731111983884 0.0636011864065432 0.07103036099803563
11 0.8271352463348195 0.48220974924400273 0.20221918613025008 0.07827835701824319
