81 0.5251621308579499 0.3361670897377008 0.04623421357435751 0.06331167714567816
81 0.6307512268579216 0.5871968671767537 0.04998293887613252 0.06331167714567822
81 0.9381467016034029 0.3372778409653071 0.05373166417790612 0.06553317960089095
81 0.935335157627072 0.4655696077538498 0.05185730152701897 0.0644224283732845
81 0.6279396828815912 0.33783321657911025 0.0493581513258362 0.06220092591807162
81 0.5273488872839849 0.7154886339652964 0.0493581513258362 0.06220092591807162
81 0.5273488872839849 0.5888629940181636 0.0493581513258362 0.06220092591807162
81 0.5260993121833935 0.46112660284342405 0.0493581513258362 0.06220092591807162
81 0.9350227638519241 0.5899737452457696 0.052482089077314956 0.06220092591807156
81 0.8322452118282826 0.3411654702619296 0.0493581513258362 0.06220092591807162
81 0.9353351576270703 0.7143778827376899 0.05185730152701971 0.06220092591807207
10 0.6797968316640782 0.40296242589143866 0.050607720263823805 0.059979520312679994
10 0.8828527855101784 0.46516449463739884 0.050607720263823805 0.059979520312679994
10 0.578581248516176 0.6517707008752793 0.050607720263823805 0.059979520312679994
10 0.629189040090127 0.46405374340979244 0.050607720263823805 0.059979520312679994
10 0.8828527855101781 0.6506599496476727 0.050607720263823805 0.059979520312679994
10 0.9806316132323637 0.6539878257185806 0.037487200195425036 0.06442244774324876
10 0.9815687910363183 0.4007409912311005 0.03436327124766525 0.06442250585314149
5 0.5770194244616215 0.4001855962473331 0.05373165361344242 0.06331171588560665
5 0.8831648927242587 0.4001855962473331 0.04998293359390004 0.05886878845503773
5 0.9803192198974017 0.5284751258050097 0.035612840185653735 0.059979520312679994
73 0.5788937844713926 0.5262536620897252 0.05248208027359489 0.059979520312679856
73 0.882852499389297 0.5268090280185462 0.050607720263823666 0.061090252170322046
73 0.9803192198974017 0.7195210053194717 0.035612840185653735 0.05997952031268014
51 0.6788596516591926 0.339650710005832 0.04998293359390004 0.062200984027964416
51 0.5260993108628358 0.4007409621761542 0.04935814692397621 0.059979520312679994
51 0.6307510780750633 0.650655610775689 0.051232510455234755 0.059979597792536754
51 0.8834772860592206 0.590676109832974 0.049358146923976276 0.06220098402796438
3 0.5792061786867265 0.5884546461176896 0.051857293603671195 0.06220098402796452
3 0.5792061786867265 0.7139695348372161 0.051857293603671195 0.06220098402796452
3 0.8841025032310248 0.3396463711338491 0.051857293603671195 0.06220098402796452
3 0.9347102948049758 0.5262525773717295 0.051857293603671195 0.06220098402796452
39 0.5270364908677206 0.5273644133173317 0.04998293359389994 0.062201022767892515
39 0.831308027861722 0.4040710270530179 0.049982933593899916 0.059979520312679634
39 0.9337731861102165 0.6539900532644647 0.04998293359389994 0.062201022767892515
39 0.9828183665770968 0.33520778257526307 0.03311369350595882 0.062200984027964486
57 0.5273488850830552 0.650100264216833 0.0493581469239762 0.06109025217032225
57 0.5760823140061192 0.3379791692594259 0.0493581469239762 0.06109025217032225
57 0.6304388308818445 0.5268068779525191 0.0493581469239762 0.06109025217032225
57 0.936584730526732 0.40295811607440213 0.05185729712515979 0.0644225058531413
65 0.6288767171849207 0.40074092343622575 0.04998293359389991 0.062200984027964444
65 0.9812564087060057 0.5929008858121373 0.037487182587983746 0.06220098402796428
11 0.7544588479638713 0.4662741417770452 0.15744622233297334 0.06220098402796442
65 0.8313078834807252 0.5273665633833589 0.04998293359389991 0.062200984027964444
81 0.6314393976326103 0.7138158825961277 0.05055477224094886 0.0637823649778278
