81 0.678655843299441 0.3298638475456657 0.11368035969945524 0.14196921905534343
81 0.9170039936702071 0.9033214467616416 0.11368035969945524 0.14196921905534343
81 0.9185929813393457 0.6151801900127276 0.11368035969945524 0.14196921905534343
81 0.9170039936702069 0.32986384754566545 0.11685833503773217 0.14196921905534338
81 0.20672650556532382 0.9117961896071978 0.11368035969945524 0.14196921905534343
81 0.20672650556532382 0.33268876182751783 0.11685833503773212 0.14196921905534343
81 0.4418966805978132 0.3298638475456657 0.11368035969945524 0.14196921905534343
33 0.08443156466303373 0.3321642284883916 0.12187499999999997 0.13914430477349135
33 0.9170611032915772 0.7587262850480583 0.12187499999999997 0.13914430477349135
2 0.3333921843546249 0.33474415249295547 0.12702796511188535 0.14285714285714277
40 0.7982821633099263 0.33061036183524267 0.11785714285714277 0.13958826667439098
10 0.08535090947502938 0.478370818966513 0.12053571428571429 0.14285714285714285
10 0.7972173852490512 0.4727209904028086 0.12053571428571429 0.14285714285714285
70 0.20654386376860734 0.47706194259065193 0.11785714285714284 0.14523809523809522
73 0.33368642913223856 0.47457610461207095 0.1271186209763416 0.14124304890268727
52 0.6755672815053458 0.4742140189819618 0.1151785714285714 0.14285714285714285
52 0.2084049067786439 0.7651801900127279 0.1151785714285714 0.14285714285714285
42 0.9208156779661019 0.4774011299435028 0.11917372881355945 0.1355932203389831
5 0.0858030111331109 0.7711866627771259 0.117584745762712 0.14689265536723184
45 0.08627025428702492 0.9187055999304806 0.11919642857142858 0.14047619047619037
11 0.29078389830508483 0.6257061591644756 0.4067796610169492 0.14971762517387358
