81 0.9209062647587047 0.32710243496058033 0.06360118403663167 0.07248007417406398
81 0.5490829882414884 0.48076297084663694 0.06360118403663166 0.0782785849622171
81 0.547452184397114 0.32710243496058033 0.06360118403663167 0.07248007417406398
81 0.6730240804138936 0.33145131805169514 0.0603395763478842 0.07248007417406398
81 0.7920727610531779 0.33290094574873336 0.06360118403663167 0.07248007417406398
81 0.547452184397114 0.6329738790356554 0.06360118403663167 0.07248007417406398
81 0.920090862836518 0.6344235067326937 0.06360118403663167 0.07537932956814061
62 0.976761125794732 0.32709821799706496 0.04484694456615646 0.07827858496221762
17 0.8564896859096263 0.33145127531220014 0.060339571608056294 0.07248004568106736
17 0.6094229034870018 0.3300016476151618 0.060339571608056294 0.07248004568106736
17 0.9213141387234833 0.7127033596332655 0.06278577737461702 0.07537930107514372
17 0.5466369554786121 0.5604924514442466 0.060339571608056294 0.07248004568106736
82 0.5466377908731253 0.4046560351162978 0.0619703873019993 0.07682907123716574
82 0.9759469029045185 0.6365964666424201 0.0448469469360764 0.07682907123716563
10 0.9763534260185984 0.7134212496835768 0.04729314796280356 0.0739296163921117
73 0.9763534283885116 0.5583138641676628 0.047293143222977306 0.07392964488510938
10 0.9759457250575041 0.48293044585449296 0.04810854988499165 0.07972812718026553
5 0.9763534331283388 0.4052110784566795 0.04729313374332276 0.07682881480019506
87 0.9213146375902767 0.4053808204718198 0.06441658832873419 0.07537927258214754
87 0.6114619071592626 0.6300731135127517 0.06441658832873419 0.07537927258214754
87 0.6746555561287455 0.4046560066233004 0.0603395787177994 0.07103038949103241
87 0.853228577087672 0.6344219966038662 0.06360118640654702 0.07537927258214751
73 0.8568980516314575 0.40755258367568503 0.06278577974453095 0.07392964488510963
5 0.6114621180815668 0.40521107845668086 0.061154966420502596 0.07392955940611863
62 0.5474520137633376 0.7097999300151672 0.06360118877645837 0.07248007417406656
62 0.9184598883583681 0.5575890218261488 0.06360118877645837 0.07248007417406656
73 0.6122774749753936 0.558313864167665 0.06278577974453095 0.07392964488510963
10 0.6118687668010623 0.7061731111983884 0.0636011864065432 0.07103036099803563
10 0.6754701167316388 0.48003119046041826 0.0636011864065432 0.07103036099803563
10 0.8536354367294717 0.5583110861004846 0.061154980639982176 0.07103036099803554
11 0.8271352463348195 0.48220974924400273 0.20221918613025008 0.07827835701824319
