81 0.934709792992968 0.5905246463978411 0.053106866943518724 0.06331171588560658
81 0.5273483102001763 0.7138180326621544 0.051857291842927686 0.06331171588560655
81 0.6316878310995558 0.5866370171012183 0.05310686694351862 0.06220096465800031
81 0.9384585182947421 0.33838411773118127 0.053106866943518724 0.06331171588560658
81 0.9353345805432636 0.4650097576783143 0.053106866943518724 0.06331171588560658
81 0.934709792992968 0.7160395351173677 0.053106866943518724 0.06331171588560658
81 0.5260987350995848 0.5883031439426275 0.051857291842927686 0.06331171588560655
81 0.6279391057977829 0.3394948689587877 0.053106866943518724 0.06331171588560658
81 0.5248491599989936 0.4638990064507078 0.053106866943518724 0.06331171588560658
81 0.5251621308579502 0.3339455872824878 0.04623421357435752 0.06553317960089103
81 0.8316199924555494 0.3389438806418778 0.050607720263823666 0.06220098402796438
10 0.5782689969210959 0.6505041570255387 0.051232506933747396 0.06109027154028673
10 0.9806316220360823 0.6549471619359631 0.03873675592783204 0.0610902715402866
10 0.9815688033615234 0.40114050642789456 0.036862393276943524 0.06442252522310545
10 0.8825405339150977 0.46445332640146136 0.05123250693374739 0.06442252522310611
10 0.6794845800689978 0.4016958820416982 0.051232506933747396 0.06109027154028673
10 0.6307511511459335 0.4638979507876584 0.05123250693374739 0.06331177399549945
81 0.6323130438695014 0.7115944188808432 0.05185729360367133 0.06109025217032225
5 0.5767070311266596 0.40114486466984217 0.051857293603671195 0.06220098402796445
5 0.8837896793941824 0.4017002305986634 0.05123250693374757 0.061090252170322185
5 0.9803192198974017 0.5266575645834134 0.036862413525501125 0.06220098402796445
73 0.8822277127193731 0.5283236623698767 0.051857293603671334 0.058868788455037804
73 0.5788937844713926 0.5261021986545922 0.05248208027359489 0.061090252170322115
73 0.9803192198974017 0.7182588100266966 0.036862413525501125 0.06331171588560651
39 0.5270364908677214 0.5266575645834132 0.04873336025405237 0.05775805659739554
39 0.934709792992968 0.6532809963546264 0.053106866943518724 0.06220098402796445
39 0.9828183665770968 0.33505631914013007 0.031864120166111294 0.06331171588560658
39 0.8313075991205875 0.4028109624563056 0.051232506933747285 0.06109025217032226
51 0.6313758647449876 0.6499488007816998 0.05248208027359503 0.05997952031267978
51 0.6801092249990401 0.3394992465706989 0.04998293359390004 0.061090252170322115
51 0.5264117041977977 0.4005894987410211 0.0499829335938999 0.06331171588560658
57 0.629501502534286 0.5255468036708244 0.05123251133560709 0.06220104213785702
57 0.5751449856585606 0.3378298462053377 0.05123251133560709 0.06220104213785702
57 0.5276611318360881 0.6532831948455639 0.05123251133560709 0.06220104213785702
57 0.9362721897294712 0.40225341740651066 0.05123251133560709 0.06220104213785702
51 0.8816029260494492 0.58996928046902 0.049358146923976276 0.06220098402796438
65 0.6291891114002545 0.4028109624563056 0.04935814692397614 0.05886878845503773
65 0.9806316132323635 0.5910799542167695 0.0362376268555775 0.06442244774324891
65 0.8316199955368492 0.5288790186137156 0.0518572909625551 0.06220108087778528
3 0.5792061773661663 0.7154819900675726 0.04935814780434797 0.06220108087778547
3 0.5782689960407228 0.5888563501204392 0.04998293535464365 0.06220108087778545
3 0.8844148956856125 0.33782657268138605 0.05123251045523508 0.06220108087778545
3 0.9359598685850062 0.5283204082158889 0.05310687310612241 0.06553333456060456
11 0.7557084120598138 0.46501194648426997 0.15494709414108995 0.06109025217032226
