81 0.6233786184840673 0.3139557673474612 0.06872653369161241 0.08796996312526396
81 0.7622061934270209 0.31456664856220384 0.06735200301778008 0.08186093790823168
81 0.9017210568209941 0.31212303847539097 0.0701010643654449 0.07941732782141883
10 0.6931360270669505 0.39948209907895177 0.06666473768086405 0.08552635303845114
10 0.6247531260437961 0.48439754959569953 0.0701010643654449 0.08674815808185748
10 0.9673548964964841 0.48378664707399627 0.061166614985534974 0.08552635303845094
10 0.9687294271703163 0.7165405504568453 0.06254114565936746 0.0696428874741673
10 0.552933898336061 0.7250931431467689 0.07078832970236071 0.04765039669285116
5 0.5515593676622288 0.39642758647043563 0.07216286037619297 0.08674815808185762
5 0.9676985291649421 0.39764939151384204 0.06185388032245115 0.08430454799504475
8 0.5508721023253127 0.3109012334319845 0.07216286037619297 0.0843045479950446
8 0.5525902656676029 0.6566720607160081 0.07147559503927688 0.08430454799504453
73 0.5532775310045192 0.5699239026341506 0.07147559503927696 0.08186093790823179
71 0.62406586070688 0.4000930016006549 0.07010106436544454 0.08186093790823179
53 0.6938232924038665 0.31456664856220384 0.06941379902852873 0.0843045479950446
67 0.9683857945018581 0.3084576233451716 0.06047934964861909 0.08186093790823165
35 0.9003465261471619 0.39764939151384204 0.06872653369161241 0.08186093790823179
11 0.8048166443158206 0.48561933333214524 0.24329192926830776 0.0867482006957784
