81 0.6206751376585816 0.36238428596408007 0.0587553809831196 0.06910455039165642
81 0.6214905395807685 0.6494105699776576 0.0587553809831196 0.06910455039165642
81 0.8563262931705898 0.36093465826704185 0.0587553809831196 0.06910455039165642
81 0.8563262931705893 0.5037229864253114 0.05875538098311958 0.07055417808869469
81 0.853880087404029 0.6450616868865428 0.0587553809831196 0.06910455039165642
81 0.9717056651600324 0.5029981725767922 0.05630917521655852 0.072003805785733
81 0.9729287680433125 0.35658577517592677 0.05386296944999783 0.07200380578573277
81 0.9725210670822194 0.6479609422806187 0.05467837137218463 0.0691045503916563
81 0.5167113925797525 0.6552090807658076 0.02858550986220667 0.07200380578573243
81 0.5142651868131926 0.36020984441852233 0.025323902173460314 0.07345343348277074
10 0.5600860461685966 0.43133357914129616 0.05918637314949476 0.07032635543506266
10 0.9156012842420758 0.42988395144425773 0.05918637314949476 0.07032635543506266
10 0.7973680055249782 0.5038149639932097 0.05918637314949476 0.07032635543506266
10 0.5617168500129681 0.7190846770033928 0.05918637314949457 0.057279706161718166
10 0.916416686164261 0.7154606077607967 0.059186373149494695 0.06452784464690943
70 0.7957428671789153 0.3611818930493788 0.058755380983120414 0.07100982339595827
70 0.6204314539087363 0.43511290559833055 0.058755380983120414 0.07100982339595827
70 0.9147915478181996 0.6467585493659179 0.058755380983120414 0.07100982339595827
70 0.5164677088299086 0.5815253029991958 0.03021631370658167 0.07390907879003437
33 0.5161184106631385 0.7199039900500204 0.028072963521123692 0.05415262811400824
45 0.5621886192666997 0.6531848531742712 0.05875538098311937 0.06933237304528746
45 0.8545102083706962 0.5749049575342048 0.05793997906093127 0.06933237304528736
5 0.5615246451350653 0.5815228026759466 0.06094531357913838 0.07001584100618401
5 0.9145936774419837 0.5742746641907551 0.06094531357913838 0.07001584100618401
33 0.5589270115779518 0.3611211350330496 0.06150444233078242 0.07009853278143066
33 0.9725093865233556 0.5756660341947132 0.05498122695328637 0.07009853278143059
52 0.8556917651296867 0.43198582755062226 0.05750898689455818 0.07100982339595785
52 0.6224868153842393 0.5783982249514876 0.05750898689455818 0.07100982339595785
10 0.5164620433315966 0.5081638470843236 0.03064730587295626 0.07612486622321532
2 0.5149707070691174 0.4334160431189543 0.027898244525290473 0.07200380578573261
2 0.9728188863770468 0.716093444041417 0.051544900268706687 0.06330603960350287
2 0.679681895350863 0.3638339136611167 0.05725271372401525 0.06910455039165547
73 0.6811788189045128 0.43549175268627566 0.058708774873423186 0.07103036099803565
5 0.7951372958416055 0.43511040527508144 0.05849910781257736 0.07001584100618402
40 0.91644487383092 0.35937111924318743 0.05875538098312041 0.0693323730452882
