81 0.9664055526658194 0.414570883057458 0.0587553809831196 0.06910455039165642
40 0.9058446488424914 0.4173562271247183 0.05875538098312041 0.0693323730452882
81 0.8457260681821609 0.41602051075449625 0.0587553809831196 0.06910455039165642
81 0.5089650743189782 0.4160205107544918 0.01635448102940467 0.0691045503916559
81 0.5110035791244459 0.7102949332532618 0.01553907910721676 0.0691045503916561
81 0.9647747488214453 0.5580840250642466 0.0587553809831196 0.06910455039165642
81 0.9655901507436322 0.7044964224651119 0.0587553809831196 0.06910455039165642
81 0.6100749126701529 0.70594605016215 0.0587553809831196 0.06910455039165642
81 0.6117057165145265 0.41602051075449625 0.0587553809831196 0.06910455039165642
10 0.9050010592536465 0.48786905932578895 0.05918637314949476 0.07032635543506266
10 0.5494858211801673 0.48786905932578883 0.05918637314949476 0.07032635543506266
5 0.5501090182244492 0.6380582828604391 0.060945313579138426 0.07291509640026066
5 0.9039934524535547 0.6308101443752476 0.060945313579138426 0.07291509640026066
52 0.6102557865514371 0.6349337051359801 0.057508986894558196 0.0739090787900344
52 0.8450915401412586 0.4870716800380769 0.05750898689455825 0.07390907879003498
70 0.6118697337257748 0.48874913038874657 0.059570782905307214 0.0710098233959583
70 0.9041913228297709 0.7032940295504108 0.0603861848274934 0.07100982339595834
33 0.5491421885117095 0.41620698752050395 0.06150444233078242 0.07009853278143066
33 0.9658125707492043 0.632201514379206 0.06150444233078242 0.07009853278143066
2 0.6703047732457192 0.41602051075449586 0.05643731180182979 0.07200380578573289
73 0.6713939958382704 0.4891279774766917 0.058708774873423186 0.07103036099803565
45 0.5507729923560849 0.7111699610558029 0.0620169886718666 0.07223162843936458
42 0.9670054585048186 0.4871855913648937 0.05893009997895345 0.07078200074232674
11 0.6285855347483564 0.563782393470825 0.15411051537966672 0.07247996020207716
