81 0.2239220383275261 0.17421602787456447 0.11073606271777002 0.1393728222996516
81 0.680095818815331 0.17334494773519166 0.11367595818815339 0.13414634146341464
81 0.9241071388734405 0.1628920449729506 0.12543554803708792 0.14808391824454353
81 0.22539198606271768 0.4538327084305658 0.1117160278745644 0.13763075038625508
81 0.22294207317073167 0.7273519163763066 0.10877613240418114 0.13414634146341456
81 0.024499128919860624 0.7212543554006967 0.04899825783972125 0.13240418118466907
81 0.026459059233449475 0.44163763066202094 0.05291811846689895 0.1376306620209059
81 0.9192073170731706 0.7482578397212544 0.1254355400696865 0.14459930313588856
81 0.2195121951219512 0.9677700348432055 0.11367595818815332 0.06097560975609767
10 0.10436628919860626 0.8658536585365855 0.11269599303135887 0.13937282229965164
10 0.7957317073170731 0.896341463414634 0.1195557491289199 0.13763066202090599
10 0.7957317073170731 0.6045296167247387 0.1195557491289199 0.13937282229965156
10 0.4517639372822299 0.45993031358885017 0.07447735191637633 0.12891986062717764
10 0.10926611498257838 0.5844947735191637 0.11661585365853659 0.13763066202090585
5 0.3371080139372822 0.3144599303135889 0.10975609756097558 0.1376306620209059
5 0.10632621951219509 0.9695121951219512 0.11073606271777 0.054006968641114955
64 0.8006315331010453 0.171602787456446 0.11563588850174213 0.13763066202090593
64 0.9206772648083623 0.603658536585366 0.12249564459930326 0.1376306620209059
64 0.10779616724738673 0.7238675958188153 0.11367595818815329 0.1341463414634147
51 0.7972016550522647 0.749128919860627 0.11465592334494787 0.13588850174216036
51 0.22196210801393726 0.8702090592334496 0.10681620209059232 0.13066202090592327
51 0.3356380662020905 0.17334494773519166 0.10877613240418121 0.13414634146341464
51 0.0274390243902439 0.3048780487804878 0.048998257839721254 0.14285714285714285
73 0.10926611020213726 0.31097569812144665 0.11465592334494773 0.1411149825783972
73 0.7991615853658536 0.3153310104529617 0.1185757839721255 0.13588850174216027
73 0.3371080139372822 0.5923344947735191 0.10779616724738673 0.12543554006968635
38 0.22490200348432055 0.5932055749128919 0.1068162020905923 0.1236933797909407
38 0.11024608013937282 0.16637630662020908 0.11661585365853658 0.13066202090592335
38 0.9241071428571428 0.31097560975609756 0.12347560975609753 0.13066202090592335
20 0.678135888501742 0.3162020905923345 0.11367595818815332 0.1411149825783972
20 0.9192073170731706 0.8998257839721253 0.1254355400696865 0.14111498257839727
20 0.3361280487804878 0.7299651567944251 0.10975609756097562 0.1358885017421602
54 0.22588196864111496 0.3162020905923345 0.10877613240418117 0.13414634146341464
81 0.025479094076655048 0.16202090592334495 0.050958188153310095 0.12891986062717772
38 0.025479094076655048 0.8632404181184669 0.04899825783972125 0.13763066202090599
11 0.747223432055749 0.46080139372822304 0.3576872822299651 0.1376306620209059
