81 0.04481456043956044 0.27747252747252743 0.08962912087912088 0.15384615384615383
81 0.27815934065934067 0.282967032967033 0.117445054945055 0.14835164835164835
81 0.7564388736263737 0.2925824175824176 0.11899038461538466 0.1401098901098901
81 0.9727850274725276 0.2857142857142857 0.04481456043956044 0.14835164835164832
81 0.9713255494505495 0.5879120879120879 0.057348901098901166 0.14835164835164846
81 0.970467032967033 0.8859890109890111 0.058722527472527444 0.15659340659340656
81 0.7587568681318682 0.8777472527472528 0.11435439560439561 0.15109890109890117
81 0.7541208791208791 0.5865384615384616 0.12362637362637371 0.15109890109890117
81 0.0440418956043956 0.8777472527472528 0.08499313186813186 0.15109890109890117
10 0.15298763736263737 0.4299450549450549 0.12362637362637363 0.14010989010989014
10 0.046875 0.5785714285714286 0.08839285714285713 0.1523809523809524
10 0.1466517857142857 0.9761904761904762 0.1111607142857143 0.047619047619047734
10 0.8819243022373743 0.9785714285714286 0.12456289018903476 0.042857142857142774
10 0.6388392857142856 0.5880952380952381 0.09910714285714292 0.1523809523809524
10 0.8819196428571427 0.4369047619047619 0.12455357142857153 0.14523809523809525
40 0.8812499999999999 0.28690482418661967 0.1285714285714286 0.14047606591247483
42 0.9709821428571428 0.4357142857142857 0.050892857142857226 0.14285714285714285
2 0.04486607142857142 0.4273809523809524 0.08705357142857142 0.14047619047619045
45 0.15334821428571427 0.8738095238095238 0.12455357142857144 0.14285714285714277
45 0.7513392857142855 0.7309523809523809 0.1205357142857143 0.12857142857142861
52 0.7553571428571427 0.4357142857142857 0.11785714285714277 0.1380952380952381
52 0.2752232142857142 0.7285714285714286 0.1084821428571428 0.1428571428571429
70 0.6368303946785642 0.2904761904761905 0.11116063921429946 0.13809523809523805
70 0.8799107142857142 0.880952380952381 0.12321428571428569 0.1476190476190476
70 0.04553571428571428 0.7273809523809525 0.08839285714285713 0.14047619047619064
70 0.2779017857142857 0.4333333333333333 0.1191964285714286 0.13809523809523816
33 0.15401785714285712 0.28095238095238095 0.12321428571428573 0.1476190476190476
33 0.9714285714285714 0.7380952380952381 0.057142857142857224 0.13809523809523824
5 0.15803571428571428 0.7238095238095238 0.12321428571428569 0.13809523809523797
5 0.8792410714285714 0.7321428571428572 0.12455357142857153 0.1404761904761905
5 0.6368303571428571 0.4333333333333333 0.11116071428571424 0.13809523809523816
73 0.3890624999999999 0.4416666666666667 0.0950892857142857 0.15476190476190488
11 0.31138392857142855 0.5797619047619047 0.309375 0.1404761904761905
