81 0.22147212543554004 0.7290940766550523 0.10975609756097562 0.13414634146341456
81 0.22588196864111496 0.4547038327526133 0.11073606271776999 0.13588850174216036
81 0.22490200348432055 0.1750871080139373 0.11073606271777002 0.1445993031358885
81 0.4493140243902438 0.171602787456446 0.10681620209059232 0.13066202090592335
81 0.6805858013937283 0.17421602787456447 0.11073606271776995 0.13240418118466898
81 0.9231271721231665 0.16289203024539226 0.1293554118512263 0.1445993915012376
81 0.9241071476375844 0.7517422486440947 0.12151567944250888 0.14808356478314683
81 0.023519163763066196 0.7247386759581882 0.04703832752613239 0.1358885017421602
81 0.024499128919860624 0.4407665505226481 0.04703832752613239 0.14285714285714285
81 0.025479094076655048 0.1628919860627178 0.050958188153310095 0.13763066202090593
5 0.3351480836236933 0.3170731707317073 0.10583623693379789 0.13588850174216027
5 0.10534625594888106 0.9703832752613241 0.10877613240418117 0.059233449477352026
73 0.11073606271777002 0.30662020905923343 0.11367595818815332 0.14285714285714285
73 0.33808797909407656 0.5923344947735192 0.10779616724738669 0.12891986062717778
10 0.10583623693379789 0.8684668989547039 0.11171602787456443 0.12717770034843198
10 0.10828614982578397 0.5862369337979093 0.11465592334494774 0.13414634146341456
10 0.5625 0.31881533101045295 0.1156358885017422 0.13588850174216027
10 0.329758275261324 0.8728222996515679 0.10289634146341467 0.12891986062717764
10 0.44980400696864103 0.45383275261324046 0.10779616724738673 0.13066202090592335
81 0.2200021777003484 0.9686411149825784 0.11073606271777002 0.05574912891986059
20 0.3366180313588849 0.7290940766550523 0.11073606271777002 0.13414634146341456
20 0.9221472125435539 0.8989547038327527 0.12739547038327528 0.1463414634146342
20 0.680095818815331 0.3222996515679442 0.11171602787456443 0.14285714285714285
20 0.024009146341463415 0.5836236933797909 0.04409843205574913 0.12891986062717778
51 0.3375979965156794 0.17247386759581881 0.1068162020905923 0.132404181184669
51 0.02645905923344947 0.3048780487804878 0.04899825783972125 0.13937282229965156
51 0.2200021777003484 0.8684668989547037 0.10877613240418114 0.1341463414634147
64 0.4478440766550522 0.3144599303135889 0.10975609756097554 0.1376306620209059
64 0.7986716027874564 0.16986062717770037 0.1117160278745645 0.13414634146341464
64 0.9231271777003484 0.6054006968641116 0.11759581881533109 0.1411149825783972
64 0.10534625435540068 0.725609756097561 0.11465592334494773 0.14111498257839727
38 0.22294207317073167 0.5905923344947737 0.11073606271776999 0.13588850174216027
38 0.024499128919860624 0.8623693379790942 0.045078397212543544 0.13588850174216036
38 0.10828614982578397 0.1628919860627178 0.11269599303135887 0.1445993031358885
38 0.9231271777003481 0.3101044412513757 0.12739547038327528 0.14634164014533246
54 0.5634799651567944 0.16986062717770037 0.11171602787456443 0.13414634146341464
54 0.2239220383275261 0.3170731707317073 0.11073606271777002 0.13240418118466898
