19 0.0597778713774992 0.22212549445030239 0.1195557427549984 0.15156794425087108
81 0.3096689895470383 0.22473867595818817 0.12347560975609753 0.14634146341463417
81 0.809451219512195 0.22299651567944254 0.12543554006968635 0.14982578397212543
81 0.06614764489666297 0.5217769445740877 0.12641550522648085 0.14459930313588842
81 0.07251742160278744 0.8162020905923345 0.12739547038327526 0.14111498257839727
5 0.1871733449477352 0.37369337979094075 0.1254355400696864 0.1515679442508711
5 0.9343967770034842 0.37456445993031356 0.12445557491289193 0.1463414634146341
73 0.19305313588850176 0.6716027874564461 0.12347560975609756 0.14111498257839727
73 0.9324368466898953 0.6855400696864112 0.1303353658536585 0.14808362369337985
73 0.6796058362369337 0.3780487804878049 0.12053571428571416 0.14982578397212545
10 0.3155487804878048 0.5252613240418118 0.1254355400696864 0.1480836236933797
10 0.9343967770034842 0.5313588850174216 0.1283754355400697 0.15331010452961677
10 0.9329268292682926 0.9520905923344947 0.12739547038327514 0.08536585365853668
19 0.07349738994654262 0.9459930313588848 0.12347560975609756 0.10452961672473876
19 0.8060213414634145 0.37630662020905925 0.12249564459930298 0.14285714285714282
19 0.18423344947735187 0.2221254355400697 0.11955574912891982 0.1480836236933798
1 0.680095818815331 0.22648083623693382 0.12151567944250871 0.14982578397212543
1 0.9309668989547037 0.8379790940766552 0.13131533101045292 0.14982578397212548
1 0.06467770034843205 0.37369337979094075 0.1254355400696864 0.14111498257839725
49 0.937064454353132 0.21341448687075953 0.12195122429263602 0.15505226480836232
49 0.3121189024390244 0.37282229965156793 0.12053571428571434 0.14285714285714288
50 0.1964830139372822 0.8179442508710801 0.11661585365853659 0.13414634146341456
71 0.06859756097560975 0.6733449477351917 0.1293554006968641 0.1411149825783972
50 0.8065123159833398 0.680311261895981 0.11367595340771214 0.1445994798665864
