81 0.24989111498257835 0.5557491289198606 0.13327526132404177 0.156794425087108
81 0.8251306620209058 0.5670731707317074 0.1528745644599303 0.17944250871080145
81 0.8222006131547667 0.9189895470383275 0.14505453641406332 0.162020905923345
81 0.830030487804878 0.19860627177700352 0.15875435540069688 0.17770034843205576
81 0.020579268292682924 0.8954703832752614 0.03723867595818815 0.16376306620209063
81 0.02204921602787456 0.5557491289198606 0.040178571428571425 0.16724738675958187
10 0.10779616724738673 0.05836236933797909 0.1371951219512195 0.11672473867595819
10 0.11367595818815328 0.7195121951219512 0.1293554006968641 0.1602787456445993
10 0.6747060104529615 0.2073170731707317 0.1381750871080139 0.17073170731707316
10 0.9517639372822299 0.7595818815331009 0.09647212543554019 0.18466898954703836
10 0.9586236933797909 0.050522648083623695 0.08275261324041822 0.0975609756097561
73 0.9532338850174216 0.9303135888501742 0.09353222996515682 0.13937282229965148
73 0.6771559233449476 0.3911149825783972 0.14111498257839714 0.16202090592334495
73 0.3895361498257839 0.06184668989547038 0.1322952961672474 0.12020905923344948
5 0.9544860627177699 0.38937282229965153 0.09015679442508713 0.1655052264808363
5 0.11269599303135887 0.37717770034843207 0.13131533101045295 0.16202090592334495
5 0.6732360627177698 0.054006968641114976 0.13327526132404174 0.10104529616724739
12 0.24891114982578394 0.06097560975609756 0.12935540069686408 0.12195121951219512
12 0.8236607142857142 0.7534843205574913 0.14797473867595826 0.17595818815331016
41 0.952253919860627 0.5696864111498258 0.09549216027874578 0.16724738675958178
41 0.5316310975609756 0.06010452961672474 0.13229529616724733 0.11324041811846691
43 0.8310104529616723 0.050522648083623695 0.1469947735191637 0.0975609756097561
25 0.2543009581881533 0.3858885017421603 0.1342552264808362 0.16550522648083618
58 0.11465592334494773 0.5461672473867596 0.13131533101045298 0.15505226480836243
14 0.8266006097560975 0.38763066202090585 0.1440548780487805 0.16202090592334492
84 0.6786258710801393 0.5627177700348432 0.1283754355400697 0.16027874564459935
56 0.02204921602787456 0.36846689895470386 0.040178571428571425 0.14459930313588845
11 0.25871080139372815 0.21167247386759583 0.31162891986062713 0.1585365853658537
31 0.11512534118346453 0.8863642267060544 0.13526789785826432 0.173809855979432
14 0.023591502974460853 0.7149326691426672 0.04141476302974027 0.17380952380952383
