81 0.078397212543554 0.8144599303135888 0.11955574912891986 0.14111498257839714
81 0.06565766789544701 0.21777004957076382 0.12543553528924528 0.1533101339847331
81 0.3253484320557491 0.22386759581881535 0.13915505226480834 0.14808362369337982
81 0.8172909407665503 0.2203832458062076 0.12739547994415723 0.1515681209815693
81 0.0744773519163763 0.5235191637630662 0.13131533101045295 0.1480836236933797
5 0.19697299890590003 0.3754355400696865 0.1234756049756566 0.14808362369337988
5 0.9402765679442507 0.37543554006968644 0.11465592334494773 0.15156794425087114
73 0.20236280487804875 0.6716027874564461 0.12445557491289196 0.14459930313588856
73 0.9363567073170731 0.6837979094076655 0.12249564459930312 0.14808362369337977
73 0.6874455574912892 0.3789198606271777 0.12249564459930312 0.15156794425087103
10 0.3194686411149825 0.5252613240418118 0.11367595818815325 0.14459930313588842
10 0.9373366708803872 0.5313588555623052 0.1205357142857143 0.15331010452961671
10 0.2023628064715291 0.9407665505226481 0.11661585365853655 0.10452961672473862
10 0.9473540924831745 0.9547038327526132 0.10333188153310119 0.09059233449477347
1 0.6903854529616723 0.22473867595818817 0.12249564459930312 0.14634146341463417
1 0.07006750871080139 0.3710801393728223 0.13033536585365854 0.14634146341463417
1 0.9368466898954702 0.8222996515679444 0.12347560975609767 0.12891986062717778
81 0.5673998257839716 0.22735179855584114 0.11171602787456443 0.15156817989180202
19 0.19256315331010448 0.22299651567944254 0.1264155052264808 0.14982578397212543
19 0.8143510452961672 0.3780487804878049 0.12151567944250857 0.1428571428571429
19 0.08182709059233449 0.945993031358885 0.12249564459930312 0.10452961672473876
71 0.07594729965156793 0.6716027874564461 0.12249564459930312 0.14459930313588856
49 0.9422364966643593 0.2177699170227401 0.10877613240418114 0.15679442508710803
49 0.32191854922652746 0.3789198311720613 0.12445557491289193 0.1515679442508711
50 0.20285278745644597 0.8162020905923345 0.12543554006968638 0.13763066202090585
