81 0.5137879407440105 0.32680244339291215 0.027208947354958043 0.07045408590462568
81 0.512309193605154 0.47086527576505716 0.026617448499415417 0.06835097886269657
81 0.6143427461862468 0.4745457130884332 0.05678389013208637 0.0694025323836611
81 0.6152299944695606 0.3315344342372527 0.05619239127654382 0.07150563942559032
81 0.8476890446977892 0.3336375412791818 0.060924382120884385 0.06940253238366118
81 0.9701293077951004 0.326997728351031 0.05974138440979914 0.07084465582086348
81 0.9680590618007013 0.626164705065449 0.06388187639859709 0.07610242342568625
81 0.6137512473307042 0.616505438418649 0.05560089242100112 0.06940253238366118
81 0.5126049430329254 0.6128250010952733 0.024842951932787755 0.0683509788626965
81 0.6128639990473903 0.7379598700900561 0.057375388987628784 0.030495052107972213
5 0.5546013617764476 0.7384856468505384 0.060332883265341836 0.03154660562893682
5 0.6729011328849609 0.405143180704772 0.05796688784317155 0.0736087464675193
73 0.9071346796798171 0.4067205109862189 0.05796688784317155 0.07466029998848384
73 0.5557843594875327 0.40304007366284295 0.059149885554256654 0.07360874646751939
20 0.5131964418884679 0.5428966919511298 0.02365995422170265 0.06519631829980277
20 0.9683548112284727 0.7048359341796723 0.060924382120884385 0.07150563942559032
20 0.8462102975589328 0.4061947342257366 0.059149885554256654 0.0694025323836611
51 0.9062474313965032 0.6238663130654011 0.060924382120884246 0.07781496055137758
51 0.6137512473307042 0.6869595243232748 0.060332883265341836 0.06729942534173204
51 0.6723096340294182 0.33311176451869956 0.05796688784317155 0.07045408590462571
51 0.5134921913162392 0.40304007366284295 0.02543445078833038 0.07150563942559017
38 0.5569673571986179 0.32785399691387673 0.05796688784317155 0.06835097886269655
38 0.5111261842455014 0.6859079708023103 0.025434450788330305 0.0694025323836611
38 0.6155257438973318 0.544999798993059 0.05678389013208644 0.06729942534173211
38 0.9692420595117867 0.40304007366284295 0.060332883265341905 0.07150563942559017
64 0.9683548112284727 0.5513091201188461 0.060924382120884385 0.06940253238366097
64 0.5551928606319901 0.6165054384186491 0.05914988555425673 0.07150563942559017
64 0.9089091762464444 0.3304828791380468 0.060332883265341766 0.07150564258207148
54 0.6140469967584754 0.4046174039442898 0.055009393565458566 0.07255719294655477
54 0.8470976506793529 0.5523607020481457 0.05264360781750301 0.06729948215840881
10 0.9053601831131894 0.7006297200958141 0.06151588097642687 0.0694025323836611
10 0.5534183640653625 0.6880110778442392 0.05560089242100133 0.0672994253417319
10 0.5554886100597615 0.543422468711612 0.05974138440979928 0.06624787182076744
10 0.9068389302520459 0.55446378068174 0.060924382120884246 0.07150563942559003
11 0.8876152174469124 0.4792777039327737 0.204658604017728 0.07255719294655492
54 0.7885408773072282 0.3373179112642781 0.055009393565458566 0.07255719294655477
