81 0.6354057387659959 0.3825289987357586 0.05704302296403831 0.06842108243076084
81 0.8597978712691104 0.38619441386597786 0.053606696279457536 0.06842108243076091
81 0.9728530191918131 0.3843617063008682 0.051544900268709455 0.0696428874741673
81 0.9718221211864388 0.5260910913360157 0.052232165605625484 0.0696428874741673
81 0.9714784885179809 0.6647659637626471 0.05429396161637385 0.07086469251757364
81 0.8597978712691104 0.6604896461107245 0.05498122695329002 0.0696428874741673
81 0.8587669963778398 0.5218148162980145 0.05291943094254165 0.06842108243076084
81 0.5250996521909578 0.6629332561975374 0.04673404291029641 0.07208649756098019
81 0.5237251061077233 0.3806963124776096 0.04673404291029642 0.07208649756098012
10 0.5787063484704156 0.7252453134112661 0.059104818974786755 0.05498122695329016
10 0.9158099962277747 0.7221908008027501 0.0556684922902059 0.05131581182307073
10 0.5264741828647901 0.5199820661189836 0.04673404291029648 0.07208649756098019
10 0.5773318177965833 0.44972827612311295 0.056355757627122215 0.063533862257135
10 0.9161536288962329 0.455226398818442 0.056355757627122215 0.06719927738735443
10 0.801723950299698 0.5236474812492028 0.05154490026870931 0.06719927738735436
5 0.5773318177965833 0.5926794662016669 0.05773028830095448 0.06842108243076098
5 0.9151227308908585 0.59329036872337 0.05704302296403838 0.06964288747416723
5 0.8020676060822598 0.4552264201254026 0.054981226953289886 0.06475566730054155
40 0.9164972615646909 0.3843617063008682 0.05704302296403838 0.06719927738735443
42 0.9728530191918131 0.45548183951977 0.05429396161637385 0.06771015879001055
52 0.8584233405952783 0.45461549629673875 0.05360669627945782 0.06353386225713507
2 0.5247560195224997 0.4503391786448162 0.04742130824721251 0.06475566730054147
2 0.9711348558495229 0.7264671184546725 0.05360669627945768 0.05009400677966397
45 0.5787063484704156 0.6623223536758343 0.05773028830095456 0.06597747234394788
45 0.8580797079268203 0.590235856114854 0.05429396161637385 0.06597747234394788
70 0.8034421136419883 0.3855835113442747 0.05498122695329002 0.06719927738735443
70 0.635749371434454 0.452782788731629 0.05773028830095434 0.06719927738735443
70 0.5247560195224997 0.5914576611582605 0.04604677757338031 0.06597747234394817
70 0.9161536288962329 0.6623223536758343 0.056355757627122215 0.06597747234394788
33 0.5763009197912091 0.3800853886489456 0.05704302296403838 0.06842108243076091
33 0.5240687541855837 0.7252453134112661 0.04604677757338031 0.05009400677966425
33 0.8584233328905774 0.7240234657539382 0.05360669627945781 0.054981226953289865
33 0.9718221134817376 0.5932903048024881 0.05360669627945783 0.06719932000127567
11 0.6587727602211441 0.5236474812492028 0.17112906889211493 0.06964288747416723
