81 0.6140418443294202 0.3318379058550594 0.056825109564528235 0.07062629153349445
81 0.7271891863826846 0.3345199169259516 0.05179633880660546 0.07062629153349448
81 0.8476282460349372 0.3340729150808029 0.05833374079190534 0.06794428046260222
81 0.9698273754524627 0.32692088555842375 0.05732798664032046 0.06973228784319704
81 0.9678158671492936 0.6286471310337955 0.060345249095074396 0.07599031367527885
81 0.6132875287157318 0.6152370756793346 0.057327986640320745 0.07241429891408935
81 0.6117788974883548 0.7386095849403753 0.0573279866403206 0.027714114399219197
81 0.5119577967057277 0.6156840624093511 0.02564673086540651 0.06973228784319702
81 0.5134664291709631 0.47219648523175084 0.027658239168575776 0.07420230629468393
81 0.5132149906330669 0.32870889293901856 0.026149607941198808 0.07152029522379184
73 0.5564624191512035 0.4024641973885539 0.0583337407919052 0.06883828415289969
73 0.6721241465834292 0.5468457933715836 0.05531647833715169 0.0679442804626023
73 0.9064648639026346 0.4078282195303383 0.0583337407919052 0.0724142989140892
5 0.5531937181585537 0.7390565867855241 0.056825109564528305 0.028608118089516667
5 0.6713698309697408 0.40469920661429737 0.0538078471097748 0.07330830260438667
10 0.9049562326752578 0.5522098155133679 0.06034524909507425 0.07152029522379173
10 0.9074706180542194 0.7001674262575874 0.05732798664032046 0.07420230629468393
10 0.5534451566964498 0.6880983764385725 0.05531647833715148 0.06973228784319702
10 0.5564624191512035 0.5459517896812862 0.0583337407919052 0.06973228784319709
10 0.7211546614731772 0.4775605073735353 0.04274455144234423 0.07062629153349434
51 0.6718727080455331 0.33317891139050554 0.054813601261359396 0.06794428046260222
51 0.612030336026251 0.6867573709031265 0.056825109564528235 0.06526226939170997
51 0.5127121135572746 0.40112319185310774 0.024138099638029757 0.06794428046260222
51 0.9064648639026346 0.6259651199629033 0.06135100324665899 0.07062629153349434
64 0.968570182762982 0.5553388284294087 0.06084812617086669 0.07420230629468406
64 0.9082249336679077 0.3318379058550594 0.0578308637161129 0.06883828415289965
64 0.5544509108480342 0.616131079369632 0.05732798664032053 0.06705027677230489
38 0.5572167347648919 0.32781488924872115 0.059842372019281956 0.06794428046260222
38 0.9685701827629819 0.40425220476914875 0.06185388032245115 0.06883828415289962
38 0.6142932828673163 0.5486338007521784 0.054310724185567025 0.06436826570141264
81 0.6152990370189009 0.47398449261234576 0.05632223248873622 0.06883828415289969
38 0.51170635940569 0.6858633672128289 0.02614960794119895 0.06705027677230489
20 0.9685701827629819 0.7046374447090744 0.06285963447403574 0.07241429891408942
20 0.6721241465834293 0.6197070941308216 0.05732798664032046 0.07241429891408942
20 0.5127121135572746 0.5428227767652453 0.02614960794119888 0.06168625463052045
20 0.8458681762696643 0.408275221375487 0.056825109564528305 0.06794428046260222
54 0.6147961599431087 0.403805202924 0.05531647833715148 0.06794428046260222
11 0.8853440267193586 0.4789015129089813 0.18103574728522318 0.06794428046260215
