81 0.6821816880992749 0.5012462411442745 0.056322232488736 0.06436826570141271
81 0.5660170835912568 0.502140244834572 0.05732798664032053 0.0661562730820075
81 0.5675257148186337 0.6451808352821555 0.05833374079190513 0.06436826570141264
81 0.9167738439563764 0.5016932429894232 0.059842372019282095 0.06883828415289962
5 0.9730960764451126 0.5732135382132151 0.04978483050343655 0.06883828415289962
10 0.518998077004678 0.7158071268156502 0.03570427238125227 0.06615627308200729
10 0.9725931977339053 0.64696876708709 0.05079058465502115 0.07509630998498132
73 0.9743532691345933 0.7180421360413934 0.04928195342764426 0.056322232488736
73 0.6253565785347466 0.7122311120544603 0.057327986640320676 0.06794428046260222
5 0.6251051399968505 0.5727665363680664 0.05682510956452852 0.06615627308200743
73 0.5184951999288858 0.5727665363680664 0.03469851822966774 0.06615627308200743
49 0.9735989535209049 0.4999052356088285 0.048779076351851816 0.07062629153349441
71 0.5665199606670491 0.714466121280204 0.05330497003398229 0.06705027677230489
19 0.6240993858452658 0.5012462411442745 0.05481360126135933 0.0679442804626023
19 0.9152652127289997 0.5750015455938099 0.059842372019281956 0.07062629153349441
1 0.5657656450533608 0.5718725326777689 0.056825109564528374 0.06436826570141271
1 0.8549199636339253 0.5003522374539772 0.054813601261358966 0.06794428046260215
50 0.518746638466782 0.4990112319185311 0.03520139530546011 0.058110239869330796
