81 0.5850635528368897 0.38472105536989415 0.05500939356545878 0.06729942534173204
81 0.6983355778490076 0.38787571593278786 0.06388187639859709 0.0630932112578737
81 0.9053601831131894 0.38787571593278786 0.05441789470991594 0.06099010421594464
81 0.5815145597036343 0.646032105329588 0.055009393565458635 0.06624787182076744
81 0.9047686842576468 0.6512898729344108 0.05323489699883097 0.06624787182076744
81 0.5838805551258046 0.5166910222509468 0.05382639585437353 0.06624787182076751
10 0.9627355721008183 0.7196408517971072 0.059149885554256654 0.06624787182076744
10 0.5262094167104044 0.7164861912342135 0.054417894709916086 0.06414476477883838
10 0.528871161560346 0.5824131173112319 0.055009393565458635 0.06729942534173204
10 0.9618483238175045 0.5198456828138405 0.05619239127654367 0.06414476477883838
38 0.5285754121325746 0.3820921715674828 0.05560089242100119 0.06624787182076737
38 0.5844720539813472 0.5850420011136432 0.05382639585437353 0.05993855069498011
38 0.9032899371187904 0.453597810993073 0.055009393565458566 0.0641447647788383
64 0.8512380378310447 0.3920819300166461 0.050277402721118 0.0630932112578737
64 0.6977440848177485 0.4557009180350022 0.0662478718207673 0.06624787182076751
64 0.904177191226388 0.5871451081555725 0.054417906358483356 0.06204165773690902
64 0.526800915565947 0.6486609891319993 0.05086890157666083 0.06099010421594471
51 0.5815145597036344 0.7175377447551782 0.05146040043220324 0.06414476477883824
51 0.6397771969745771 0.3884014926932701 0.048502906154490405 0.06624787182076744
54 0.9618483238175045 0.6539187567368222 0.05619239127654367 0.06729942534173204
54 0.5844720539813473 0.4530720342325907 0.052643398143288424 0.06519631829980291
73 0.528871161560346 0.4504431504301793 0.055009393565458635 0.06624787182076744
73 0.8503507895477307 0.4557009180350022 0.05323489699883097 0.06204165773690924
73 0.6433261901078324 0.5839904475926788 0.06151588097642687 0.06414476477883824
73 0.9615525743897332 0.5871451081555725 0.0567838901320863 0.062041657736909034
20 0.9059516819687319 0.7191150750366251 0.053234896998830834 0.06309321125787364
20 0.9618483238175045 0.3841952786094119 0.0538263958543736 0.0641447647788383
5 0.6374112015524069 0.45254625747210847 0.05086890157666069 0.057835443653051044
5 0.9624398226730471 0.45412358775355527 0.05382639585437346 0.06729942534173204
11 0.8595190218086404 0.5219487898557696 0.14373422189684376 0.0641447647788383
