81 0.645220223028542 0.3834219187852193 0.06185388032245115 0.07509630998498139
81 0.8938929370078275 0.3834219187852193 0.06235675739824359 0.07330830260438667
81 0.5300613726721083 0.6829131550348475 0.05481360126135925 0.06973228784319702
81 0.5298099341342122 0.5340615406003308 0.05531647833715148 0.07599031367527885
81 0.5262897946036662 0.38297491694007063 0.04928195342764418 0.07599031367527871
5 0.9575068870955517 0.46075323799594387 0.0648711460480347 0.072414298914089
5 0.5856286848525429 0.4589652003850842 0.0623567565805367 0.07420233652494805
5 0.6200763692389276 0.4562832195444572 0.00251438537896135 0.0008940036902973958
1 0.5277984258310431 0.45941223246049817 0.05028770757922878 0.0715202952237918
1 0.8302789869201033 0.3861039298561116 0.059842372019282095 0.07330830260438653
1 0.9544896221876756 0.6896181675969458 0.06285963447403571 0.07420227606441987
10 0.6474831698696073 0.536743551671223 0.059339494943489654 0.07241429891408928
10 0.9567525714818632 0.5380845572066691 0.06637977400458184 0.08046033212676583
73 0.5878922363882213 0.6091578505853122 0.06285963447403574 0.06883828415289969
73 0.9554953787923826 0.6158628782625428 0.0648711427772048 0.06973228784319709
73 0.8305304254579994 0.46298824722168774 0.0593394949434898 0.07509630998498132
10 0.588897990539806 0.7352123709172455 0.06185388032245122 0.03129012916040878
49 0.9597698314834946 0.38297491694007013 0.06738553306241006 0.07420230629468395
49 0.6477346084075033 0.46298824722168774 0.05883661786769743 0.07330830260438667
71 0.5280498643689393 0.6087108487401636 0.053807847109774584 0.06973228784319702
71 0.7060683479728475 0.38520988837798376 0.05883662032081946 0.07509638556064185
19 0.8923843057804507 0.4620942435313903 0.06135100324665899 0.07152029522379187
19 0.5836177812439869 0.38476292432066544 0.06135100324665885 0.074202306294684
50 0.5878922363882214 0.6811251476542529 0.05883661786769757 0.0715202952237918
11 0.8551714021718182 0.5376374797858593 0.10761569421954878 0.07062629153349421
