81 0.163678255988762 0.2766393442622951 0.10604508196721309 0.1311475409836066
81 0.38037909836065564 0.2817622950819672 0.11296106557377052 0.12909836065573776
81 0.7936091188524589 0.2797131147540984 0.10489241803278687 0.12500000000000008
81 0.9791880122950818 0.2735655737704918 0.03573258196721312 0.1331967213114754
81 0.16310194672131145 0.5368852459016393 0.10719774590163933 0.13524590163934433
81 0.7930327868852458 0.8022540983606556 0.10604508196721313 0.13319672131147542
81 0.16079661885245897 0.7940573770491803 0.10489241803278686 0.125
64 0.6841060450819672 0.2827868852459016 0.095671106557377 0.12295081967213115
64 0.37865010245901637 0.4159836065573771 0.11180840163934419 0.12295081967213115
64 0.7930327868852458 0.6752049180327869 0.10604508196721313 0.12499999999999993
64 0.05129354508196721 0.7940573770491803 0.10028176229508196 0.125
38 0.055327868852459015 0.2694672131147541 0.1060450819672131 0.1331967213114754
38 0.7878457991803279 0.4108606557377049 0.10719774590163937 0.125
38 0.1613729508196721 0.6670081967213115 0.10373975409836063 0.12090163934426222
38 0.9818135245901638 0.9323770491803279 0.03637295081967224 0.11475409836065581
10 0.9065790313189146 0.9344262295081966 0.118742079031272 0.13114754098360662
10 0.054751536885245894 0.660860655737705 0.10950307377049179 0.12909836065573763
10 0.904264856557377 0.5409836065573771 0.1095030737704917 0.13524590163934427
10 0.05129354508196721 0.9334016393442623 0.09567110655737704 0.12909836065573785
81 0.9806608606557375 0.8022540983606558 0.03867827868852473 0.1290983606557377
81 0.9809170081967212 0.5399590163934426 0.036885245901639364 0.13319672131147542
51 0.2679943647540983 0.2766393442622951 0.09797643442622953 0.12704918032786885
51 0.15906762295081964 0.9282786885245902 0.11065573770491803 0.13934426229508204
51 0.9806608606557375 0.4067622950819672 0.03867827868852473 0.125
73 0.2720286885245901 0.6629098360655737 0.10604508196721313 0.12090163934426243
73 0.904264856557377 0.6741803278688525 0.1095030737704917 0.12704918032786894
73 0.6841060450819672 0.41290983606557374 0.10028176229508197 0.125
73 0.05417520491803278 0.4026639344262295 0.10835040983606556 0.125
5 0.2708760245901639 0.41290983606557374 0.09912909836065573 0.125
5 0.9031121926229507 0.4057377049180328 0.11180840163934419 0.13114754098360662
20 0.7924564549180326 0.9364754098360656 0.10258709016393439 0.12295081967213121
20 0.9031121926229508 0.27459016393442626 0.10950307377049186 0.13114754098360654
20 0.5965035860655736 0.41290983606557374 0.07492315573770497 0.125
81 0.5918929303278692 0.2817623145604193 0.08644979508196737 0.13319676026838007
11 0.6702740778688522 0.540983600406287 0.282402663934426 0.1270491926300494
10 0.6875640368852458 0.6670081967213115 0.09797643442622941 0.12499999999999993
