81 0.5649525917484426 0.5559426473153146 0.076303352364991 0.08727894224005851
81 0.7950456465545008 0.290951160032245 0.07393735694282072 0.09148515632391692
81 0.8678000057862364 0.5643550754830312 0.07275435923173575 0.09148515632391692
10 0.9467651030011691 0.5722417268902654 0.07689485122053369 0.09043360280295239
10 0.6403686958301198 0.4676121515542915 0.07216286037619306 0.09358826336584598
10 0.7169677976228822 0.290951160032245 0.07393735694282072 0.08938204928198783
5 0.6412559441134337 0.3745496649489277 0.07393735694282079 0.08833049576102311
73 0.950905594989967 0.38611675367953796 0.07807784893161866 0.09253670984488138
44 0.8704617506361781 0.382436316356162 0.0757118535094483 0.08727894224005865
44 0.9526800769958854 0.2920027135532095 0.0804438734752074 0.08096962111427113
44 0.5616993480429585 0.7189334430648219 0.07452885579836327 0.049423015485334364
86 0.5637695940373574 0.3703434508650695 0.07512035465390575 0.09043360280295232
86 0.872531996630577 0.2898996065112805 0.07512035465390611 0.09358826336584607
32 0.5628823457540436 0.6447989198368203 0.07216286037619297 0.08202117463523606
32 0.6409601946856625 0.2872707227088691 0.07097986266510795 0.07991806759330679
16 0.5643610928929 0.28516761566693993 0.07393735694282064 0.07991806759330672
16 0.6403686958301199 0.5585715311177261 0.06979686495402299 0.08202117463523571
16 0.9470608524289403 0.6637268832141824 0.08103534320933178 0.08622738871909405
11 0.8618850172308109 0.4791792402849017 0.20288410745110014 0.09779447744970426
44 0.9442845749545961 0.7270304132778859 0.07452885579836327 0.049423015485334364
