81 0.22534579918032782 0.17008196721311475 0.11180840163934419 0.13934426229508196
81 0.6800717213114753 0.17008196721311475 0.11296106557377045 0.13934426229508196
81 0.9255891393442621 0.15881147540983606 0.12679303278688522 0.1372950819672131
81 0.9215548155737704 0.7510245901639345 0.12564036885245897 0.15368852459016394
81 0.6760373975409836 0.7407786885245902 0.11641905737704918 0.14139344262295084
81 0.02420594262295082 0.7243852459016393 0.04610655737704918 0.14139344262295084
81 0.026511270491803275 0.4426229508196722 0.05071721311475409 0.14344262295081975
81 0.22476946721311472 0.4508196721311476 0.11296106557377045 0.14344262295081975
81 0.025358606557377046 0.16086065573770492 0.05071721311475409 0.1413934426229508
10 0.794761782786885 0.5983606557377048 0.11872438524590166 0.13934426229508198
10 0.794761782786885 0.8872950819672133 0.11872438524590166 0.1393442622950819
10 0.10892674180327867 0.5870901639344263 0.11411372950819672 0.13729508196721305
10 0.5636526639344263 0.3145491803278688 0.11526639344262285 0.14139344262295084
38 0.10777407786885246 0.16495901639344265 0.10719774590163937 0.14139344262295084
38 0.9209784836065573 0.3094262295081967 0.13140368852459006 0.13524590163934427
38 0.22476946721311472 0.5911885245901639 0.10835040983606553 0.12500000000000008
38 0.02478227459016393 0.8647540983606558 0.047259221311475405 0.12704918032786894
73 0.11065573770491803 0.3094262295081967 0.11757172131147542 0.13524590163934427
73 0.7959144467213113 0.3176229508196721 0.11411372950819654 0.13934426229508198
51 0.025934938524590164 0.30225409836065575 0.04956454918032786 0.13729508196721307
51 0.7959144467213113 0.7459016393442625 0.11641905737704902 0.14344262295081975
54 0.5642289959016392 0.17418032786885246 0.11411372950819676 0.14344262295081966
54 0.6760373975409836 0.5993852459016393 0.11411372950819676 0.13319672131147542
54 0.22592213114754095 0.3125 0.11065573770491799 0.13729508196721313
64 0.6754610655737704 0.887295081967213 0.11296106557377052 0.14344262295081975
64 0.9209784836065572 0.6034836065573771 0.12448770491803274 0.14139344262295084
64 0.7999487704918031 0.17315573770491802 0.11296106557377045 0.1413934426229508
64 0.10604508196721313 0.7284836065573771 0.11526639344262296 0.14139344262295084
20 0.6812243852459017 0.31864754098360654 0.11526639344262307 0.13319672131147545
20 0.02478227459016393 0.5819672131147542 0.047259221311475405 0.1352459016393442
20 0.9204021516393442 0.9077868852459017 0.12794569672131145 0.14754098360655746
11 0.7382812499999997 0.4610655676194018 0.3884477459016393 0.14344263525300016
5 0.0945184426229508 0.9672131147540983 0.08990778688524587 0.06147540983606561
