5 0.11183035714285712 0.3690476190476191 0.1352678571428571 0.15714285714285714
5 0.9502283118546963 0.3773810977052871 0.08973186599237341 0.18333379006695702
5 0.6770123649517964 0.057142483451710385 0.14062503257232561 0.10476099129465714
10 0.10848214285714285 0.055952380952380955 0.13660714285714284 0.10714285714285715
10 0.11316964285714284 0.7190476190476189 0.1325892857142857 0.17142857142857154
10 0.6723214285714286 0.7333333333333334 0.13660714285714293 0.17619047619047606
10 0.9551340710753533 0.04761834175799255 0.08973185784929152 0.0952366835159851
10 0.9508945509037966 0.7511907875997665 0.09374973942139381 0.1785714700926673
12 0.24709821428571424 0.05714285714285714 0.12991071428571427 0.11428571428571428
41 0.5343749999999999 0.05714285714285714 0.1339285714285714 0.10476190476190476
73 0.6756696428571428 0.38095238095238093 0.14062499999999992 0.16666666666666669
81 0.825 0.5619047619047619 0.14732142857142846 0.1761904761904762
81 0.829635992016618 0.1910190800080173 0.14732142857142846 0.1761904761904762
81 0.24910364133212318 0.547618798491617 0.1285713145682881 0.17619047619047612
81 0.8183035307131641 0.9119047619047619 0.14732142857142846 0.1761904761904762
14 0.8270089285714285 0.3833333333333333 0.1433035714285714 0.16666666666666663
84 0.6736607142857142 0.557142857142857 0.14196428571428568 0.16190476190476188
12 0.8256696428571427 0.7392857142857143 0.14866071428571417 0.15476190476190482
41 0.9524554752175373 0.5619135644073299 0.09508904956492349 0.176191721827632
73 0.9515641774747755 0.9238096483732384 0.09508900884951663 0.1523807032535209
58 0.11249999999999996 0.544047619047619 0.13124999999999998 0.15476190476190482
58 0.6763427139515723 0.8988157104740645 0.13124999999999998 0.15476190476190482
73 0.39173934509530595 0.06190438821361515 0.1406249999999998 0.1238087764272303
6 0.5330357061426327 0.38452385104504805 0.13125000000000006 0.169047619047619
43 0.8316967502231439 0.05714281562161856 0.1526793775936361 0.10000083042477045
11 0.31607142857142856 0.20357142857142863 0.6294642857142857 0.17380952380952386
81 0.022407278716965746 0.8832421713428681 0.04172389608951952 0.1730771660775748
14 0.023591502974460853 0.7149326691426672 0.04141476302974027 0.17380952380952383
81 0.02086194804475976 0.5453241056147231 0.04172389608951952 0.1730771660775748
56 0.02163461287992457 0.37225243135189834 0.04326922575984914 0.17307726327783646
10 0.6908653966379004 0.1948622692462078 0.13660714285714293 0.17619047619047606
