81 0.17462858606557374 0.7725409836065574 0.1417776639344262 0.14344262295081975
81 0.9826460040983604 0.4702868852459017 0.031121926229508146 0.16188524590163936
5 0.3198641850538724 0.45081967418151053 0.14177757313537606 0.15573770081730573
73 0.8887038934426229 0.4672131147540983 0.14523565573770483 0.16803278688524592
10 0.8869748975409836 0.8125 0.14177766393442626 0.17008196721311492
44 0.7400102459016392 0.4631147540983606 0.13831967213114765 0.1639344262295082
44 0.8933145491803277 0.29508196106202456 0.14754098360655749 0.17213115984316377
86 0.7423155737704917 0.29200819672131145 0.13831967213114751 0.16598360655737704
86 0.17635758196721307 0.4456967213114754 0.13831967213114751 0.165983606557377
81 0.613217213114754 0.29405737704918034 0.10373975409836049 0.15778688524590165
32 0.3204405737704918 0.28381147540983603 0.13831967213114754 0.16598360655737704
32 0.17289959016393439 0.9231557325790095 0.14754098360655735 0.14139345287476754
16 0.17578124999999997 0.2766393442622951 0.13716700819672126 0.1680327868852459
16 0.8875600764008817 0.9528688524590163 0.14755867739192766 0.09426229508196726
11 0.7751664959016389 0.6372950922190302 0.2731813524590163 0.16803276638161221
10 0.3187115778688524 0.6198770491803279 0.13947233606557374 0.16598360655737707
