81 0.25136106271777003 0.554006968641115 0.13033536585365849 0.16376306620209058
81 0.2533209962183196 0.891991777010346 0.13033536585365849 0.16376306620209058
81 0.8295414453798965 0.9181184668989547 0.13033536585365849 0.16376306620209058
81 0.8158219108760494 0.5627179173104251 0.13033536585365849 0.16376306620209058
10 0.10828615301274468 0.061846719350586776 0.14013501742160275 0.12020905923344948
10 0.11416595351439326 0.7230076938961056 0.14013501742160261 0.16027942311227533
10 0.38267684308968575 0.3885072649945981 0.11857574891555724 0.16724818204772396
10 0.951001776420105 0.7552382039725524 0.09799644715978624 0.17595913071703412
12 0.9554674086253013 0.0540068655482077 0.08819677965703891 0.1010449721609673
12 0.24695121951219512 0.0627177700348432 0.13327526132404177 0.11846689895470383
73 0.3870862313566165 0.060104500161608405 0.14111499373275976 0.11672479758619099
73 0.3870862313566165 0.060104500161608405 0.14111499373275976 0.11672479758619099
73 0.9490418381391161 0.9224809662788646 0.10191632372176704 0.15503806744227003
12 0.8261106271777002 0.745644599303136 0.1352351916376307 0.1742160278745645
5 0.11220601045296168 0.37717767089331566 0.13817508710801393 0.16550522648083618
5 0.6796067588620648 0.06010414670021191 0.14993468811131178 0.11323953446497573
5 0.9514917582017633 0.3850225320654779 0.09701648359647247 0.1777005546178705
11 0.2944795296167247 0.21602787456445996 0.36748693379790937 0.16376306620209058
25 0.2523410278745644 0.38763066202090585 0.13425522648083618 0.16202090592334492
81 0.8261115617539342 0.20644011673564278 0.15091466760942973 0.1759583943391246
10 0.6805867351732221 0.21341719674146561 0.12053568241610678 0.17944351018475796
43 0.8300304878048779 0.05139372822299651 0.13915505226480832 0.10278745644599302
6 0.25185104529616725 0.7264808362369339 0.12739547038327526 0.15679442508710806
73 0.6830357142857142 0.3885017421602787 0.11563588850174213 0.1602787456445992
14 0.8226807491289198 0.3885017421602787 0.13621515679442495 0.1602787456445992
43 0.3826756663044359 0.5522732767083262 0.11857575050903774 0.1498265792602677
58 0.11465592334494773 0.5513937282229965 0.1371951219512195 0.1655052264808363
41 0.9537238675958187 0.563588850174216 0.09255226480836243 0.1550522648083623
41 0.5289082813516973 0.06096711195502435 0.13469083507017834 0.11846628039725977
81 0.022407278716965746 0.8832421713428681 0.04172389608951952 0.1730771660775748
31 0.11512534118346453 0.8863642267060544 0.13526789785826432 0.173809855979432
14 0.023591502974460853 0.7149326691426672 0.04141476302974027 0.17380952380952383
81 0.02086194804475976 0.5453241056147231 0.04172389608951952 0.1730771660775748
56 0.02163461287992457 0.37225243135189834 0.04326922575984914 0.17307726327783646
