81 0.03883928571428571 0.2761904761904762 0.07767857142857142 0.14761904761904762
81 0.2678571428571428 0.2833333333333334 0.12053571428571423 0.14761904761904762
81 0.7466517857142856 0.2857142857142857 0.11919642857142847 0.13809523809523808
81 0.9662946428571427 0.2845238095238095 0.0575892857142857 0.14523809523809525
81 0.9656250225214242 0.5833333333333336 0.06428575932856322 0.15238095238095245
81 0.7426339285714285 0.5845238095238094 0.1191964285714286 0.1404761904761906
81 0.7486607142857141 0.8785714285714286 0.10714285714285708 0.14285714285714277
81 0.9660714285714286 0.8869047619047619 0.06785714285714292 0.15
81 0.03816964285714285 0.8797619047619049 0.0763392857142857 0.14523809523809506
10 0.14464285714285713 0.4297619047619048 0.12589285714285714 0.14523809523809525
10 0.03883928571428571 0.5785714285714286 0.07767857142857142 0.1523809523809524
10 0.8685267857142857 0.4357142857142857 0.121875 0.14285714285714285
10 0.14196428571428568 0.9761904761904762 0.12321428571428569 0.047619047619047734
10 0.8692010879516602 0.9761904761904762 0.12322360447474878 0.047619047619047734
40 0.871205357142857 0.2869047619047619 0.11919642857142847 0.14047619047619048
2 0.04084821428571428 0.42619047619047623 0.07901785714285714 0.1380952380952381
45 0.14330357142857142 0.8738095238095238 0.12589285714285714 0.14285714285714277
45 0.7412946428571427 0.7321428571428572 0.11651785714285708 0.1357142857142857
2 0.3816964285714286 0.28928571428571426 0.09910714285714285 0.14999999999999997
42 0.9649553571428571 0.4357142857142857 0.06294642857142861 0.1380952380952381
70 0.2671875 0.4333333333333333 0.11651785714285712 0.14285714285714285
70 0.03950892857142857 0.7285714285714286 0.0763392857142857 0.1476190476190476
70 0.8678571428571428 0.8797619047619049 0.12053571428571416 0.1404761904761905
70 0.6241071428571427 0.2904761904761905 0.11249999999999993 0.14285714285714285
33 0.14464285714285716 0.2833333333333334 0.1232142857142857 0.14761904761904762
33 0.9636160714285714 0.7357142857142859 0.06562500000000014 0.1428571428571429
52 0.744642857142857 0.4369047619047619 0.1151785714285714 0.14523809523809525
52 0.26785714285714285 0.7297619047619048 0.11785714285714281 0.14523809523809533
5 0.14397321428571427 0.7297619047619048 0.12187499999999994 0.13571428571428584
5 0.6227678571428571 0.4357142857142857 0.10982142857142854 0.1380952380952381
5 0.8698660714285714 0.7345238095238096 0.12455357142857139 0.14523809523809533
73 0.3790178571428571 0.4357142857142857 0.10178571428571431 0.1380952380952381
11 0.28995535714285714 0.5785714285714285 0.27991071428571423 0.1380952380952381
