10 0.10513392857142856 0.047619047619047616 0.13794642857142855 0.09523809523809523
12 0.2477678571428571 0.05238095238095238 0.13124999999999998 0.1
41 0.5383928530713167 0.050000041521238534 0.13660718357254992 0.10000008304247707
5 0.11183035714285713 0.37261904761904757 0.14330357142857142 0.16904761904761909
73 0.6857142612850414 0.37976182171942763 0.1500000162861633 0.1738096068520008
14 0.8457589204283472 0.3797618632406662 0.15669642857142846 0.1833333333333333
81 0.840401785714286 0.5595236434388553 0.15133928571428584 0.1761906422754308
81 0.2558000169735228 0.5440471830746143 0.1392856409979813 0.16428567276447578
81 0.8383928449282345 0.9238096483732384 0.1607143427158562 0.15238070325352066
25 0.25647321428571423 0.3726190476190477 0.13794642857142858 0.1595238095238095
5 0.9660714285714286 0.3785714285714286 0.06785714285714292 0.17619047619047612
84 0.6830357142857142 0.5583333333333333 0.14196428571428568 0.17380952380952394
12 0.8397321428571428 0.7523809523809524 0.15267857142857139 0.1761904761904762
58 0.10982142857142854 0.5488095238095237 0.13124999999999998 0.15476190476190482
5 0.688396362739417 0.04999939794204131 0.14732145300067265 0.09999879588408261
41 0.9620535551424086 0.5654761904761904 0.0732143020004487 0.17857142857142866
10 0.6870535714285714 0.7440476190476191 0.1339285714285714 0.1785714285714286
10 0.9622784591175221 0.7571430855096684 0.07366034784704968 0.18571441027800095
10 0.11249650661806175 0.7238091708789962 0.13392857142857134 0.16666645906047417
73 0.9611609260058295 0.9273811599871444 0.07767814798833611 0.14523768002570986
58 0.6883963749540394 0.913101590844733 0.13124999999999998 0.15476190476190482
11 0.3217554774539937 0.199825901792591 0.4270036516359958 0.17142857142857137
81 0.017771286700347784 0.8969786780797852 0.03245191205628359 0.17307716607757487
14 0.020500841630048873 0.7286691758795832 0.03523344034091632 0.17380952380952383
81 0.02008928270865676 0.5494505494505494 0.04017856541731352 0.1813192645202481
56 0.0185439515355126 0.37637338337297327 0.0370879030710252 0.18131916731998654
10 0.6870535714285713 0.19596100024465202 0.1432005554618075 0.18681333261357852
81 0.8458104430670071 0.19001161221580226 0.1621566004197276 0.19542175170711387
43 0.8485920890721067 0.04651968481890635 0.1660714546202125 0.09303936963781269
73 0.391741087714734 0.0521979024614525 0.13258938343126292 0.10036659809386206
