81 0.13191964285714286 0.43333333333333335 0.1058035714285714 0.11904761904761912
81 0.33816964285714285 0.43333333333333335 0.09776785714285711 0.1238095238095238
81 0.7412946428571427 0.4357142857142857 0.09776785714285723 0.11904761904761905
81 0.9495535714285714 0.4357142857142857 0.09642857142857139 0.11904761904761905
81 0.9502232142857142 0.6892857142857143 0.0950892857142857 0.12619047619047621
81 0.9515625 0.9404761904761904 0.0924107142857143 0.11428571428571431
81 0.7473214285714285 0.9369047619047619 0.09910714285714278 0.12142857142857139
81 0.1265625 0.9333333333333335 0.10580357142857143 0.11904761904761912
81 0.7439732142857142 0.6857142857142857 0.103125 0.1238095238095238
5 0.040178571428571425 0.5583333333333332 0.07767857142857143 0.12142857142857146
5 0.6388392857142856 0.5619047619047619 0.09910714285714292 0.1238095238095238
5 0.234375 0.8178571428571427 0.10446428571428573 0.1452380952380952
5 0.8497767857142855 0.8166666666666665 0.10848214285714292 0.12857142857142848
2 0.13124999999999998 0.5595238095238095 0.10178571428571427 0.12380952380952387
10 0.234375 0.555952380952381 0.09910714285714288 0.11666666666666671
10 0.8464285714285714 0.5595238095238095 0.10982142857142861 0.11904761904761905
10 0.13125 0.6833333333333332 0.10446428571428572 0.12380952380952373
40 0.8464285714285714 0.4369047619047619 0.10446428571428569 0.11666666666666671
70 0.6381696428571427 0.4369047619047619 0.10044642857142855 0.11666666666666671
70 0.3375 0.5571428571428573 0.09642857142857142 0.10952380952380956
70 0.12857142857142853 0.8107142857142857 0.10446428571428569 0.12619047619047621
70 0.8511160740186754 0.9416666459060469 0.10580357660877862 0.11190480342599987
33 0.2370535714285714 0.43333333333333335 0.09910714285714288 0.11904761904761912
33 0.9522321428571427 0.8214285714285714 0.09107142857142861 0.12857142857142861
45 0.038839285714285715 0.42976190476190473 0.075 0.12142857142857139
45 0.7433035714285714 0.8142857142857143 0.10178571428571431 0.1238095238095238
73 0.03749999999999999 0.8119047619047619 0.07232142857142856 0.12857142857142861
52 0.7392857142857142 0.5547619047619048 0.09642857142857139 0.11428571428571438
42 0.9495535714285714 0.5642857142857143 0.09375 0.1238095238095238
42 0.03683035714285714 0.938095238095238 0.06830357142857142 0.11428571428571431
11 0.30535710789074366 0.6821427325791417 0.16607139490008124 0.12619047619047616
