81 0.2544642857142857 0.2642857142857143 0.1205357142857143 0.14761904761904762
81 0.7252232142857141 0.27261904761904765 0.11116071428571431 0.13571428571428576
81 0.9555803571428569 0.26785714285714285 0.08437500000000014 0.14047619047619048
81 0.9529017857142855 0.5630952380952381 0.08973214285714291 0.14523809523809525
81 0.9522321428571427 0.8547619047619048 0.09107142857142861 0.1476190476190476
81 0.7319196428571425 0.8488094822882853 0.103125 0.14047627351866734
81 0.03549107142857142 0.8511904761904762 0.06830357142857142 0.1452380952380952
81 0.03616071428571428 0.2571428571428572 0.06696428571428571 0.14761904761904762
81 0.7258928571428571 0.5607142234324277 0.11785714285714272 0.1452382198018105
10 0.1325892857142857 0.40595238095238095 0.12321428571428569 0.14523809523809533
10 0.03683035714285714 0.5547619047619048 0.07366071428571427 0.1476190476190476
10 0.12991071428571427 0.9619047619047619 0.11785714285714284 0.0761904761904762
10 0.8471028736659457 0.9619047619047619 0.12188431876046323 0.0761904761904762
10 0.6133928571428571 0.5583333333333332 0.09910714285714285 0.13571428571428576
10 0.8430803571428569 0.4095238095238095 0.1138392857142857 0.14285714285714285
40 0.8484375 0.26904761904761904 0.11919642857142847 0.14285714285714288
42 0.9535714285714286 0.4154761904761905 0.08839285714285708 0.14523809523809525
2 0.034821428571428566 0.40476190476190466 0.06964285714285713 0.14285714285714285
2 0.9555803571428566 0.9666666666666666 0.08705357142857137 0.06666666666666665
45 0.1339285714285714 0.8464285714285714 0.12053571428571427 0.14047619047619037
45 0.7238839285714285 0.7035714285714286 0.11651785714285723 0.13571428571428584
52 0.7258928571428571 0.4142857142857143 0.1151785714285714 0.1380952380952381
52 0.2544642857142857 0.7035714285714286 0.10982142857142854 0.13571428571428584
70 0.2558035714285714 0.4107142857142857 0.11785714285714288 0.13571428571428576
70 0.609375 0.2702380952380953 0.11517857142857146 0.13571428571428573
70 0.8450892857142855 0.8476190476190476 0.1205357142857143 0.1476190476190476
70 0.03549107142857143 0.7023809523809524 0.07098214285714285 0.14761904761904765
33 0.13392857142857142 0.25833333333333336 0.12321428571428569 0.14523809523809522
33 0.03415178571428571 0.9642857142857143 0.06830357142857142 0.06666666666666657
33 0.73125 0.9607142857142857 0.10446428571428569 0.0738095238095238
33 0.9535714285714286 0.7095238095238094 0.08839285714285708 0.142857142857143
5 0.1339285714285714 0.7 0.12053571428571427 0.13809523809523816
5 0.8464285714285714 0.705952380952381 0.12321428571428569 0.1404761904761905
5 0.6080357142857142 0.41666666666666663 0.10982142857142847 0.1380952380952381
11 0.2953125 0.5547619047619048 0.3174107142857142 0.1476190476190476
