81 0.5757458208652385 0.45935326104378005 0.04916590487169202 0.05639100200337431
81 0.6744741298414587 0.46076303609386443 0.045200912543329676 0.05639100200337431
81 0.8675692562327005 0.4607630360938644 0.04599391100900221 0.059210552103542965
81 0.9694695590716106 0.4607630360938644 0.049958903337364545 0.059210552103542965
81 0.9714520552357918 0.5834134654512034 0.050751901803036785 0.06203010220371162
81 0.9718485544686278 0.706768782333585 0.05471689413139927 0.06062032715362733
81 0.8711377493282265 0.7018345696582895 0.045200912543329676 0.062030102203711836
81 0.8675692562327005 0.5827085779261613 0.04757990794034697 0.05780077705345867
81 0.5729703262353848 0.7011296821332473 0.048372906406019496 0.060620327153627473
42 0.524200920596529 0.7046541197584584 0.045993911009002277 0.06484965230388041
42 0.9710555560029555 0.522088250772534 0.051544900268709455 0.05780077705345874
10 0.5753493216324022 0.5812988028760769 0.049958903337364545 0.06062032715362733
10 0.6253082249697666 0.5192687006723652 0.048372906406019496 0.05780077705345874
10 0.9175281595700651 0.522088250772534 0.05075190180303707 0.05780077705345874
10 0.9214931518984273 0.7427180461107361 0.05075190180303693 0.014097750500843489
40 0.9191141565014098 0.46076303609386443 0.050751901803036785 0.05639100200337431
2 0.574952822399566 0.5199735881974074 0.04757990794034711 0.05639100200337431
45 0.5261834167607102 0.4586483735187379 0.048372906406019496 0.05780077705345867
45 0.6237222280384218 0.7011296821332474 0.04837290640601971 0.0578007770534586
45 0.8683622546983724 0.6398044051056988 0.049165904871691916 0.056391126701131354
5 0.5253904182950377 0.5199735881974074 0.048372906406019635 0.062030102203711766
5 0.8207823467580259 0.5227931382975761 0.04757990794034697 0.06203010220371169
5 0.9183211580357374 0.6433289050797888 0.047579907940347256 0.05780077705345889
5 0.6245152265040942 0.6419191300297044 0.04678690947467473 0.06062032715362754
73 0.5253904182950377 0.64050935497962 0.045200912543329676 0.05780077705345882
70 0.6748706290742948 0.5227931382975761 0.04599391100900221 0.06203010220371169
70 0.8195928490595173 0.46076303609386443 0.04678690947467473 0.05639100200337431
70 0.9199071549670822 0.7053590072835005 0.05075190180303693 0.0578007770534586
70 0.5749528223995659 0.6398044674545779 0.04916590487169195 0.053571451903205725
33 0.6249117257369303 0.45935326104378005 0.04757990794034697 0.053571451903205586
33 0.9718485544686278 0.6454435676549153 0.05471689413139927 0.056391002003374456
52 0.8687587539312092 0.5234980258226183 0.04520091254332954 0.05780077705345867
11 0.6709056367459325 0.5805939153510348 0.11260578212548794 0.05639100200337417
