81 0.587858606557377 0.08913934426229508 0.14754098360655732 0.17827868852459017
81 0.733670594262295 0.6352459016393442 0.14408299180327858 0.17213114754098358
81 0.13255635245901637 0.6127049180327869 0.1498463114754098 0.16803278688524592
10 0.8944672131147542 0.6434426229508197 0.15445696721311478 0.18032786885245897
10 0.4357069672131148 0.09016393442622951 0.14062500000000008 0.18032786885245902
10 0.2835553278688524 0.4415983606557377 0.14293032786885246 0.19057377049180324
11 0.7273309426229507 0.44979508196721313 0.417264344262295 0.19057377049180332
16 0.13716700819672129 0.08401639344262296 0.14754098360655735 0.1557377049180328
16 0.28586065573770486 0.6239754098360656 0.14523565573770492 0.15368852459016394
16 0.8892802254098359 0.826844262295082 0.15560963114754103 0.17008196721311478
73 0.8973488729508197 0.2756147540983606 0.15099897540983606 0.17827868852459017
5 0.2858606557377049 0.2581967213114754 0.14754098360655735 0.18032786885245902
86 0.1331326844262295 0.25 0.14869364754098358 0.17622950819672126
86 0.7428919057377048 0.08811475409836066 0.14408299180327874 0.1762295081967213
44 0.12794569672131145 0.9426229508196721 0.14523565573770492 0.1106557377049181
44 0.73828125 0.2725409836065574 0.14869364754098358 0.1721311475409836
44 0.8967725409836064 0.08913934426229508 0.15445696721311478 0.17418032786885246
32 0.12967469262295078 0.7879098360655737 0.14638831967213112 0.16598360655737707
32 0.28758965163934425 0.08299180327868852 0.14638831967213115 0.16598360655737704
