81 0.22539198606271774 0.17247386759581881 0.1117160278745644 0.1393728222996516
81 0.6810757839721253 0.1750871080139373 0.11563588850174206 0.13763066202090593
81 0.927047038327526 0.1628919860627178 0.12151567944250871 0.13763066202090593
81 0.2234320557491289 0.7273519163763066 0.11367595818815332 0.14111498257839714
81 0.9201872822299652 0.754355400696864 0.1254355400696865 0.1463414634146342
81 0.6796058362369337 0.7360627177700348 0.10093641114982589 0.14111498257839727
81 0.2268619337979094 0.4520905923344948 0.11465592334494773 0.14459930313588848
81 0.02596907665505226 0.4459930313588851 0.04997822299651567 0.13937282229965156
81 0.023519163763066196 0.7247386759581883 0.04703832752613239 0.13240418118466907
81 0.025969076655052263 0.16114982578397213 0.051938153310104526 0.14111498257839722
10 0.10730617988854846 0.5871080433923985 0.11857578397212544 0.1324041811846689
10 0.10534625435540068 0.8658536585365855 0.11269599303135885 0.13240418118466907
10 0.7942617595818814 0.603658536585366 0.1185757839721255 0.13414634146341464
10 0.7952417247386759 0.8902439024390244 0.1185757839721255 0.14982578397212548
11 0.7531032476954613 0.45644599303135863 0.37728653596796236 0.156794425087108
5 0.3361280487804878 0.3153310104529617 0.10975609756097562 0.13588850174216027
5 0.1058460835380421 0.9703832752613241 0.11173572108305287 0.05923344947735188
38 0.024499128919860624 0.8658536585365855 0.045078397212543544 0.13588850174216036
38 0.9231271777003482 0.3118466898954704 0.1254355400696865 0.13240418118466898
38 0.22490200348432055 0.5905923344947736 0.10289634146341463 0.11498257839721263
38 0.11122604529616723 0.1681184668989547 0.11073606271777002 0.14111498257839722
73 0.798181620209059 0.3118466898954704 0.11661585365853668 0.1289198606271777
73 0.10926611498257838 0.3118466898954704 0.11465592334494773 0.1289198606271777
20 0.9196972996515679 0.9033101045296168 0.1264155052264809 0.14111498257839714
20 0.6791158536585366 0.3153310104529617 0.11367595818815332 0.1289198606271777
64 0.7981816202090591 0.16898954703832753 0.11269599303135891 0.132404181184669
64 0.9196972996515678 0.6088850174216028 0.1205357142857143 0.1341463414634147
64 0.10583623693379789 0.725609756097561 0.11367595818815329 0.13763066202090585
51 0.33808797909407656 0.1759581881533101 0.10191637630662022 0.1289198606271777
51 0.7981816202090591 0.7447735191637631 0.12249564459930298 0.13763066202090585
51 0.22098214285714282 0.872822299651568 0.11269599303135884 0.1358885017421602
54 0.22441202090592335 0.313588850174216 0.10975609756097558 0.1289198606271777
54 0.6761759581881531 0.6010452961672474 0.11367595818815332 0.1254355400696864
54 0.5757295296167247 0.1794425087108014 0.08525696864111496 0.13937282229965156
