81 0.6145447214052124 0.3321955073311784 0.05581935541294378 0.07152029522379187
81 0.8473768074970411 0.33353651286662456 0.05581935541294385 0.06883828415289965
81 0.970330252528255 0.32861949256998885 0.05833374079190506 0.06794428046260222
81 0.9673129900735014 0.6272167251293197 0.06135100324665899 0.07509630998498132
81 0.6140418443294202 0.6147006734651562 0.05581935541294385 0.0661562730820075
81 0.5124606750193783 0.613359637699446 0.025646730865406583 0.07062629153349441
81 0.5124606750193783 0.4712130811724238 0.025646730865406583 0.07420230629468393
81 0.6150475984810048 0.47568309962391075 0.05280209295818999 0.07062629153349448
81 0.5127121135572744 0.32772548887969144 0.026149607941198808 0.06973228784319697
10 0.5552052264617227 0.5445213837768104 0.05883661786769757 0.06883828415289976
10 0.5536965952343459 0.6866679705340967 0.05481360126135925 0.07062629153349434
10 0.9049562326752577 0.5530144188346359 0.0583337407919052 0.06973228784319695
10 0.910739319046869 0.700972029578855 0.04978483050343641 0.07241429891408928
10 0.7224118541626577 0.47836511069480303 0.04324742851813667 0.07062629153349434
5 0.6713698309697409 0.405503809935565 0.05481360126135925 0.06973228784319702
5 0.5541994723101381 0.7394141882616431 0.056825109564528374 0.02950212177981399
73 0.555708103537515 0.399692785948632 0.05883661786769757 0.07062629153349441
73 0.9064648639026346 0.4046098062452677 0.0583337407919052 0.07688431736557633
73 0.6708669538939483 0.5472033948477026 0.05280209295819006 0.06705027677230489
20 0.9683187442250859 0.7018660332691524 0.06135100324665899 0.07062629153349448
20 0.6701126382802601 0.6191706919166431 0.05028770757922857 0.07509630998498146
20 0.8458681762696643 0.40505680809041633 0.05682510956452816 0.07062629153349441
20 0.5119577979435861 0.5440743819316617 0.024640976713822055 0.06436826570141257
38 0.5564624191512034 0.3290664944151376 0.05833374079190513 0.07062629153349437
38 0.968318744225085 0.4014807555413967 0.06034524909507438 0.07241437448974992
38 0.613538967253628 0.543627380086513 0.05481360126135925 0.06705027677230489
38 0.5112034823298977 0.6871149723792453 0.02413809963802983 0.06973228784319702
51 0.6115274589504588 0.6880089760695427 0.05481360126135918 0.06794428046260222
51 0.9067163024405308 0.6263227214390223 0.0588366178676975 0.06794428046260222
51 0.6713698309697408 0.33353651286662456 0.05581935541294371 0.07062629153349445
51 0.5129635520951706 0.4005867896389293 0.025646730865406583 0.07062629153349441
64 0.9678158671492936 0.5534614206797843 0.06235675739824359 0.07599031367527878
64 0.5554566649996189 0.6147006734651562 0.05933949494348994 0.0661562730820075
64 0.9072191795163229 0.33174850548602974 0.05783086371611304 0.07241429891408928
54 0.6150475984810048 0.40505680809041633 0.05581935541294378 0.06705027677230489
81 0.6125332131020432 0.7389671864164944 0.05581935541294371 0.030396125470111456
11 0.8845897111056701 0.47881203696429125 0.1956191824831994 0.07509630998498139
