81 0.22476946721311472 0.1762295081967213 0.11296106557377045 0.12704918032786885
81 0.6812243852459017 0.17725409836065573 0.11526639344262307 0.13319672131147542
81 0.925012807377048 0.1598360563471353 0.12794569672131126 0.14754101436200823
81 0.919249487704918 0.7479508196721312 0.12564036885245897 0.13934426229508204
81 0.6760373975409836 0.7397540983606558 0.11641905737704918 0.14344262295081975
81 0.02420594262295082 0.7213114754098361 0.04380122950819672 0.13934426229508204
81 0.22592213114754095 0.45184426229508207 0.11526639344262293 0.1413934426229509
81 0.02708760245901639 0.4426229508196721 0.05417520491803278 0.1393442622950819
81 0.027663934426229508 0.1670081967213115 0.05071721311475409 0.13319672131147542
10 0.7953381147540982 0.8924180327868853 0.11757172131147542 0.14139344262295084
10 0.10489241803278687 0.8698770491803279 0.11065573770491803 0.13319672131147542
10 0.10719774590163933 0.5870901639344263 0.11757172131147542 0.13729508196721305
10 0.5613473360655737 0.3145491803278688 0.11065573770491795 0.13319672131147542
10 0.7947617827868853 0.6004098360655737 0.12102971311475415 0.1434426229508197
38 0.923860143442623 0.309426228483015 0.13025102459016394 0.1352459036897076
38 0.025934938524590164 0.8657786885245902 0.04956454918032786 0.13729508196721327
38 0.22649846311475408 0.5922131147540983 0.11180840163934427 0.12704918032786885
38 0.11123206967213115 0.1639344262295082 0.11411372950819672 0.1434426229508197
54 0.5653816598360655 0.17315573770491802 0.11411372950819676 0.13319672131147542
54 0.22476946721311472 0.3114754098360656 0.11296106557377045 0.13524590163934427
54 0.6771900614754096 0.6004098360655737 0.1164190573770491 0.1352459016393442
51 0.026511270491803275 0.30225409836065575 0.05071721311475409 0.1331967213114754
51 0.34118852459016386 0.17520491803278687 0.11526639344262293 0.13729508196721313
51 0.7959144467213113 0.7459016393442623 0.1187243852459018 0.1352459016393442
64 0.6766137295081966 0.8852459016393442 0.115266393442623 0.13114754098360648
64 0.9215548155737704 0.6045081967213115 0.12564036885245897 0.15163934426229508
64 0.10719774590163933 0.7274590163934426 0.11526639344262293 0.13524590163934433
64 0.8005251024590163 0.1690573770491803 0.11180840163934419 0.14549180327868852
20 0.023629610655737706 0.5850409836065573 0.044953893442622954 0.13319672131147534
20 0.9204021516393442 0.901639344262295 0.12794569672131145 0.15163934426229503
20 0.6771900614754098 0.3165983606557377 0.11411372950819676 0.13729508196721313
5 0.1066302608271114 0.973360655737705 0.10952076755586215 0.053278688524590195
73 0.798796106557377 0.3165983606557377 0.11526639344262293 0.14549180327868855
73 0.11296106557377047 0.3114754098360656 0.11757172131147542 0.13934426229508198
11 0.7515368852459016 0.4569672131147541 0.4011270491803278 0.1434426229508196
