81 0.16944159836065573 0.7807377049180327 0.13601434426229506 0.15983606557377045
5 0.31525358606557374 0.44877049180327866 0.13255635245901637 0.15983606557377045
73 0.8869748975409835 0.46516393442622955 0.14638831967213106 0.17622950819672134
10 0.8846695696721311 0.8125 0.14638831967213123 0.17008196721311492
10 0.3129482581967213 0.6137295081967213 0.13255635245901634 0.16188524590163936
44 0.7377049180327867 0.4631147540983606 0.13831967213114738 0.1639344262295082
44 0.888129042634915 0.29508179908331683 0.14638839912130044 0.16393442622950818
86 0.7388575592674504 0.2940573801247254 0.14062504539952525 0.16188525205272955
86 0.177504695809699 0.4456968761139111 0.14062504539952525 0.16188525205272955
32 0.16656878541727532 0.9344262295081966 0.13949002985094416 0.13114754098360662
32 0.31640624999999994 0.2807377049180328 0.13486168032786885 0.15983606557377047
16 0.17347592213114751 0.27459016393442626 0.13947233606557374 0.1680327868852459
16 0.8817879098360655 0.9497950819672131 0.14984631147540994 0.09631147540983619
11 0.7665215163934426 0.6352459016393442 0.2904713114754099 0.17622950819672142
81 0.9818135245901638 0.4682377049180328 0.03637295081967224 0.16598360655737707
