81 0.25136106271777003 0.5304878048780488 0.13033536585365849 0.1655052264808362
81 0.8241506968641115 0.548780487804878 0.14699477351916385 0.17073170731707316
81 0.24695121951219512 0.8797909407665506 0.12151567944250868 0.1707317073170732
81 0.8427700348432055 0.9076655052264809 0.1195557491289199 0.17770034843205565
81 0.0195993031358885 0.8693379790940764 0.039198606271777 0.16376306620209063
81 0.021559233449477362 0.5313588850174216 0.043118466898954724 0.16376306620209052
81 0.8285605400696864 0.1785714285714286 0.14797473867595812 0.17944250871080145
10 0.11416594076655052 0.6986062717770035 0.13425522648083624 0.15331010452961671
10 0.1058362369337979 0.046167247386759584 0.13915505226480834 0.09233449477351917
10 0.9532338850174216 0.7378048780487805 0.09353222996515682 0.17247386759581887
10 0.3807164634146341 0.3641114982578397 0.1205357142857143 0.16027874564459935
10 0.6815657665505225 0.18466898954703836 0.13621515679442509 0.18118466898954708
10 0.9559560080627412 0.040069730593824376 0.08721690373514501 0.07317082007266618
73 0.9537238675958187 0.917247386759582 0.09255226480836243 0.16550522648083615
73 0.682545731707317 0.3667247386759582 0.12249564459930312 0.17247386759581881
5 0.952526132404181 0.3614982578397213 0.09015679442508699 0.17595818815331016
5 0.6771559233449476 0.04442508710801394 0.14111498257839714 0.0818815331010453
5 0.1102460801393728 0.35714285714285715 0.13621515679442506 0.1637630662020906
12 0.24695121951219498 0.04878045834976166 0.13523519163763062 0.09407671396249752
12 0.8275805749128918 0.7273519163763066 0.14405487804878037 0.17944250871080136
6 0.2503810975609756 0.7064459930313589 0.12641550522648082 0.1724738675958188
41 0.9515461672473867 0.5452961672473867 0.0921167247386758 0.17421602787456444
14 0.8251306620209058 0.3597560975609756 0.14503484320557505 0.16898954703832753
31 0.11465592334494773 0.872822299651568 0.13523519163763068 0.16724738675958192
25 0.25136106271777003 0.3614982578397213 0.1342552264808362 0.1655052264808363
58 0.11220601045296168 0.5287456445993031 0.1342552264808362 0.162020905923345
56 0.020089285714285712 0.3466898954703832 0.040178571428571425 0.14634146341463414
11 0.2729202961672474 0.18815331010452957 0.3674869337979094 0.17073170731707316
14 0.02204617230225486 0.6929542583636008 0.04141476302974027 0.17380952380952383
