81 0.253125 0.2619047619047619 0.11785714285714284 0.14285714285714282
81 0.7198660714285714 0.26785714285714285 0.1138392857142857 0.14047619047619048
81 0.9515625 0.26666666666666666 0.0924107142857143 0.14285714285714285
81 0.9488839285714284 0.555952380952381 0.09776785714285723 0.1452380952380952
81 0.95 0.8464285714285714 0.10000000000000014 0.14999999999999986
81 0.03549107142857143 0.8416666666666667 0.07098214285714285 0.1452380952380952
81 0.034821428571428566 0.25595238095238093 0.06964285714285713 0.15
81 0.7205357142857142 0.5547617801981892 0.11785714285714277 0.1476190476190476
81 0.25379464285714287 0.8369047619047617 0.11651785714285712 0.14523809523809533
10 0.8377232142857142 0.9571428571428572 0.11919642857142847 0.08571428571428569
10 0.13125 0.9571428571428571 0.12053571428571427 0.08095238095238103
10 0.03616071428571429 0.5511904761904762 0.06964285714285715 0.15000000000000008
10 0.13392857142857142 0.4023809523809524 0.12321428571428569 0.14285714285714285
10 0.8377232142857142 0.4107142857142857 0.11651785714285723 0.14047619047619045
40 0.8397321428571428 0.2654761904761904 0.11785714285714277 0.13571428571428565
42 0.9482142857142856 0.40952380952380957 0.09642857142857153 0.1380952380952381
2 0.03549107142857143 0.4035714285714285 0.07098214285714285 0.1404761904761905
2 0.3729910714285714 0.26666666666666666 0.11116071428571427 0.13809523809523808
2 0.9495535714285714 0.9619047619047619 0.09642857142857139 0.07142857142857138
45 0.13392857142857142 0.8404761904761905 0.11785714285714284 0.13809523809523797
45 0.7185267857142855 0.7 0.11116071428571431 0.13333333333333341
5 0.1359375 0.6952380952380952 0.12187499999999997 0.13809523809523797
5 0.6066964285714285 0.4154761904761905 0.09910714285714278 0.13095238095238096
5 0.8377232142857142 0.7011904761904763 0.1138392857142857 0.13571428571428584
52 0.2571428571428572 0.6928571428571427 0.11517857142857142 0.13333333333333328
52 0.7198660714285714 0.4119047619047619 0.11116071428571417 0.12857142857142853
70 0.838392857142857 0.842857142857143 0.12053571428571416 0.14285714285714277
70 0.03549107142857142 0.6988095238095238 0.06830357142857142 0.1404761904761906
70 0.2544642857142857 0.40714285714285714 0.11517857142857142 0.1428571428571429
70 0.6073660714285714 0.2642857142857143 0.10044642857142862 0.1523809523809524
81 0.7185267857142855 0.8416666666666666 0.11116071428571431 0.1357142857142857
33 0.13191964285714286 0.25476190476190474 0.121875 0.14285714285714288
33 0.033486802237374436 0.9607142857142857 0.06697360447474887 0.07857142857142861
33 0.9482142857142856 0.7011904761904763 0.09642857142857153 0.13571428571428584
73 0.37433035714285706 0.409523684960094 0.11651785714285716 0.14285714285714285
11 0.31875 0.55 0.3883928571428571 0.14285714285714285
