81 0.1665599385245901 0.2766393442622951 0.10489241803278686 0.12704918032786885
81 0.376921106557377 0.2786885245901639 0.10604508196721313 0.12295081967213115
81 0.7924564549180326 0.27868852459016397 0.10489241803278687 0.12704918032786894
81 0.9823898565573771 0.2735655737704918 0.035220286885246 0.12499999999999996
81 0.1613729508196721 0.7920081967213115 0.10373975409836063 0.12090163934426215
81 0.7913037909836065 0.7981557377049181 0.10028176229508205 0.13319672131147542
81 0.16655993852459017 0.5389344262295083 0.1095030737704918 0.13114754098360662
81 0.9812371926229508 0.8094262295081966 0.037525614754098484 0.1352459016393442
38 0.9806608606557375 0.9395491803278688 0.03867827868852473 0.11270491803278687
38 0.16367827868852458 0.6629098360655737 0.10604508196721309 0.11680327868852451
38 0.7930327868852458 0.4098360624982254 0.10835040983606552 0.12704918647895913
38 0.05705686475409836 0.2694672131147541 0.1095030737704918 0.1331967213114754
20 0.9800845286885246 0.6741803278688525 0.03983094262295097 0.13524590163934427
20 0.9059938524590163 0.2735655737704918 0.10835040983606561 0.1331967213114754
20 0.7964996255812096 0.9364754098360656 0.10836810362143595 0.12704918032786877
51 0.9806608606557375 0.4077868852459017 0.03867827868852473 0.13524590163934427
51 0.2720286885245901 0.2766393442622951 0.0991290983606557 0.11885245901639344
51 0.15906762295081964 0.9262295081967212 0.10373975409836063 0.11885245901639337
10 0.9036885245901638 0.9313524590163935 0.10835040983606561 0.13319672131147542
10 0.9019595286885245 0.5420081967213115 0.10489241803278673 0.12500000000000008
10 0.051869877049180314 0.9293032786885246 0.10373975409836063 0.14139344262295084
10 0.055327868852459 0.6629098360655737 0.10835040983606556 0.12909836065573763
54 0.9054175204918031 0.8053278688524591 0.1095030737704917 0.13524590163934433
54 0.1642546106557377 0.40881147540983603 0.10258709016393443 0.13319672131147534
64 0.3769211065573771 0.4118852459016394 0.10835040983606553 0.12295081967213115
64 0.688140368852459 0.2879098360655738 0.09912909836065581 0.11680327868852465
64 0.7941854508196721 0.6670081967213115 0.10835040983606561 0.12499999999999993
64 0.05417520491803278 0.7950819672131147 0.1060450819672131 0.12704918032786877
5 0.2702996926229508 0.40676229508196726 0.10028176229508197 0.1290983606557377
5 0.904264856557377 0.40881147540983603 0.1095030737704917 0.1290983606557377
73 0.905417520491803 0.673155737704918 0.10719774590163937 0.125
73 0.2749102802613681 0.6649590163934427 0.11411372950819676 0.11680327868852465
73 0.05648053278688523 0.4006147540983606 0.10604508196721309 0.12090163934426229
73 0.6852587090163934 0.4149590163934426 0.10489241803278702 0.12090163934426229
11 0.6558664937310442 0.5399590143430789 0.28585893055575207 0.12500001640290676
81 0.9795081967213113 0.5399590163934427 0.04098360655737721 0.12909836065573776
