81 0.5285359788755385 0.3787969396940807 0.05498122695329002 0.06597747234394788
81 0.6391856981190347 0.3830732573460033 0.052232165605625484 0.06719927738735429
81 0.8525815852314912 0.3849059649111129 0.05154490026870931 0.06353386225713492
81 0.961513141132697 0.3842950623894097 0.05223216560562562 0.0647556673005414
81 0.9604822354226215 0.5180827039889347 0.05566850769960845 0.06597749365090848
81 0.9594513451219485 0.6475940492434984 0.05360669627945782 0.06842108243076084
81 0.8501761565522848 0.6469831893357152 0.05360674250766437 0.06719923477343312
81 0.8515506872261172 0.5180827146424153 0.05498122695329016 0.06842108243076077
81 0.5295668768809128 0.6475940492434983 0.055668492290206116 0.06597747234394802
81 0.6429656574720732 0.6451504391566855 0.05704302296403838 0.06353386225713507
10 0.585235369171119 0.4472180221248415 0.05429396161637385 0.06597747234394802
10 0.5852353537617166 0.711738771408415 0.05704302296403835 0.06475570991446296
10 0.9051573835055748 0.7123497165440398 0.05360669627945782 0.06842108243076084
10 0.530254142217829 0.511973689425383 0.05704302296403831 0.06597747234394788
10 0.9055010161740327 0.4508834372550609 0.054293961616373704 0.06353386225713507
40 0.9072191949257253 0.3879605627474716 0.05223216560562562 0.062312057213728525
2 0.5285359788755385 0.4466071196031383 0.05498122695329002 0.06475566730054162
2 0.9597949777904066 0.7178478392393689 0.05429396161637399 0.06964288747416716
45 0.585235369171119 0.6451504391566855 0.05429396161637385 0.06353386225713507
45 0.8505197892207428 0.5840601869863632 0.05291943094254165 0.05864664208350931
52 0.6429656574720733 0.5779511617693309 0.058417553637870656 0.063533862257135
52 0.8512070545576591 0.4508834372550609 0.05017036959487726 0.061090252170322185
42 0.9604822431273229 0.4502725347333576 0.05291943094254151 0.06475566730054162
52 0.9931273466308389 0.6500376593303112 0.010996245390658004 0.06353386225713507
70 0.6398729634559508 0.4502725347333576 0.05360669627945768 0.06475566730054162
70 0.5295668768809128 0.5803947718561439 0.055668492290206116 0.06353386225713507
70 0.9055010161740327 0.6463722442000918 0.054293961616373704 0.06597747234394788
70 0.7982876236151174 0.3873495749979259 0.05154490026870931 0.06597747234394795
5 0.585579001839577 0.5791729668127374 0.05360669627945775 0.06353386225713514
5 0.9058446488424908 0.58344928446466 0.05223216560562562 0.05986844712691585
5 0.7979439909466595 0.4514943397767641 0.05223216560562534 0.062312057213728664
33 0.585235369171119 0.3806296472591903 0.05566849229020605 0.06719927738735429
33 0.5278487135386224 0.7141824241091496 0.05360669627945782 0.062312057213728594
33 0.961513141132697 0.5846710895080665 0.05498122695328988 0.06231205721372881
73 0.6945105577407827 0.4521052422984674 0.05291943094254165 0.06597747234394795
11 0.6773289243178796 0.514417299512196 0.18624890630426968 0.063533862257135
