81 0.24940113240418113 0.5287456445993031 0.13033536585365849 0.15505226480836234
81 0.8275805749128918 0.5479094076655052 0.14405487804878037 0.1689895470383275
81 0.8285605400696864 0.18379790940766555 0.1518945993031359 0.16898954703832758
81 0.8310104529616723 0.901567944250871 0.13719512195121936 0.18292682926829273
81 0.02155923344947735 0.5270034843205574 0.039198606271777 0.1655052264808362
81 0.02204921602787456 0.8658536585365855 0.040178571428571425 0.16027874564459935
56 0.022539198606271772 0.3554006968641115 0.04115853658536585 0.16376306620209063
10 0.11465592334494773 0.7020905923344948 0.13523519163763068 0.16724738675958187
10 0.37483667247386754 0.3693379790940767 0.10093641114982574 0.16027874564459932
10 0.10534625435540068 0.04442508710801394 0.1322952961672474 0.08885017421602788
10 0.6766659407665503 0.18728222996515684 0.14209494773519155 0.186411149825784
10 0.9512739547038328 0.7334494773519163 0.0974520905923346 0.17770034843205565
10 0.9564459930313588 0.03484320557491289 0.08231707317073159 0.0627177700348432
73 0.6756859756097561 0.36846689895470386 0.13817508710801404 0.16898954703832758
5 0.9549760452961672 0.3623693379790941 0.08917682926829272 0.18118466898954708
5 0.11416594076655052 0.362369337979094 0.1322952961672474 0.17073170731707316
5 0.6776459059233448 0.04442508710801394 0.14013501742160264 0.08536585365853659
73 0.9505662020905922 0.9128919860627178 0.08819686411149817 0.1602787456445992
41 0.9512739547038328 0.5470383275261325 0.0974520905923346 0.16376306620209063
12 0.823170731707317 0.7264808362369338 0.15091463414634163 0.17421602787456444
12 0.24744120209059228 0.04878048780487805 0.1381750871080139 0.09059233449477352
25 0.25332099303135885 0.3614982578397213 0.1342552264808362 0.1620209059233449
14 0.825620644599303 0.3658536585365853 0.14209494773519155 0.16376306620209058
84 0.6727460801393726 0.5426829268292683 0.138175087108014 0.17247386759581887
58 0.11318597560975607 0.5278745644599303 0.1322952961672474 0.14634146341463414
11 0.25724085365853655 0.18641114982578394 0.32436846689895465 0.17073170731707316
73 0.3890461672473867 0.050522648083623695 0.1371951219512195 0.10104529616724739
31 0.11367595818815329 0.8693379790940767 0.12739547038327526 0.15679442508710792
14 0.02204617230225486 0.6984488610583673 0.04141476302974027 0.17380952380952383
