81 0.05291811846689895 0.21602787456445996 0.1058362369337979 0.14634146341463417
81 0.2959494773519163 0.22996515679442509 0.12151567944250868 0.14285714285714288
81 0.7947517421602788 0.2229964567692097 0.12347560975609757 0.14982590179259078
81 0.06026785714285714 0.8214285714285714 0.11661585365853658 0.14111498257839727
81 0.05781794425087108 0.524390243902439 0.11171602787456444 0.15331010452961671
5 0.1734538327526132 0.3780487804878049 0.12543554006968638 0.14982578397212545
5 0.9236171554983044 0.37891983117206124 0.13229529616724733 0.14808362369337977
73 0.17933362369337977 0.676829268292683 0.12347560975609755 0.1411149825783972
49 0.916267420806047 0.6846691368226202 0.13327526929144395 0.1463415223248668
73 0.6658863240418117 0.3789198606271777 0.1205357142857143 0.14459930313588856
1 0.05536803135888501 0.3710801393728223 0.10877613240418117 0.14982578397212545
1 0.6658863240418117 0.23170731707317072 0.12249564459930319 0.14982578397212543
1 0.9143074912891984 0.8362369337979093 0.12543554006968635 0.14982578397212534
49 0.9260670731707316 0.21864111498257838 0.12347560975609753 0.14808362369337977
49 0.2993793554006968 0.3789198606271777 0.11857578397212545 0.14808362369337982
19 0.1695339721254355 0.22386759581881535 0.12151567944250868 0.1445993031358885
19 0.06076768632549857 0.9494773519163764 0.11761551202381942 0.10104529616724733
19 0.7913218641114981 0.38066202090592344 0.1205357142857143 0.14459930313588848
10 0.3008492983554473 0.5278745939150468 0.11955573956803772 0.1463416401453323
10 0.9216572331521172 0.531358826107189 0.13033536585365835 0.1533101634398495
50 0.18031358885017418 0.8196864111498258 0.117595818815331 0.13763066202090599
10 0.1808035714285714 0.945121951219512 0.11661585365853658 0.10278745644599312
10 0.9162772698005119 0.9547037296597061 0.12349530296458593 0.08362378174513985
71 0.41403527874564455 0.22996515679442509 0.10877613240418114 0.14982578397212543
11 0.7246842334494772 0.5331010452961672 0.24793118466898953 0.14634146341463414
71 0.05830792682926829 0.6742160278745645 0.11269599303135887 0.13937282229965156
