81 0.1352678571428571 0.425 0.09910714285714285 0.12619047619047621
81 0.33950892857142856 0.42619047619047623 0.0950892857142857 0.12380952380952387
81 0.7399555734290812 0.4297618840012854 0.09508979244201077 0.12142944337458061
81 0.9488839285714284 0.4285714285714286 0.09776785714285723 0.11904761904761905
81 0.9495535714285714 0.6797619047619048 0.09910714285714292 0.12619047619047621
81 0.9513392857142857 0.9345238095238095 0.09732142857142861 0.12619047619047621
81 0.7526785714285714 0.9333333333333332 0.08303571428571416 0.1238095238095238
81 0.7392857142857142 0.6785714285714286 0.10446428571428569 0.12857142857142861
81 0.12991071428571427 0.9261904761904762 0.10178571428571426 0.1238095238095238
5 0.04151785714285714 0.5488095238095237 0.08303571428571428 0.12619047619047627
5 0.6395089285714285 0.5547619047619048 0.09508928571428577 0.11904761904761905
10 0.23973214285714284 0.55 0.10178571428571427 0.11428571428571416
10 0.8458333333333334 0.5530864197530864 0.10555555555555557 0.11358024691358025
40 0.8456591639871383 0.4301536262951054 0.10610932475884255 0.12861736334405152
5 0.23553054662379425 0.798856734548053 0.09485530546623795 0.11718470882458021
5 0.8472668810289389 0.8045730618077885 0.10289389067524113 0.1229010360843158
70 0.84967845659164 0.9274740978921043 0.10450160771704177 0.12290103608431593
70 0.13263665594855306 0.798856734548053 0.10128617363344052 0.1229010360843158
70 0.6406752411575561 0.42729546266523755 0.0980707395498392 0.11146838156484457
70 0.34163987138263663 0.5487674169346195 0.09163987138263671 0.10861021793497677
33 0.24035369774919615 0.42443729903536975 0.09807073954983923 0.12290103608431587
33 0.9493569131832796 0.8060021436227224 0.09485530546623792 0.120042872454448
73 0.04019292604501607 0.8031439664106668 0.08038585209003214 0.12575928120731214
52 0.7387459807073955 0.5516255805644873 0.09807073954983934 0.11432654519471236
45 0.04180064308681672 0.42157913540550196 0.08038585209003216 0.11718470882458021
45 0.23713826366559487 0.9231868524473026 0.09807073954983923 0.11432654519471243
42 0.9493569131832796 0.5544837441943551 0.09163987138263664 0.11432654519471236
2 0.13585209003215434 0.5516255805644873 0.10128617363344052 0.11432654519471236
42 0.04018266634549092 0.9303358336374282 0.07395478435307754 0.12861749916593188
11 0.2909967845659164 0.6702393712040015 0.2025723472668811 0.11146838156484463
10 0.137459807073955 0.6745266166488031 0.1012861736334405 0.12004287245444814
45 0.7395498392282956 0.8045730618077885 0.10289389067524113 0.11718470882458021
