14 0.8424107183572535 0.37738076553537886 0.15803582014577233 0.18333370702447987
73 0.6830357061426325 0.37976192552252397 0.14196428571428565 0.1690477436113346
5 0.10915178571428569 0.3738095238095238 0.13794642857142855 0.17142857142857143
5 0.96183054443373 0.3761905177117149 0.07633891113253907 0.17142857142857143
12 0.2450892694281228 0.0488095238095238 0.1366071754294686 0.09761904761904759
12 0.8404053890278221 0.7512026834346033 0.15937517100471038 0.18809681590230215
41 0.5383928571428571 0.05238095238095238 0.13928571428571432 0.09523809523809523
5 0.687723214285714 0.04761898533718985 0.14330357142857134 0.09047631503990611
81 0.8390624999999998 0.5630952380952381 0.14866071428571417 0.16428571428571437
10 0.2484339089010845 0.5488092746820924 0.12991060028257403 0.16428571428571426
81 0.8377232061426316 0.9238096276126201 0.15669647742991713 0.15238074477475946
10 0.11116071428571424 0.7214285921891905 0.1392857142857142 0.16666670818790513
10 0.6843784852388566 0.740476543406718 0.1392857142857142 0.17142869599228694
10 0.9645091362200054 0.7607115453125428 0.07098172755998917 0.18333366550324157
41 0.9602678408566941 0.5654760243912365 0.0723214285714286 0.1785714285714286
58 0.10848214285714285 0.5523809523809523 0.13660714285714284 0.16190476190476188
10 0.10044636342677697 0.05355980262464038 0.13928571428571415 0.10237987282875055
11 0.3195179269960284 0.1952380952380951 0.4200459595750094 0.1761904761904761
84 0.6837053571428571 0.5607142857142857 0.1433035714285714 0.1642857142857143
31 0.1127060449579202 0.8972558784217215 0.1392857142857142 0.16666670818790513
81 0.8429258266805146 0.18946225485111015 0.15329670630233194 0.18076952237001429
43 0.8485920890721067 0.04651968481890635 0.1660714546202125 0.09303936963781269
25 0.24802541008415935 0.37582412722404535 0.13300137563012632 0.17289396729429496
56 0.0185439515355126 0.37637338337297327 0.0370879030710252 0.18131916731998654
81 0.02008928270865676 0.5494505494505494 0.04017856541731352 0.1813192645202481
81 0.017771286700347784 0.8969786780797852 0.03245191205628359 0.17307716607757487
73 0.9604223901098901 0.9258241758241758 0.07572115384615387 0.1428571428571429
58 0.6848904835899764 0.919047619047619 0.13660714285714284 0.16190476190476188
6 0.538341531500965 0.3806714591610108 0.13794642857142853 0.17014666594691183
73 0.3909682090957001 0.05292990631075942 0.14196428571428546 0.10585981262151883
10 0.6896808237274467 0.18919081008519684 0.14247940462128245 0.17399301419358765
