81 0.6463185861404313 0.1445060291069305 0.13017857142857153 0.16571428571428573
81 0.36738639980725035 0.1445060291069305 0.13481456344518966 0.16571428571428565
81 0.07918222944083364 0.13489047439108898 0.14563187815063142 0.17395618975643562
81 0.9298867644902299 0.13214317304370574 0.1379052247896011 0.17395618975643556
81 0.9302747222690967 0.4851713961824587 0.13945055546180687 0.1767034911038189
81 0.9322047604985387 0.8354523179738291 0.1332692327729839 0.17945079245120213
81 0.0760915680964217 0.8395732699949037 0.14563187815063142 0.17670349110381905
10 0.22669487672490013 0.31272945864864654 0.13712230574131754 0.16978035850171933
10 0.7876499107356736 0.48306214218641075 0.14330362843014147 0.17527496119648572
10 0.07834313219312525 0.485809443533794 0.14330362843014147 0.18076956389125218
10 0.22360421538048794 0.9624662273047955 0.14330362843014138 0.07362481134330373
87 0.6491412991712409 0.31601718460292605 0.13125 0.1642857142857143
87 0.0804596117994375 0.31052258190815935 0.14361264537764795 0.16428571428571442
11 0.4393210775076139 0.4892863460874108 0.41696249706950533 0.1785714285714284
62 0.2263290661712797 0.14274793314908035 0.1386469710088439 0.1742857142857142
62 0.7857387695098472 0.14274793314908035 0.1386469710088439 0.1742857142857142
62 0.07797732163950485 0.6619878878045233 0.1479189550420798 0.17428571428571427
82 0.3697451597121524 0.3163008192467045 0.1419642857142856 0.1648352124831821
82 0.9290178571428558 0.3080589152045546 0.14196428571428552 0.17032981517794862
82 0.22293874585258355 0.8327934725547635 0.1419642857142856 0.1648352124831821
82 0.7916204332243872 0.8272988698599968 0.1419642857142856 0.1648352124831821
5 0.22725626196972493 0.6613742824753883 0.1370398281517009 0.16538476118500756
5 0.7866659653082926 0.31796161405247664 0.1370398281517009 0.16538476118500756
73 0.7884274693106798 0.6565999676110301 0.14637365041865824 0.1654946026947667
17 0.9323660714285715 0.6610900689849819 0.13526785714285716 0.16904761904761906
62 0.9323661080724369 0.9609892053895327 0.135267783855124 0.06703238383139924
17 0.07226992058804645 0.9619195665234525 0.1445398411760929 0.07289207188920364
