62 0.12924107957165284 0.10833325029085626 0.13794642857142855 0.1595238095238095
62 0.7982183613265467 0.9178571013359023 0.10714266985198403 0.15952380952380935
62 0.2611615245223177 0.9202380952380949 0.12589278385512404 0.15952380952380948
62 0.6515656839448435 0.1309526923616699 0.129910665427226 0.1571428156216186
5 0.1292410714285714 0.5988095238095238 0.1352678571428571 0.15476190476190474
81 0.652904969659129 0.28689932262251466 0.12455350628391965 0.15476190476190466
5 0.9140672718457243 0.5964285299073331 0.1352678571428571 0.15476190476190474
81 0.2658482224287957 0.11904761904761905 0.1299107142857142 0.15714285714285714
81 0.03080336377999466 0.7619159726391643 0.06160672755998932 0.15714285714285708
81 0.2658482224287957 0.7642969665413557 0.1299107142857142 0.15714285714285714
81 0.7841549452298845 0.12619060075419178 0.1299107142857142 0.15714285714285714
81 0.7841549452298845 0.44167229279448733 0.12991071428571419 0.1642858388494301
81 0.7828156513725176 0.7500110031282099 0.12455353885624561 0.15714285714285708
81 0.03080336377999466 0.11190463734104615 0.06160672755998932 0.15714285714285708
17 0.3964285714285714 0.1238095238095238 0.12589285714285714 0.15714285714285714
17 0.26651706726395735 0.6000083042477057 0.12589285714285714 0.15714285714285714
17 0.9133960003722934 0.11428554820076016 0.12589285714285714 0.15714285714285714
17 0.780805908492945 0.6047702920520874 0.12589285714285714 0.15714285714285714
10 0.12790205443597322 0.2761908914028614 0.12991126801525213 0.1571437706101048
10 0.9127282548531259 0.2761908914028614 0.12991126801525213 0.1571437706101048
10 0.9194247241399619 0.9214281146949476 0.12991126801525213 0.1571437706101048
10 0.12790205443597322 0.9214281146949476 0.12991126801525213 0.1571437706101048
17 0.026115847493831806 0.9214285714285707 0.05223169498766361 0.15714285714285703
82 0.7808035714285714 0.27976190476190477 0.12321428571428569 0.14047619047619048
82 0.1312460506055011 0.7654846608088509 0.1312500488584886 0.15952414169371737
82 0.2665147301995838 0.2773809108597139 0.12321428571428568 0.15476215388933595
87 0.9154017857142855 0.7595238095238095 0.1325892857142857 0.1523809523809524
73 0.03013370870822965 0.27380105347686384 0.06026741741645929 0.1523809523809523
73 0.3924107224287956 0.28333333333333327 0.12321436714510031 0.1476190476190476
11 0.28704822916044337 0.4357142857142858 0.3205463988219689 0.16666666666666646
10 0.6516123305086053 0.4410283875541623 0.1339285714285714 0.16190476190476188
10 0.031421680253547975 0.4382810862067786 0.06284336050709595 0.16190476190476175
