81 0.07366071428571427 0.8404761904761904 0.14464285714285713 0.1666666666666667
5 0.7875 0.3142857142857143 0.13928571428571432 0.16666666666666663
81 0.9295020569329933 0.4837977455087672 0.14099588613401343 0.17395618975643556
82 0.9305631878150629 0.3066852645308629 0.13887362436987355 0.1730771165253319
81 0.9306594298263329 0.13351682371739737 0.13635989411739505 0.17120888840905227
62 0.7888294308542594 0.14412158382277196 0.14482829369766742 0.17153841293833078
81 0.6463185861404313 0.1445060291069305 0.13017857142857153 0.16571428571428573
87 0.6491412991712409 0.31601718460292605 0.13125 0.1642857142857143
81 0.3697043958155593 0.14725333045431385 0.13635989411739555 0.16571428571428581
82 0.3697451597121524 0.3163008192467045 0.1419642857142856 0.1648352124831821
62 0.2263290661712797 0.14274793314908035 0.1386469710088439 0.1742857142857142
81 0.07918222944083364 0.13489047439108898 0.14563187815063142 0.17395618975643562
87 0.0812322771355404 0.31189623258185095 0.1451579760498539 0.16703301563309747
10 0.07834313219312533 0.48580944353379374 0.14639428977455352 0.17527496119648572
62 0.07797732163950485 0.6619878878045233 0.1479189550420798 0.17428571428571427
17 0.07226992058804645 0.9619195665234525 0.1445398411760929 0.07289207188920364
10 0.22360421538048794 0.9624662273047955 0.14330362843014138 0.07362481134330373
82 0.22293874585258355 0.8327934725547635 0.1419642857142856 0.1648352124831821
5 0.22725626196972493 0.6613742824753883 0.1370398281517009 0.16538476118500756
11 0.4393210775076139 0.4892863460874108 0.41696249706950533 0.1785714285714284
10 0.7884225760717766 0.4844357928601024 0.1386676364135234 0.1725276598491025
73 0.7884274693106798 0.6565999676110301 0.14637365041865824 0.1654946026947667
82 0.7900751025521815 0.8272988698599968 0.14505494705869756 0.1648352124831821
81 0.9325927182774053 0.83609746739505 0.1348145634451892 0.17395618975643556
17 0.9323660714285715 0.6610900689849819 0.13526785714285716 0.16904761904761906
10 0.22669487672490013 0.31272945864864654 0.13712230574131754 0.16978035850171933
