81 0.906822680283487 0.3007734094721788 0.07216286037619313 0.0859962780551458
81 0.6161887426145336 0.29865874689705224 0.07295585884186558 0.09022560320539888
81 0.9076156792632806 0.6518136068915166 0.07216286037619313 0.0859962780551458
62 0.8346598199072939 0.30218318452226317 0.07057686344484836 0.08317672795497706
62 0.5392676999342463 0.29583908456890134 0.07612785630340145 0.09022572790315668
17 0.690334099154908 0.3007734593512818 0.07216286037619288 0.0859963778133521
17 0.9726417359613645 0.3000685593564634 0.05313088486115027 0.08740617780298843
10 0.541646886841323 0.38606480000228244 0.0761278527045554 0.08458650300506157
10 0.5400608888817372 0.7293510974786215 0.07454185474496694 0.04370230330561862
10 0.9718485608951394 0.3874745999919175 0.0563028782097195 0.08458650300506139
10 0.9722453328691484 0.7251216975097121 0.05392388127033913 0.04652190328488774
62 0.614206103524724 0.7258280814078486 0.07057686344484812 0.04511212823480633
62 0.906822727068493 0.7230084814285767 0.07057686344484808 0.05075132819334896
5 0.5412503876084869 0.5700404440382912 0.07533485423888286 0.08881582815531466
5 0.8330740121724641 0.38958604536489644 0.0705768603601227 0.08881582815531462
82 0.6185677878812846 0.38606480000228244 0.0761278527045554 0.08458650300506157
82 0.9068229170361919 0.3902941999711893 0.07216285780558822 0.08458650300506138
5 0.9714523341464159 0.5644012440797453 0.055509879744047856 0.08881582815531425
87 0.9718485608951398 0.6553365980227351 0.053130882290546674 0.0874061029843332
82 0.5416468868413233 0.6616806979760993 0.07612785270455523 0.08881590297397009
11 0.6423576919817243 0.4769952657931718 0.20935159493752692 0.09163542813458607
73 0.6923165953190888 0.3881794625774091 0.06978386497917582 0.0803571778548084
