81 0.24294639599910284 0.7988095030489043 0.14035712657097993 0.17952385104504834
5 0.10285714285714288 0.6242857142857142 0.14785714285714288 0.15714285714285708
62 0.6549107142857145 0.11714285714285716 0.13660714285714293 0.17142857142857143
62 0.09883928571428573 0.1042857142857143 0.14946428571428574 0.1742857142857143
5 0.9289285714285714 0.6242857142857142 0.1317857142857143 0.15714285714285708
81 0.24589285714285716 0.11285714285714286 0.1382142857142857 0.1742857142857143
81 0.793125 0.45714285714285713 0.12696428571428583 0.16
81 0.793125 0.11428571428571431 0.13017857142857153 0.16571428571428573
5 0.6541071428571429 0.2857142857142857 0.135 0.16
73 0.3820055025205052 0.28571428571428575 0.13401100504101 0.16
81 0.8016964611437543 0.7976192552252404 0.12053571428571429 0.17714285714285713
10 0.9308035632854899 0.2833333333333333 0.1339285714285714 0.16190476190476188
10 0.6562483225252232 0.4547648942910788 0.1339285714285714 0.16190476190476188
10 0.0984324309318031 0.27976184248004693 0.14330362843014147 0.16428575580695268
10 0.9330357142857133 0.9380955702651463 0.13392857142857117 0.12380885946970716
10 0.09575384321706867 0.9464401350935016 0.15133939157434437 0.10237991434998962
62 0.24575891635680647 0.9500000000000002 0.1352677838551241 0.09999999999999973
62 0.8055837487362768 0.9404760243912359 0.1218748452814526 0.11904795121752734
17 0.3837053571428571 0.12023813675933377 0.13526785714285716 0.16904761904761906
17 0.24575808983404016 0.6226278501216157 0.13526785714285716 0.16904761904761906
17 0.9323660714285714 0.11309515505276105 0.13526785714285716 0.16904761904761906
17 0.7948685713545739 0.6226278501216157 0.13526785714285716 0.16904761904761906
82 0.2450892857142857 0.28333333333333327 0.14196428571428568 0.16190476190476186
82 0.7921908264487685 0.28333333333333327 0.1379464041421841 0.16190476190476183
82 0.09776696140389861 0.8011995070598559 0.14196428571428568 0.1785717192200985
11 0.2731980302454702 0.4535714285714281 0.35360393950905966 0.17857142857142846
87 0.9334821428571428 0.794047619047619 0.13125 0.1642857142857143
